Car 0.00 0 -8.22 753.41 173.89 1018.78 341.31 1.56 1.64 3.69 2.92 1.58 8.64 -7.90 0.97
Car 0.00 0 -7.94 671.68 177.33 737.46 231.28 1.46 1.63 3.68 2.71 1.61 21.71 -7.81 0.97
Car 0.00 0 -7.48 104.77 178.85 431.16 374.00 1.60 1.65 4.06 -3.25 1.69 7.71 -7.88 0.95
Car 0.00 0 -8.56 943.65 152.95 1241.00 374.00 1.66 1.55 3.38 3.30 1.59 3.88 -7.86 0.84
Car 0.00 0 -7.94 626.55 171.84 658.45 201.21 1.83 1.73 3.95 2.05 1.77 47.04 -7.90 0.63
Pedestrian 0.00 0 -4.40 1204.48 127.95 1234.87 188.01 1.79 0.57 0.52 18.47 0.45 21.92 -3.70 0.52
Car 0.00 0 -7.17 0.00 197.19 72.12 268.98 1.39 1.79 4.52 -15.85 2.07 17.83 -7.90 0.26
Car 0.00 0 -8.28 1000.01 170.48 1241.00 303.85 1.42 1.55 3.98 6.76 1.39 9.77 -7.67 0.25
Pedestrian 0.00 0 -4.80 494.26 166.21 522.34 247.61 1.84 0.57 0.85 -2.42 1.69 16.78 -4.94 0.17
Car 0.00 0 -7.88 613.73 174.54 637.62 199.72 1.76 1.62 4.07 1.08 1.89 52.66 -7.86 0.16
Cyclist 0.00 0 -8.39 1207.86 125.50 1241.00 209.82 1.68 0.40 1.63 13.29 0.74 15.20 -7.67 0.15
Pedestrian 0.00 0 -5.27 1103.74 144.54 1159.94 233.03 1.73 0.60 0.76 10.43 1.18 14.52 -4.64 0.14
Pedestrian 0.00 0 -3.86 57.13 176.84 99.27 242.27 1.83 0.64 0.73 -15.27 1.95 20.67 -4.49 0.13
Pedestrian 0.00 0 -2.94 701.44 168.45 710.35 201.16 1.90 0.50 0.43 5.59 1.65 42.28 -2.81 0.11
Pedestrian 0.00 0 -4.30 0.00 173.90 7.11 241.33 1.96 0.68 0.59 -18.45 1.99 21.36 -5.01 0.11
Car 0.00 0 -4.56 137.74 189.54 279.76 290.89 1.46 1.65 4.18 -7.26 1.82 13.37 -5.06 0.10
