Car 0.00 0 -8.20 773.53 187.00 1063.74 363.04 1.44 1.59 4.23 3.10 1.65 8.37 -7.84 0.98
Car 0.00 0 -8.13 721.93 181.64 852.18 270.49 1.42 1.51 3.26 3.13 1.61 13.54 -7.90 0.96
Car 0.00 0 -8.02 653.32 171.38 715.82 221.57 1.59 1.57 3.44 2.43 1.54 24.62 -7.92 0.93
Car 0.00 0 -8.05 678.18 174.36 755.86 233.25 1.50 1.51 3.26 2.86 1.55 20.15 -7.91 0.93
Car 0.00 0 -4.56 465.31 170.81 529.86 217.60 1.54 1.67 4.10 -3.97 1.47 25.77 -4.71 0.92
Car 0.00 0 -4.40 228.34 175.24 445.54 320.99 1.54 1.57 3.72 -3.39 1.58 9.57 -4.74 0.89
Car 0.00 0 -7.98 638.80 173.48 689.47 210.45 1.46 1.62 4.15 2.19 1.49 30.72 -7.91 0.86
Car 0.00 0 -4.20 0.00 51.05 362.53 374.00 1.96 1.70 4.35 -2.88 1.64 4.14 -4.81 0.62
Car 0.00 0 -4.60 489.33 172.43 536.04 209.03 1.50 1.60 3.85 -4.24 1.49 31.58 -4.73 0.56
Car 0.00 0 -7.96 612.63 171.08 635.39 188.48 1.50 1.61 3.88 1.20 1.35 64.16 -7.94 0.54
Car 0.00 0 -4.53 509.34 170.63 550.42 198.42 1.53 1.65 4.04 -4.62 1.41 41.81 -4.64 0.36
Car 0.00 0 -7.80 634.43 168.99 665.01 195.16 1.48 1.59 3.96 2.36 1.26 42.73 -7.74 0.19
Car 0.00 0 -2.74 301.23 166.85 440.96 218.49 1.56 1.63 3.86 -7.53 1.38 22.79 -3.06 0.19
Pedestrian 0.00 0 -3.88 790.97 158.37 809.11 207.36 1.96 0.58 0.43 7.66 1.38 29.26 -3.62 0.18
Car 0.00 0 -7.95 494.54 172.16 532.37 201.49 1.46 1.61 3.70 -5.15 1.43 37.90 -8.09 0.17
Cyclist 0.00 0 -2.73 769.78 153.06 807.57 190.78 1.83 0.49 1.77 8.80 0.87 35.72 -2.49 0.14
Car 0.00 0 -5.23 651.22 169.23 696.64 190.98 1.67 1.72 4.27 5.04 1.39 57.73 -5.14 0.13
Pedestrian 0.00 0 -3.40 1011.37 142.46 1040.65 202.94 1.83 0.61 0.64 12.77 0.91 22.23 -2.88 0.12
Pedestrian 0.00 0 -8.05 889.32 155.31 910.70 199.93 1.74 0.70 0.50 11.36 1.05 28.38 -7.67 0.10
