Car 0.00 0 -4.10 0.00 177.84 322.18 374.00 1.64 1.60 3.51 -3.50 1.69 4.88 -4.72 0.87
Car 0.00 0 -4.84 645.45 181.98 676.49 207.19 1.63 1.66 3.72 3.46 2.28 49.91 -4.78 0.46
Cyclist 0.00 0 -7.28 248.49 165.68 347.69 289.70 1.79 0.57 1.75 -4.88 1.68 11.30 -7.69 0.41
Cyclist 0.00 0 -7.63 460.71 184.20 486.07 243.34 1.61 0.39 1.52 -3.96 1.95 20.73 -7.82 0.29
Pedestrian 0.00 0 -4.40 515.41 176.06 535.68 223.63 2.00 0.73 0.51 -3.62 2.13 30.62 -4.51 0.24
Car 0.00 0 -5.91 1133.69 187.95 1241.00 374.00 1.52 1.61 3.19 7.52 1.72 7.40 -5.12 0.22
Pedestrian 0.00 0 -7.89 1167.26 175.94 1190.22 229.14 1.83 0.61 0.45 19.78 1.93 25.15 -7.22 0.21
Pedestrian 0.00 0 -3.99 865.07 172.34 922.26 292.77 1.81 0.61 0.56 4.36 1.80 11.23 -3.62 0.20
Car 0.00 0 -7.92 682.27 179.24 735.36 231.69 1.59 1.53 3.04 3.16 1.82 23.82 -7.79 0.19
Cyclist 0.00 0 -7.57 788.51 177.40 821.75 238.65 1.69 0.50 1.62 5.61 1.83 20.88 -7.31 0.18
Pedestrian 0.00 0 -4.45 1132.42 159.93 1241.00 374.00 1.80 0.65 0.67 3.76 1.72 4.55 -3.76 0.16
Pedestrian 0.00 0 -2.36 500.95 177.14 525.59 226.51 1.95 0.69 0.70 -3.93 2.12 29.00 -2.49 0.12
Car 0.00 0 -7.81 1090.05 171.16 1144.95 212.71 1.55 1.65 3.49 20.19 1.48 28.71 -7.20 0.12
Pedestrian 0.00 0 -3.69 878.23 150.80 966.65 303.88 1.90 0.62 0.85 3.97 1.63 9.32 -3.29 0.11
Car 0.00 0 -6.53 598.97 187.51 647.10 208.40 1.51 1.67 3.36 0.95 2.65 54.91 -6.51 0.10
