Car 0.00 0 -6.62 802.39 172.40 940.78 220.99 1.46 1.55 3.75 8.03 1.45 22.48 -6.28 0.91
Car 0.00 0 -7.92 641.93 164.47 673.66 192.90 1.70 1.72 4.25 2.91 1.20 45.16 -7.85 0.62
Car 0.00 0 -2.72 342.61 176.37 463.65 220.53 1.48 1.62 3.77 -7.29 1.61 25.42 -3.00 0.21
Pedestrian 0.00 0 -5.74 1193.47 153.61 1241.00 347.69 1.78 0.64 0.82 6.36 1.60 7.10 -5.01 0.21
Car 0.00 0 -5.47 985.16 178.49 1241.00 374.00 1.54 1.70 4.50 5.21 1.60 6.07 -4.76 0.20
Cyclist 0.00 0 -3.53 1132.92 155.39 1241.00 304.33 1.75 0.53 1.72 7.57 1.54 8.99 -2.83 0.17
Pedestrian 0.00 0 -5.50 482.89 166.71 508.15 211.95 1.78 0.64 0.77 -4.63 1.54 28.90 -5.66 0.14
Pedestrian 0.00 0 -7.80 521.39 167.03 532.46 197.10 1.77 0.62 0.62 -4.95 1.42 42.68 -7.92 0.12
Cyclist 0.00 0 -6.78 998.09 167.04 1075.42 231.17 1.71 0.65 1.70 11.52 1.56 19.59 -6.25 0.11
Pedestrian 0.00 0 -5.71 1134.92 154.36 1241.00 316.03 1.72 0.65 0.83 6.54 1.52 8.16 -5.04 0.11
Pedestrian 0.00 0 -3.48 1033.72 146.35 1144.45 301.01 1.84 0.67 0.99 5.92 1.53 9.04 -2.90 0.11
Pedestrian 0.00 0 -4.10 935.80 166.85 966.02 218.12 1.65 0.64 0.65 11.15 1.46 23.70 -3.66 0.10
Cyclist 0.00 0 -8.01 724.42 168.97 739.41 207.12 1.63 0.41 1.56 5.28 1.46 31.53 -7.84 0.10
