Car 0.00 0 -4.79 951.92 182.37 996.62 215.50 1.49 1.64 4.45 18.19 2.00 36.25 -4.33 0.48
Car 0.00 0 -7.85 538.79 174.90 558.32 192.90 1.48 1.62 3.89 -5.30 1.67 61.98 -7.94 0.44
Car 0.00 0 -2.40 0.00 174.21 63.52 225.82 1.63 1.71 4.33 -20.86 1.68 23.79 -3.12 0.20
Car 0.00 0 -5.99 155.48 179.99 228.23 201.97 1.43 1.61 3.99 -28.46 1.93 49.16 -6.52 0.19
Car 0.00 0 -6.86 44.32 183.85 264.85 259.24 1.46 1.63 4.12 -10.43 1.75 16.81 -7.41 0.19
Pedestrian 0.00 0 -3.52 949.74 161.11 989.47 224.89 1.74 0.54 0.84 9.89 1.42 19.96 -3.06 0.14
Cyclist 0.00 0 -4.31 27.48 172.13 287.99 374.00 1.80 0.59 1.70 -2.40 1.80 3.99 -4.85 0.14
Pedestrian 0.00 0 -3.87 834.12 163.50 857.51 210.14 1.93 0.64 0.68 9.84 1.54 30.25 -3.56 0.11
Pedestrian 0.00 0 -3.79 767.81 163.97 786.78 199.83 2.04 0.62 0.87 9.60 1.54 41.57 -3.56 0.11
Cyclist 0.00 0 -2.25 222.02 173.59 250.12 203.70 1.76 0.61 1.60 -22.21 1.80 42.80 -2.73 0.10
Cyclist 0.00 0 -8.30 1179.82 158.03 1237.55 226.55 1.65 0.45 1.64 15.02 1.29 18.19 -7.61 0.10
Pedestrian 0.00 0 -4.54 1064.23 166.13 1087.82 214.87 1.71 0.59 0.73 16.60 1.47 25.77 -3.97 0.10
