Car 0.00 0 -7.83 498.89 176.39 545.75 223.29 1.68 1.70 4.42 -3.44 1.83 28.51 -7.95 0.94
Car 0.00 0 -8.06 669.60 180.08 789.18 265.96 1.46 1.58 3.96 2.21 1.63 14.64 -7.91 0.94
Car 0.00 0 -8.05 635.64 178.57 698.69 223.44 1.53 1.60 3.97 2.03 1.76 27.20 -7.98 0.94
Car 0.00 0 -2.63 148.21 188.89 329.67 248.32 1.39 1.62 3.77 -9.34 1.82 18.24 -3.10 0.91
Car 0.00 0 -7.39 0.00 196.62 357.93 374.00 1.47 1.59 4.03 -3.45 1.73 5.80 -7.93 0.87
Pedestrian 0.00 0 -7.68 0.00 173.55 48.56 374.00 1.77 0.68 0.72 -4.77 1.77 5.44 -8.40 0.66
Car 0.00 0 -7.91 622.38 173.14 653.49 203.99 1.79 1.67 3.81 1.62 1.81 43.87 -7.87 0.50
Pedestrian 0.00 0 -7.68 512.05 172.87 528.86 216.01 1.89 0.64 0.63 -4.00 1.89 31.97 -7.81 0.41
Car 0.00 0 -7.99 625.44 179.25 671.97 215.37 1.54 1.63 3.73 1.69 1.85 33.33 -7.94 0.34
Car 0.00 0 -7.94 525.85 181.22 558.94 208.81 1.49 1.59 3.64 -4.01 2.00 42.03 -8.04 0.33
Car 0.00 0 -2.80 343.87 183.88 460.42 223.85 1.51 1.67 4.13 -8.24 1.96 28.66 -3.08 0.25
Pedestrian 0.00 0 -3.26 616.94 175.48 625.01 200.02 1.79 0.68 0.52 0.78 1.98 53.04 -3.24 0.24
Cyclist 0.00 0 -7.93 613.88 176.49 619.44 196.54 1.61 0.34 1.53 0.52 1.91 58.89 -7.92 0.23
Car 0.00 0 -7.12 0.00 199.30 47.10 374.00 1.49 1.66 4.14 -6.49 1.77 5.41 -8.00 0.22
Pedestrian 0.00 0 -5.47 1129.15 135.67 1230.42 295.19 1.86 0.65 0.72 6.89 1.43 8.82 -4.81 0.22
Pedestrian 0.00 0 -6.25 482.58 178.94 499.53 211.36 1.73 0.51 0.89 -6.45 2.06 38.93 -6.42 0.21
Pedestrian 0.00 0 -7.13 132.83 171.79 230.06 341.80 1.74 0.65 0.62 -4.64 1.73 7.75 -7.67 0.20
Car 0.00 0 -4.77 349.84 178.99 371.84 196.91 1.53 1.63 4.17 -22.65 2.11 65.47 -5.11 0.18
Pedestrian 0.00 0 -5.40 246.81 159.75 264.86 200.31 1.86 0.56 0.50 -16.45 1.26 33.43 -5.86 0.11
Pedestrian 0.00 0 -5.51 334.74 167.87 347.46 193.34 1.89 0.52 0.74 -20.17 1.52 54.05 -5.86 0.11
Pedestrian 0.00 0 -3.81 157.35 184.06 190.76 242.28 1.65 0.63 0.56 -12.69 1.98 20.93 -4.36 0.11
Car 0.00 0 -4.44 424.13 169.74 459.21 190.78 1.57 1.65 3.86 -12.96 1.33 55.65 -4.67 0.10
