Car 0.00 0 -3.09 103.54 190.17 326.67 273.57 1.47 1.71 3.87 -8.09 1.87 15.02 -3.59 0.93
Car 0.00 0 -4.59 425.10 185.26 494.80 239.18 1.47 1.66 4.20 -4.68 1.90 22.77 -4.80 0.93
Car 0.00 0 -7.96 451.93 177.50 481.02 200.61 1.58 1.66 4.00 -10.48 1.93 52.36 -8.15 0.65
Pedestrian 0.00 0 -5.91 418.25 174.85 442.29 224.47 1.85 0.62 0.71 -6.83 1.93 27.26 -6.15 0.21
Pedestrian 0.00 0 -5.72 334.16 171.36 354.06 203.33 1.93 0.64 0.94 -16.23 1.84 43.95 -6.08 0.20
Pedestrian 0.00 0 -3.17 746.79 169.17 770.07 232.03 1.75 0.53 0.63 4.13 1.64 20.35 -2.97 0.20
Car 0.00 0 -7.85 242.13 179.29 271.90 206.37 1.52 1.55 3.83 -21.34 1.93 43.58 -8.30 0.18
Pedestrian 0.00 0 -4.49 275.16 180.17 301.50 234.40 1.78 0.68 0.64 -10.82 2.03 24.19 -4.91 0.17
Cyclist 0.00 0 -7.53 134.85 158.34 166.94 203.67 1.67 0.48 1.81 -17.51 1.13 27.48 -8.10 0.15
Pedestrian 0.00 0 -3.70 341.37 170.37 361.87 219.18 2.06 0.63 0.58 -11.10 1.96 30.87 -4.05 0.13
Car 0.00 0 -5.10 422.33 173.33 459.76 192.35 1.54 1.62 4.14 -14.22 1.58 60.47 -5.33 0.13
Pedestrian 0.00 0 -5.04 722.67 163.80 755.55 232.98 1.84 0.61 0.93 3.47 1.60 19.71 -4.87 0.12
Car 0.00 0 -5.14 721.53 180.96 797.24 220.44 1.45 1.56 3.84 5.96 1.81 29.42 -4.94 0.11
Pedestrian 0.00 0 -7.86 135.54 181.00 166.74 257.91 1.80 0.63 0.58 -11.10 2.00 17.37 -8.43 0.11
