Pedestrian 0.00 0 -3.49 657.16 155.34 751.35 310.87 1.79 0.65 0.96 1.14 1.50 8.54 -3.36 0.68
Car 0.00 0 -8.88 1103.22 189.51 1223.00 369.00 1.50 1.55 3.03 5.00 1.57 4.35 -8.02 0.35
Pedestrian 0.00 0 -8.13 838.35 168.95 870.72 234.00 1.60 0.60 0.70 6.24 1.32 17.80 -7.79 0.19
Pedestrian 0.00 0 -5.18 983.73 229.21 1079.42 369.00 1.18 0.36 0.65 3.16 1.57 5.36 -4.64 0.18
Pedestrian 0.00 0 -3.46 1207.32 143.37 1223.00 264.55 1.81 0.47 0.88 9.92 1.26 10.94 -2.72 0.18
Car 0.00 0 -6.27 652.34 140.58 718.88 168.36 1.51 1.61 3.69 4.58 -0.71 40.24 -6.15 0.14
Pedestrian 0.00 0 -4.49 60.97 178.30 92.78 234.78 1.60 0.58 0.77 -15.31 1.54 20.46 -5.13 0.13
Cyclist 0.00 0 -7.68 497.86 165.06 549.56 265.74 1.72 0.63 1.85 -1.51 1.46 13.00 -7.79 0.13
Pedestrian 0.00 0 -4.68 899.66 160.56 942.07 266.62 1.71 0.63 0.72 5.26 1.39 11.86 -4.26 0.12
Pedestrian 0.00 0 -7.98 608.69 164.25 638.60 235.36 1.74 0.66 0.76 0.42 1.34 17.71 -7.96 0.12
Pedestrian 0.00 0 -7.93 262.18 162.97 301.49 257.86 1.77 0.62 0.95 -6.33 1.44 13.73 -8.36 0.11
Pedestrian 0.00 0 -3.90 1169.27 166.06 1223.00 262.20 1.59 0.60 0.74 10.13 1.35 11.97 -3.20 0.11
Pedestrian 0.00 0 -4.42 14.00 168.41 72.99 257.28 1.74 0.71 0.90 -11.44 1.50 14.37 -5.09 0.11
