Car 0.00 0 -6.38 655.81 183.06 739.07 212.86 1.41 1.58 3.93 4.21 1.92 35.46 -6.26 0.91
Car 0.00 0 -4.68 651.52 179.28 673.57 198.83 1.50 1.68 4.17 4.29 2.04 58.81 -4.61 0.31
Car 0.00 0 -7.67 495.96 185.63 554.24 228.05 1.43 1.55 3.59 -3.19 1.95 27.36 -7.78 0.25
Car 0.00 0 -3.93 0.00 192.04 201.14 281.45 1.48 1.46 3.63 -10.36 1.93 14.71 -4.54 0.19
Cyclist 0.00 0 -7.22 473.24 178.57 498.62 208.76 1.70 0.48 1.81 -7.23 2.04 41.89 -7.40 0.18
Cyclist 0.00 0 -5.02 717.92 176.06 742.55 216.18 1.75 0.65 1.52 5.33 1.89 32.32 -4.86 0.17
Car 0.00 0 -8.09 1171.55 147.21 1225.69 176.86 1.83 1.74 4.37 38.07 0.25 46.81 -7.41 0.15
Pedestrian 0.00 0 -4.59 1011.61 172.98 1031.23 216.53 1.74 0.62 0.59 16.59 1.74 29.17 -4.07 0.14
Cyclist 0.00 0 -3.09 622.01 172.24 672.30 229.15 1.84 0.70 1.62 1.19 1.82 23.79 -3.04 0.13
Pedestrian 0.00 0 -4.08 1039.75 144.93 1059.18 174.44 1.76 0.62 0.85 26.42 0.09 43.43 -3.53 0.13
Car 0.00 0 -6.45 1043.92 153.99 1122.76 179.13 1.61 1.66 4.15 31.32 0.40 47.92 -5.87 0.13
Pedestrian 0.00 0 -3.52 917.51 164.23 933.22 218.20 1.93 0.52 0.35 11.32 1.62 26.01 -3.11 0.10
