Cyclist 0.00 0 -8.24 791.34 164.25 844.11 237.15 1.83 0.61 2.06 5.42 1.61 19.12 -7.96 0.92
Car 0.00 0 -8.75 1201.20 165.47 1241.00 340.90 1.51 1.67 4.56 9.69 1.44 8.51 -7.90 0.43
Car 0.00 0 -7.92 594.63 178.08 644.63 219.53 1.40 1.58 3.98 0.25 1.61 26.93 -7.91 0.41
Pedestrian 0.00 0 -2.57 409.16 183.10 453.21 287.98 1.50 0.41 0.49 -2.68 1.65 10.61 -2.82 0.39
Car 0.00 0 -7.85 535.44 174.81 553.79 192.15 1.50 1.60 4.09 -5.91 1.68 65.04 -7.94 0.26
Pedestrian 0.00 0 -5.51 707.58 166.55 742.53 229.68 1.81 0.65 0.78 3.32 1.63 21.14 -5.35 0.26
Pedestrian 0.00 0 -4.50 448.37 198.38 555.92 374.00 1.60 0.56 0.54 -0.71 1.77 4.48 -4.66 0.25
Cyclist 0.00 0 -4.96 798.59 168.73 819.83 208.86 1.67 0.48 1.69 8.48 1.50 30.92 -4.69 0.16
Car 0.00 0 -7.64 470.54 164.85 542.21 215.15 1.83 1.85 4.74 -4.05 1.54 28.70 -7.78 0.14
Car 0.00 0 -4.07 465.01 174.48 536.71 206.82 1.49 1.53 3.79 -5.35 1.58 35.55 -4.22 0.13
Car 0.00 0 -6.09 0.00 178.10 46.01 232.91 1.42 1.60 3.86 -18.76 1.58 20.67 -6.83 0.12
Car 0.00 0 -7.92 580.74 178.99 639.15 231.13 1.47 1.57 3.60 -0.12 1.68 22.59 -7.93 0.12
Pedestrian 0.00 0 -4.78 473.71 165.86 491.41 210.83 1.80 0.65 0.85 -5.23 1.52 29.36 -4.96 0.11
Cyclist 0.00 0 -3.93 720.58 172.81 793.52 250.06 1.62 0.59 1.64 3.19 1.62 15.84 -3.73 0.10
