Car 0.00 0 -7.99 665.99 184.26 728.40 230.23 1.40 1.64 3.64 2.87 1.82 24.74 -7.87 0.98
Car 0.00 0 -2.38 0.00 186.19 165.63 374.00 1.56 1.70 3.85 -6.42 1.69 6.35 -3.17 0.96
Car 0.00 0 -8.26 780.71 197.86 1112.85 374.00 1.43 1.59 3.58 2.92 1.74 7.24 -7.88 0.96
Car 0.00 0 -8.10 715.33 186.26 865.02 289.37 1.47 1.62 3.75 2.92 1.74 12.65 -7.87 0.95
Car 0.00 0 -2.70 217.95 180.48 422.07 258.79 1.57 1.59 3.76 -6.20 1.74 15.54 -3.08 0.93
Car 0.00 0 -5.88 334.67 181.27 484.83 232.36 1.55 1.70 4.37 -6.48 1.84 23.38 -6.15 0.92
Car 0.00 0 -7.94 647.67 178.41 687.59 213.88 1.63 1.62 3.76 2.75 1.92 35.60 -7.87 0.92
Car 0.00 0 -5.66 0.00 166.76 307.99 325.02 1.71 1.70 4.54 -6.30 1.64 8.65 -6.29 0.87
Car 0.00 0 -2.61 0.00 173.19 318.93 293.85 1.67 1.66 3.85 -6.70 1.68 10.88 -3.16 0.86
Car 0.00 0 -2.88 388.82 173.69 507.67 222.26 1.83 1.76 4.22 -6.30 1.87 28.19 -3.10 0.83
Car 0.00 0 -5.64 132.11 187.24 390.31 279.90 1.49 1.58 4.11 -6.33 1.77 13.12 -6.09 0.72
Car 0.00 0 -7.99 635.04 178.93 665.29 202.81 1.59 1.62 3.76 2.77 2.03 50.92 -7.94 0.68
Car 0.00 0 -3.14 438.81 181.72 527.85 214.04 1.52 1.67 4.24 -6.28 1.97 35.70 -3.31 0.52
Car 0.00 0 -6.16 433.30 182.11 521.97 215.78 1.48 1.58 3.84 -6.07 1.92 33.16 -6.34 0.44
Cyclist 0.00 0 -6.50 353.66 171.13 387.43 205.89 1.86 0.67 1.64 -13.08 1.77 39.30 -6.82 0.33
Cyclist 0.00 0 -3.24 527.61 176.77 556.85 207.52 1.86 0.60 1.73 -4.18 2.10 44.13 -3.34 0.31
Pedestrian 0.00 0 -8.33 1039.41 156.65 1098.64 265.48 1.90 0.67 0.67 8.19 1.62 12.98 -7.76 0.28
Car 0.00 0 -4.89 539.08 180.21 566.53 199.08 1.50 1.59 4.33 -4.92 2.14 61.26 -4.97 0.23
Car 0.00 0 -2.44 473.86 181.64 534.22 207.39 1.52 1.58 3.58 -6.71 2.10 45.40 -2.59 0.20
Car 0.00 0 -4.67 641.88 180.90 673.25 210.26 1.57 1.64 4.07 2.76 2.05 41.73 -4.60 0.20
Pedestrian 0.00 0 -7.95 894.77 166.32 912.36 204.95 1.86 0.73 0.65 14.26 1.55 35.14 -7.57 0.20
Pedestrian 0.00 0 -4.91 1238.54 158.35 1241.00 215.73 1.91 0.65 0.38 21.60 1.43 24.31 -4.18 0.16
Car 0.00 0 -2.59 413.69 183.21 512.29 220.14 1.47 1.58 3.89 -6.33 1.93 30.91 -2.79 0.16
Pedestrian 0.00 0 -5.84 151.31 142.58 167.05 185.69 1.78 0.50 0.38 -18.78 0.53 29.99 -6.40 0.16
Pedestrian 0.00 0 -8.00 163.13 143.79 183.53 189.98 1.79 0.61 0.61 -17.24 0.66 28.41 -8.54 0.15
Car 0.00 0 -3.91 1211.60 176.37 1241.00 211.80 1.51 1.65 3.80 29.08 1.67 31.84 -3.17 0.15
Car 0.00 0 -6.30 699.95 175.30 759.18 195.56 1.53 1.67 4.47 9.24 1.73 56.06 -6.14 0.15
Pedestrian 0.00 0 -6.26 1168.84 160.41 1233.41 248.71 1.83 0.55 1.06 12.66 1.58 15.53 -5.58 0.15
Car 0.00 0 -3.68 1016.71 175.09 1108.82 206.68 1.49 1.55 3.46 21.77 1.60 34.84 -3.12 0.14
Cyclist 0.00 0 -6.66 936.03 170.00 981.22 210.60 1.80 0.69 1.69 15.62 1.68 32.43 -6.21 0.14
Car 0.00 0 -4.37 760.48 166.83 799.96 188.64 1.56 1.63 3.98 12.67 1.13 53.65 -4.14 0.13
Car 0.00 0 -2.57 255.36 180.51 435.52 244.75 1.53 1.66 4.15 -6.87 1.74 18.72 -2.92 0.13
