Car 0.00 0 -8.06 672.00 177.79 781.39 259.75 1.63 1.65 4.03 2.50 1.76 16.70 -7.91 0.97
Car 0.00 0 -7.99 605.03 177.53 632.78 200.01 1.61 1.63 3.47 0.61 1.97 54.21 -7.98 0.70
Car 0.00 0 -2.89 336.50 189.50 476.21 236.41 1.42 1.55 4.07 -6.52 1.97 23.23 -3.16 0.55
Car 0.00 0 -2.83 278.10 175.75 433.08 240.44 1.76 1.63 3.86 -7.23 1.85 20.62 -3.17 0.55
Car 0.00 0 -7.64 252.81 182.30 412.10 303.27 1.56 1.60 3.59 -4.25 1.73 11.46 -8.00 0.53
Car 0.00 0 -2.91 385.11 181.66 478.17 218.14 1.60 1.60 3.85 -8.11 2.01 32.85 -3.15 0.43
Car 0.00 0 -6.07 273.88 182.66 446.41 250.82 1.59 1.60 3.85 -6.21 1.85 18.15 -6.40 0.42
Car 0.00 0 -7.67 340.83 184.35 441.39 264.86 1.53 1.53 3.23 -4.75 1.81 15.87 -7.96 0.35
Pedestrian 0.00 0 -3.14 1027.95 128.16 1046.02 186.56 1.80 0.61 0.48 13.31 0.42 22.58 -2.61 0.35
Cyclist 0.00 0 -8.03 767.32 178.59 803.29 251.06 1.68 0.55 1.81 4.25 1.83 17.79 -7.79 0.32
Car 0.00 0 -8.49 670.59 177.92 730.35 206.24 1.54 1.56 3.66 5.17 1.85 41.91 -8.37 0.29
Car 0.00 0 -2.99 372.57 186.90 491.79 225.99 1.42 1.62 4.29 -6.85 1.99 27.96 -3.23 0.29
Cyclist 0.00 0 -7.57 49.36 178.61 81.69 233.54 1.66 0.38 1.66 -17.29 1.85 22.88 -8.22 0.22
Car 0.00 0 -4.54 491.39 179.72 522.38 203.71 1.58 1.56 3.62 -7.21 2.08 50.55 -4.68 0.18
Car 0.00 0 -2.86 342.98 185.75 470.50 229.57 1.48 1.66 4.08 -7.23 1.96 25.77 -3.13 0.18
Car 0.00 0 -4.92 588.36 176.75 614.81 194.85 1.52 1.56 3.96 -0.80 1.88 63.70 -4.93 0.17
Pedestrian 0.00 0 -4.96 237.04 169.86 257.91 218.15 2.04 0.66 0.68 -15.61 1.92 30.98 -5.42 0.15
Pedestrian 0.00 0 -4.07 1229.62 150.03 1241.00 374.00 1.87 0.65 0.90 4.92 1.73 4.96 -3.29 0.15
Car 0.00 0 -4.83 501.71 179.75 524.31 197.48 1.46 1.54 3.67 -8.49 2.08 62.80 -4.96 0.14
Car 0.00 0 -6.14 419.15 172.78 513.83 210.98 1.93 1.75 4.61 -7.40 1.92 37.37 -6.34 0.13
