Car 0.00 0 -4.93 603.31 179.61 691.84 235.55 1.43 1.73 4.15 0.94 1.65 21.23 -4.88 0.93
Car 0.00 0 -4.74 531.92 179.65 589.67 232.96 1.45 1.62 3.78 -1.61 1.68 22.15 -4.81 0.84
Car 0.00 0 -2.19 288.75 171.49 526.61 296.76 1.86 1.72 4.53 -3.76 1.84 12.81 -2.48 0.81
Pedestrian 0.00 0 -3.96 930.29 162.53 977.36 244.31 1.79 0.59 0.76 7.65 1.56 16.17 -3.52 0.40
Pedestrian 0.00 0 -4.46 896.61 155.50 938.42 241.27 1.90 0.67 0.95 7.00 1.51 16.53 -4.06 0.34
Car 0.00 0 -2.79 673.83 171.65 807.07 220.67 1.56 1.64 4.19 4.40 1.52 24.75 -2.61 0.30
Pedestrian 0.00 0 -4.28 793.22 158.47 837.58 240.26 1.95 0.73 0.91 5.01 1.61 17.77 -4.00 0.29
Car 0.00 0 -3.87 0.00 226.11 313.76 374.00 1.61 1.63 4.11 -2.74 1.94 2.47 -4.71 0.27
Pedestrian 0.00 0 -4.53 994.45 158.46 1037.17 241.24 1.83 0.72 0.83 9.23 1.51 16.49 -4.02 0.25
Cyclist 0.00 0 -7.01 742.59 153.94 772.96 187.43 1.82 0.64 1.63 8.14 0.79 39.91 -6.81 0.23
Cyclist 0.00 0 -5.46 1029.08 158.83 1097.26 221.31 1.73 0.55 1.86 13.04 1.34 20.90 -4.90 0.18
Pedestrian 0.00 0 -8.40 1010.83 145.28 1032.97 186.36 1.79 0.61 0.63 18.10 0.59 31.78 -7.88 0.18
Pedestrian 0.00 0 -5.89 1120.36 155.34 1150.19 209.74 1.84 0.58 0.66 18.06 1.25 24.87 -5.26 0.17
Car 0.00 0 -2.70 521.91 167.20 609.36 199.74 1.49 1.60 3.86 -2.16 1.23 34.53 -2.76 0.14
Pedestrian 0.00 0 -4.73 848.08 158.95 879.47 240.40 1.88 0.68 0.85 5.97 1.56 17.14 -4.40 0.13
Car 0.00 0 -7.61 819.91 137.07 873.81 168.66 1.44 1.61 3.97 11.66 -0.22 35.49 -7.29 0.12
Pedestrian 0.00 0 -3.30 1003.87 164.73 1050.52 245.71 1.70 0.55 0.79 8.92 1.53 15.53 -2.78 0.12
Pedestrian 0.00 0 -7.83 989.43 166.62 1015.32 223.24 1.52 0.61 0.59 10.68 1.35 19.72 -7.33 0.11
