Car 0.00 0 -8.06 692.46 173.47 786.87 239.17 1.47 1.56 3.69 3.08 1.49 18.05 -7.90 0.96
Car 0.00 0 -8.22 756.60 176.61 1011.86 323.75 1.50 1.64 4.27 3.24 1.56 9.64 -7.90 0.96
Car 0.00 0 -4.09 0.00 192.18 317.31 355.93 1.49 1.69 4.28 -5.66 1.80 9.29 -4.64 0.96
Car 0.00 0 -4.47 399.72 177.47 474.46 224.68 1.44 1.57 3.79 -5.75 1.60 24.22 -4.70 0.95
Car 0.00 0 -5.49 946.42 184.43 1241.00 374.00 1.58 1.58 3.73 3.39 1.67 3.73 -4.75 0.91
Car 0.00 0 -4.56 445.80 176.78 496.03 214.69 1.43 1.49 3.51 -5.63 1.60 29.33 -4.75 0.78
Car 0.00 0 -8.08 679.63 172.67 747.05 222.25 1.49 1.46 3.27 3.23 1.49 23.38 -7.94 0.73
Car 0.00 0 -5.64 223.09 174.69 308.67 207.01 1.43 1.54 3.28 -15.84 1.52 33.19 -6.09 0.36
Car 0.00 0 -5.67 144.60 173.04 259.84 217.96 1.56 1.54 3.34 -14.69 1.57 26.01 -6.18 0.33
Car 0.00 0 -2.25 195.68 162.26 262.53 190.09 1.55 1.55 3.49 -21.99 0.96 41.59 -2.74 0.33
Car 0.00 0 -4.76 680.54 173.62 726.56 212.97 1.44 1.59 3.94 3.60 1.48 28.60 -4.64 0.31
Car 0.00 0 -2.84 399.96 171.70 467.92 195.40 1.61 1.67 4.27 -12.19 1.53 49.99 -3.08 0.30
Car 0.00 0 -2.36 0.00 186.21 8.22 258.82 1.47 1.57 3.96 -15.82 1.78 15.74 -3.15 0.23
Cyclist 0.00 0 -7.61 392.03 173.26 408.90 208.74 1.60 0.40 1.50 -9.73 1.62 33.38 -7.89 0.19
Pedestrian 0.00 0 -8.01 735.45 160.13 754.46 203.56 1.84 0.70 0.72 5.74 1.30 30.91 -7.82 0.16
Car 0.00 0 -8.12 538.54 158.30 570.42 186.27 2.52 1.86 4.53 -5.25 1.21 67.45 -8.19 0.15
Cyclist 0.00 0 -7.54 395.62 173.83 417.62 212.86 1.59 0.41 1.63 -8.58 1.64 30.33 -7.82 0.13
Car 0.00 0 -4.01 0.00 181.11 104.71 245.23 1.45 1.59 4.18 -15.58 1.69 18.93 -4.70 0.13
Car 0.00 0 -7.94 161.48 157.66 203.29 188.39 1.65 1.69 3.95 -24.23 0.83 40.77 -8.48 0.13
Pedestrian 0.00 0 -7.82 718.67 159.22 735.17 202.73 1.87 0.68 0.81 5.05 1.28 31.41 -7.66 0.11
Pedestrian 0.00 0 -4.18 675.62 161.29 692.67 199.37 1.85 0.60 0.62 3.60 1.29 35.43 -4.08 0.11
Car 0.00 0 -4.44 3.52 176.70 61.05 205.84 1.59 1.62 3.91 -33.60 1.82 42.02 -5.11 0.10
