Car 0.00 0 -7.65 408.49 184.65 520.24 266.66 1.44 1.54 3.71 -2.95 1.72 15.09 -7.84 0.96
Car 0.00 0 -4.29 63.01 169.47 435.46 374.00 1.71 1.65 4.14 -3.15 1.69 7.26 -4.70 0.91
Car 0.00 0 -4.77 637.73 180.18 679.81 215.61 1.44 1.64 3.73 2.06 1.78 31.92 -4.70 0.88
Car 0.00 0 -4.61 550.22 170.90 580.63 199.63 1.93 1.71 4.25 -3.11 1.80 50.64 -4.67 0.84
Car 0.00 0 -7.90 631.64 172.19 658.50 198.08 1.73 1.69 4.30 2.38 1.69 50.44 -7.85 0.67
Car 0.00 0 -7.96 511.00 179.90 540.74 203.09 1.42 1.55 3.72 -5.59 1.90 47.41 -8.08 0.65
Cyclist 0.00 0 -4.01 0.00 166.74 151.05 368.93 1.68 0.58 1.84 -5.36 1.63 6.93 -4.67 0.40
Car 0.00 0 -5.95 240.42 183.77 406.88 251.03 1.56 1.49 3.53 -7.03 1.84 17.83 -6.32 0.38
Pedestrian 0.00 0 -7.35 217.19 173.98 254.52 245.23 1.77 0.65 0.56 -9.50 1.80 18.24 -7.83 0.34
Pedestrian 0.00 0 -7.88 417.76 173.63 443.27 236.06 1.83 0.72 0.71 -5.42 1.85 21.57 -8.13 0.33
Pedestrian 0.00 0 -5.72 678.77 174.24 696.23 204.04 1.74 0.60 0.84 4.56 1.83 42.77 -5.61 0.33
Pedestrian 0.00 0 -8.22 1076.66 165.05 1131.18 262.75 1.77 0.67 0.60 9.15 1.63 13.46 -7.62 0.27
Car 0.00 0 -4.49 566.01 173.99 595.43 194.70 1.63 1.59 3.91 -2.39 1.73 59.17 -4.53 0.25
Cyclist 0.00 0 -8.99 1157.83 158.93 1241.00 241.47 1.76 0.64 1.66 13.39 1.46 16.23 -8.31 0.23
Cyclist 0.00 0 -2.56 380.15 174.93 429.64 223.41 1.78 0.67 1.69 -7.73 1.86 27.04 -2.84 0.21
Pedestrian 0.00 0 -7.44 193.55 169.07 259.58 292.54 1.73 0.72 0.45 -5.55 1.68 10.36 -7.93 0.21
Pedestrian 0.00 0 -4.07 758.88 171.05 772.28 213.79 1.80 0.46 0.31 6.55 1.72 30.59 -3.86 0.18
Pedestrian 0.00 0 -5.19 718.38 174.79 741.92 220.73 1.78 0.69 0.66 4.69 1.86 28.42 -5.02 0.18
Pedestrian 0.00 0 -5.65 145.64 173.61 192.25 257.71 1.73 0.62 0.59 -9.33 1.75 15.20 -6.20 0.15
Pedestrian 0.00 0 -8.14 743.35 172.85 759.66 211.05 1.79 0.65 0.46 6.64 1.79 34.06 -7.94 0.14
Pedestrian 0.00 0 -3.41 670.60 173.59 682.20 202.43 1.80 0.61 0.59 4.14 1.85 45.38 -3.31 0.13
Car 0.00 0 -4.81 649.53 180.09 687.27 208.52 1.44 1.67 4.16 3.13 1.86 39.74 -4.73 0.10
Pedestrian 0.00 0 -3.44 1120.79 173.49 1239.81 369.37 1.66 0.50 0.72 5.03 1.66 6.47 -2.78 0.10
