Car 0.00 0 -8.18 737.46 144.57 957.55 312.02 1.90 1.63 4.03 3.14 1.48 10.20 -7.89 0.97
Pedestrian 0.00 0 -3.31 306.15 166.70 362.31 262.96 1.80 0.59 0.93 -5.21 1.52 13.91 -3.67 0.70
Pedestrian 0.00 0 -4.81 521.54 170.67 545.06 216.53 1.70 0.80 0.90 -2.61 1.30 27.21 -4.90 0.59
Pedestrian 0.00 0 -7.65 454.16 182.22 499.55 267.90 1.50 0.65 0.87 -2.28 1.51 12.99 -7.82 0.52
Pedestrian 0.00 0 -3.50 1151.07 132.19 1237.00 266.41 1.89 0.66 0.84 8.69 1.20 10.59 -2.81 0.51
Pedestrian 0.00 0 -7.48 322.33 164.92 372.37 266.79 1.80 0.55 0.97 -4.68 1.51 13.17 -7.82 0.44
Cyclist 0.00 0 -8.75 1090.86 179.94 1237.00 373.00 1.59 0.62 1.73 2.79 1.59 2.76 -7.96 0.36
Cyclist 0.00 0 -8.11 633.04 170.86 649.38 204.26 1.67 0.41 1.69 2.02 1.14 36.77 -8.06 0.27
Car 0.00 0 -7.80 525.42 177.49 560.02 207.08 1.42 1.56 3.66 -2.92 1.22 36.22 -7.88 0.26
Cyclist 0.00 0 -6.84 689.23 166.93 728.12 203.32 1.78 0.65 1.85 5.33 1.07 35.72 -6.69 0.26
Pedestrian 0.00 0 -7.82 661.36 165.79 672.60 198.65 1.87 0.62 0.55 3.76 0.98 41.16 -7.73 0.25
Pedestrian 0.00 0 -5.25 900.06 143.83 949.34 232.90 1.98 0.78 0.70 7.34 1.15 16.40 -4.83 0.21
Pedestrian 0.00 0 -7.48 655.87 174.01 679.27 216.76 1.58 0.69 0.65 2.47 1.31 27.01 -7.39 0.17
Pedestrian 0.00 0 -8.22 702.88 173.29 733.17 228.27 1.57 0.69 0.62 3.36 1.34 20.91 -8.06 0.17
Pedestrian 0.00 0 -3.65 909.76 153.64 966.88 245.43 1.81 0.62 0.85 6.75 1.26 14.51 -3.22 0.16
Pedestrian 0.00 0 -4.51 1115.92 141.48 1177.64 259.96 1.81 0.64 0.78 8.65 1.20 11.45 -3.87 0.15
Pedestrian 0.00 0 -7.26 647.22 175.62 669.68 215.48 1.55 0.58 0.72 2.23 1.32 28.35 -7.18 0.15
Car 0.00 0 -8.40 466.38 168.94 511.73 195.19 1.88 1.66 3.65 -8.34 0.98 53.25 -8.56 0.14
Pedestrian 0.00 0 -9.08 1150.11 147.27 1194.60 238.20 1.74 0.61 0.51 11.17 1.08 14.11 -8.41 0.13
Car 0.00 0 -8.48 945.28 179.61 1235.71 291.92 1.36 1.51 3.88 6.84 1.34 10.67 -7.91 0.13
Pedestrian 0.00 0 -4.28 303.80 160.55 346.21 248.33 1.90 0.67 0.65 -6.15 1.45 15.91 -4.65 0.12
Car 0.00 0 -3.30 476.47 175.40 541.97 199.04 1.59 1.69 4.29 -6.39 1.18 49.83 -3.43 0.11
Pedestrian 0.00 0 -3.56 967.00 146.68 1161.24 373.00 1.75 0.57 0.81 2.66 1.56 4.28 -3.00 0.11
