Car 0.00 0 -3.77 0.00 202.47 47.55 374.00 1.44 1.53 3.69 -7.18 1.78 6.19 -4.63 0.42
Pedestrian 0.00 0 -8.23 750.57 173.59 765.14 203.88 1.81 0.61 0.80 8.89 1.85 43.54 -8.03 0.19
Car 0.00 0 -6.93 1018.14 185.39 1116.05 216.85 1.49 1.63 3.94 22.75 2.14 36.04 -6.37 0.18
Pedestrian 0.00 0 -4.62 992.21 179.24 1013.24 231.33 1.80 0.60 0.61 13.78 2.02 25.39 -4.13 0.18
Pedestrian 0.00 0 -2.89 932.15 174.61 955.28 222.70 1.82 0.55 0.69 12.77 1.88 27.71 -2.46 0.17
Car 0.00 0 -4.99 651.44 179.71 712.42 213.38 1.46 1.71 4.59 3.33 1.81 34.67 -4.89 0.14
Car 0.00 0 -5.81 337.61 180.88 409.17 206.78 1.45 1.54 3.67 -13.82 1.93 42.10 -6.13 0.12
Pedestrian 0.00 0 -7.87 1061.61 175.55 1082.42 224.46 1.93 0.69 0.70 18.52 2.04 28.99 -7.30 0.11
Pedestrian 0.00 0 -7.35 1019.05 179.32 1037.74 221.06 1.82 0.57 0.44 18.47 2.11 31.93 -6.83 0.11
Pedestrian 0.00 0 -5.54 1103.87 168.38 1144.68 233.97 1.91 0.66 0.73 15.23 1.78 21.44 -4.93 0.10
