Pedestrian 0.00 0 -4.52 69.94 175.94 267.38 373.00 1.74 0.78 0.84 -2.37 1.72 3.96 -5.06 0.76
Pedestrian 0.00 0 -3.61 461.33 172.86 496.07 240.77 1.64 0.73 0.58 -3.09 1.44 17.84 -3.78 0.63
Pedestrian 0.00 0 -6.31 746.60 156.43 782.64 244.82 1.78 0.72 0.71 3.33 1.28 14.88 -6.09 0.55
Cyclist 0.00 0 -5.88 366.35 163.67 494.06 280.03 1.79 0.79 1.84 -2.78 1.51 11.57 -6.12 0.47
Cyclist 0.00 0 -4.84 814.82 157.00 852.53 237.83 1.69 0.57 1.77 5.10 1.18 15.95 -4.53 0.35
Pedestrian 0.00 0 -7.07 707.25 154.69 765.22 257.63 1.82 0.69 0.80 2.44 1.35 13.24 -6.89 0.27
Pedestrian 0.00 0 -6.94 856.92 163.93 920.37 257.57 1.62 0.60 0.86 5.07 1.31 12.79 -6.56 0.25
Pedestrian 0.00 0 -5.38 1122.17 125.83 1237.00 307.07 1.87 0.66 0.83 6.26 1.30 7.83 -4.71 0.22
Car 0.00 0 -5.71 0.00 197.39 270.80 304.48 1.44 1.56 4.11 -7.40 1.70 10.74 -6.31 0.22
Car 0.00 0 -3.32 432.75 174.59 542.21 216.97 1.52 1.65 3.86 -4.34 1.27 27.16 -3.47 0.16
Car 0.00 0 -3.29 415.05 161.52 512.18 205.01 1.71 1.69 3.74 -5.73 0.93 29.71 -3.48 0.14
Car 0.00 0 -6.81 926.77 167.74 1237.00 267.06 1.42 1.59 3.92 7.35 1.23 11.19 -6.23 0.13
Pedestrian 0.00 0 -5.06 783.53 193.25 856.13 317.82 1.41 0.67 0.56 2.51 1.55 8.45 -4.77 0.13
Pedestrian 0.00 0 -4.10 1126.55 217.66 1237.00 373.00 1.36 0.48 0.50 3.33 1.58 4.04 -3.41 0.12
Car 0.00 0 -8.00 381.57 177.68 451.05 225.07 1.43 1.63 3.97 -6.22 1.31 23.77 -8.26 0.12
Pedestrian 0.00 0 -5.19 974.71 202.98 1112.14 373.00 1.38 0.54 0.69 2.96 1.54 4.94 -4.65 0.10
Cyclist 0.00 0 -8.40 758.46 163.46 790.44 204.43 1.63 0.47 1.66 7.06 0.91 29.45 -8.17 0.10
