Pedestrian 0.00 0 -5.87 446.59 156.73 598.99 373.00 1.82 0.67 1.11 -0.70 1.63 6.11 -5.99 0.84
Pedestrian 0.00 0 -4.77 248.79 174.93 304.53 314.92 1.71 0.60 0.97 -4.27 1.63 9.32 -5.20 0.74
Pedestrian 0.00 0 -8.16 336.88 172.79 425.25 345.76 1.71 0.63 0.96 -2.41 1.62 7.65 -8.47 0.74
Pedestrian 0.00 0 -5.69 406.27 160.78 467.92 269.60 1.86 0.61 0.87 -2.94 1.50 12.69 -5.92 0.70
Cyclist 0.00 0 -4.73 494.21 165.35 509.95 212.19 1.76 0.56 1.73 -3.89 1.16 27.92 -4.87 0.66
Pedestrian 0.00 0 -7.28 245.76 161.16 306.91 263.15 1.90 0.73 0.85 -6.28 1.52 13.82 -7.71 0.56
Pedestrian 0.00 0 -4.67 647.82 164.74 666.69 215.40 1.77 0.64 0.94 1.98 1.19 25.65 -4.60 0.56
Pedestrian 0.00 0 -7.62 344.67 167.89 379.11 239.24 1.76 0.69 0.65 -6.05 1.43 18.07 -7.94 0.51
Pedestrian 0.00 0 -5.46 311.01 168.12 362.53 264.86 1.76 0.67 0.62 -5.02 1.52 13.53 -5.81 0.50
Pedestrian 0.00 0 -2.38 360.41 172.72 437.12 315.26 1.70 0.52 0.78 -2.58 1.60 8.98 -2.66 0.50
Car 0.00 0 -4.39 347.97 178.67 475.46 253.45 1.50 1.59 4.23 -4.24 1.45 16.62 -4.64 0.48
Pedestrian 0.00 0 -8.06 436.33 166.04 495.50 296.66 1.72 0.66 0.77 -1.93 1.52 9.93 -8.25 0.48
Cyclist 0.00 0 -4.06 1166.92 153.81 1237.00 237.12 1.55 0.61 1.69 11.84 1.04 13.84 -3.35 0.42
Pedestrian 0.00 0 -5.71 663.50 167.40 690.14 212.78 1.66 0.64 0.77 2.79 1.15 26.81 -5.61 0.37
Pedestrian 0.00 0 -7.71 123.47 167.30 230.88 370.45 1.74 0.74 0.98 -4.00 1.62 6.75 -8.24 0.36
Pedestrian 0.00 0 -3.62 667.25 162.29 700.30 216.37 1.82 0.56 0.97 2.79 1.17 24.54 -3.51 0.32
Cyclist 0.00 0 -7.82 887.63 163.56 905.53 225.12 1.60 0.40 1.63 7.97 1.13 19.44 -7.44 0.32
Pedestrian 0.00 0 -4.43 497.14 167.58 558.03 295.36 1.73 0.66 0.80 -1.08 1.54 10.18 -4.53 0.29
Pedestrian 0.00 0 -4.54 572.27 164.62 595.24 212.07 1.76 0.72 0.92 -0.68 1.13 27.11 -4.57 0.28
Pedestrian 0.00 0 -2.37 490.34 174.44 584.25 346.96 1.67 0.50 0.85 -0.71 1.60 7.40 -2.47 0.28
Pedestrian 0.00 0 -7.50 294.99 172.31 331.49 238.17 1.75 0.77 0.55 -7.79 1.51 19.36 -7.88 0.28
Pedestrian 0.00 0 -5.51 434.72 167.67 458.29 216.89 1.71 0.64 0.52 -5.50 1.23 25.38 -5.72 0.26
Pedestrian 0.00 0 -4.42 609.21 160.80 638.34 225.36 1.80 0.61 0.84 0.61 1.22 20.51 -4.39 0.26
Pedestrian 0.00 0 -2.29 333.27 176.24 384.53 271.57 1.63 0.52 0.71 -4.33 1.54 12.70 -2.62 0.25
Cyclist 0.00 0 -2.82 604.37 167.31 668.20 226.71 1.70 0.71 1.75 1.00 1.29 21.20 -2.77 0.25
Pedestrian 0.00 0 -5.49 520.74 166.15 537.62 196.32 1.89 0.56 0.94 -4.56 0.93 45.41 -5.59 0.25
Pedestrian 0.00 0 -4.64 620.77 178.99 653.70 240.80 1.45 0.74 0.67 0.83 1.39 17.25 -4.59 0.23
Cyclist 0.00 0 -6.35 532.94 162.98 580.40 208.60 1.78 0.61 1.83 -1.79 1.06 28.38 -6.42 0.22
Pedestrian 0.00 0 -5.36 351.61 162.68 416.73 283.08 1.80 0.57 0.86 -3.45 1.52 11.25 -5.65 0.22
Cyclist 0.00 0 -8.15 606.50 165.78 642.35 233.64 1.72 0.46 1.76 0.56 1.32 19.09 -8.12 0.19
Pedestrian 0.00 0 -7.54 279.81 173.17 301.91 218.24 1.68 0.63 0.53 -11.70 1.37 27.02 -7.94 0.18
Pedestrian 0.00 0 -7.71 292.50 176.02 306.11 213.41 1.70 0.53 0.36 -13.83 1.45 32.86 -8.11 0.18
Pedestrian 0.00 0 -5.09 993.93 148.80 1041.89 238.31 1.72 0.59 0.73 8.20 1.09 14.22 -4.57 0.17
Pedestrian 0.00 0 -5.19 683.58 162.69 712.77 217.49 1.78 0.63 0.88 3.18 1.17 23.82 -5.05 0.17
Pedestrian 0.00 0 -4.34 820.48 155.95 864.52 237.64 1.72 0.66 0.82 5.23 1.19 15.68 -4.02 0.16
Pedestrian 0.00 0 -4.80 720.33 159.98 741.38 217.22 1.79 0.58 0.86 4.10 1.12 22.94 -4.62 0.15
Car 0.00 0 -4.40 430.17 173.47 474.21 197.71 1.47 1.56 4.11 -9.42 0.98 45.66 -4.61 0.14
Pedestrian 0.00 0 -4.64 585.52 170.59 605.15 215.74 1.60 0.65 0.82 -0.24 1.21 25.84 -4.65 0.14
Pedestrian 0.00 0 -5.01 662.03 162.33 681.29 207.31 1.88 0.69 0.51 2.95 1.08 30.34 -4.91 0.13
Pedestrian 0.00 0 -6.66 861.55 158.55 904.00 237.27 1.63 0.48 0.70 5.87 1.16 15.10 -6.29 0.12
Pedestrian 0.00 0 -8.01 300.54 179.23 350.03 284.50 1.63 0.63 0.83 -4.52 1.60 11.63 -8.38 0.12
Pedestrian 0.00 0 -4.71 688.87 161.51 705.67 211.64 1.80 0.60 0.48 3.46 1.09 26.11 -4.58 0.12
Pedestrian 0.00 0 -4.16 243.50 172.15 271.46 224.80 1.80 0.63 0.64 -11.93 1.48 24.87 -4.61 0.11
Car 0.00 0 -7.00 716.41 171.26 859.50 224.70 1.46 1.60 4.04 5.51 1.18 21.26 -6.74 0.10
