Car 0.00 0 -8.33 728.15 169.24 1007.12 328.36 1.50 1.59 3.62 2.74 1.46 8.70 -8.03 0.97
Car 0.00 0 -8.07 600.18 164.23 672.56 215.03 1.52 1.60 3.53 0.73 1.26 23.46 -8.04 0.96
Cyclist 0.00 0 -4.23 21.91 159.58 273.47 374.00 1.67 0.57 1.98 -3.02 1.59 4.90 -4.79 0.83
Car 0.00 0 -7.07 660.22 160.04 740.78 191.25 1.43 1.53 3.92 4.36 0.84 34.81 -6.94 0.74
Car 0.00 0 -7.26 785.35 158.98 841.24 185.45 1.44 1.49 3.25 11.51 0.69 40.92 -6.99 0.70
Car 0.00 0 -7.23 724.29 155.01 795.19 186.92 1.59 1.59 4.07 7.89 0.70 38.02 -7.03 0.61
Car 0.00 0 -4.34 828.79 156.80 880.87 184.91 1.63 1.61 4.09 14.90 0.70 43.91 -4.01 0.43
Car 0.00 0 -6.35 930.88 156.01 1018.73 187.25 1.48 1.61 3.77 17.92 0.68 35.69 -5.89 0.38
Pedestrian 0.00 0 -3.09 885.18 152.37 891.15 185.05 1.79 0.44 0.28 15.32 0.67 39.82 -2.72 0.32
Pedestrian 0.00 0 -7.43 362.61 161.84 380.67 198.64 1.73 0.67 0.50 -11.35 1.21 34.25 -7.75 0.31
Car 0.00 0 -5.09 428.95 150.93 478.52 176.08 1.50 1.63 4.08 -9.84 0.19 45.10 -5.31 0.27
Car 0.00 0 -8.33 526.24 159.90 583.70 189.00 1.49 1.60 3.64 -3.05 0.83 38.88 -8.40 0.26
Car 0.00 0 -3.98 778.52 157.12 844.79 183.93 1.59 1.61 4.10 12.43 0.66 44.51 -3.71 0.26
Pedestrian 0.00 0 -7.86 300.45 164.39 316.47 201.37 1.66 0.67 0.58 -13.72 1.28 32.73 -8.26 0.24
Pedestrian 0.00 0 -8.79 833.05 159.98 863.96 223.86 1.68 0.68 0.48 6.36 1.34 19.37 -8.47 0.19
Car 0.00 0 -4.90 283.93 154.60 326.78 181.23 1.59 1.71 4.19 -19.14 0.50 45.16 -5.30 0.18
Car 0.00 0 -7.81 351.56 151.19 382.60 177.09 1.49 1.61 3.76 -14.63 0.24 43.48 -8.13 0.17
Pedestrian 0.00 0 -3.52 982.68 152.21 994.27 187.24 1.79 0.56 0.35 19.49 0.74 37.23 -3.03 0.17
Car 0.00 0 -7.86 170.60 152.32 210.00 186.84 1.63 1.63 3.68 -21.05 0.66 36.12 -8.39 0.15
Car 0.00 0 -7.28 353.18 156.89 420.20 187.43 1.52 1.61 3.72 -11.71 0.73 37.96 -7.58 0.14
Car 0.00 0 -2.15 1.76 176.31 259.44 280.69 1.42 1.53 3.84 -7.61 1.48 11.35 -2.74 0.14
Car 0.00 0 -5.09 301.31 149.23 356.64 177.35 1.54 1.63 3.96 -16.23 0.25 41.49 -5.46 0.12
Car 0.00 0 -8.39 475.86 154.56 538.59 185.92 1.70 1.71 4.07 -5.97 0.71 41.33 -8.53 0.12
Pedestrian 0.00 0 -8.82 877.43 148.98 898.64 191.52 1.82 0.64 0.60 12.00 0.80 31.26 -8.45 0.12
Car 0.00 0 -7.47 638.80 154.21 690.16 180.88 1.53 1.65 4.14 3.31 0.46 43.63 -7.39 0.11
Cyclist 0.00 0 -4.27 624.28 148.78 643.11 176.50 1.71 0.52 1.67 1.47 0.23 45.36 -4.24 0.11
Car 0.00 0 -8.32 557.51 158.38 615.59 185.59 1.43 1.62 3.95 -1.39 0.67 40.11 -8.35 0.11
Car 0.00 0 -7.78 213.68 166.36 247.42 191.93 1.56 1.64 3.83 -24.21 1.16 46.06 -8.27 0.10
Car 0.00 0 -2.59 275.91 156.76 369.44 187.48 1.54 1.65 4.27 -14.88 0.73 37.34 -2.97 0.10
Pedestrian 0.00 0 -3.67 1071.58 150.26 1119.94 238.38 1.80 0.59 0.63 10.08 1.34 15.06 -3.08 0.10
Pedestrian 0.00 0 -3.45 1237.06 143.77 1241.00 330.21 1.74 0.51 0.92 6.84 1.47 7.15 -2.69 0.10
Car 0.00 0 -8.08 685.94 147.63 721.67 170.63 1.56 1.66 3.98 6.60 -0.16 51.33 -7.95 0.10
