Car 0.00 0 -4.58 457.86 188.11 532.44 245.15 1.48 1.72 4.01 -3.42 1.99 21.87 -4.74 0.96
Car 0.00 0 -7.88 536.25 189.63 579.93 230.91 1.42 1.60 3.82 -2.13 2.12 28.36 -7.95 0.44
Pedestrian 0.00 0 -3.95 952.79 146.33 1021.51 262.88 1.91 0.63 0.84 6.36 1.48 12.28 -3.47 0.21
Car 0.00 0 -7.86 597.66 182.54 618.44 206.25 1.93 1.74 4.19 -0.21 2.80 62.49 -7.87 0.17
Car 0.00 0 -4.75 525.68 186.41 550.47 209.77 1.51 1.58 4.02 -5.17 2.51 51.22 -4.85 0.16
Pedestrian 0.00 0 -4.66 735.15 169.46 749.87 212.13 2.12 0.68 1.02 6.65 1.95 36.41 -4.48 0.15
Pedestrian 0.00 0 -7.97 927.76 165.19 970.93 258.80 1.76 0.66 0.84 6.56 1.62 14.08 -7.54 0.15
Car 0.00 0 -4.79 646.25 185.36 679.24 212.53 1.47 1.63 4.15 3.06 2.25 42.96 -4.72 0.14
Pedestrian 0.00 0 -4.65 393.03 255.02 472.36 374.00 1.38 0.42 0.54 -1.09 1.90 4.25 -4.90 0.13
Car 0.00 0 -4.66 663.14 183.50 688.73 206.94 1.53 1.58 4.01 4.68 2.32 51.20 -4.56 0.11
