Car 0.00 0 -2.48 0.00 199.45 165.04 355.35 1.44 1.58 3.75 -7.33 1.77 7.93 -3.22 0.94
Car 0.00 0 -2.60 0.00 185.19 225.60 306.73 1.52 1.60 3.80 -7.86 1.72 10.26 -3.26 0.91
Car 0.00 0 -6.66 700.06 165.25 898.62 243.63 1.58 1.63 3.81 3.96 1.42 15.56 -6.42 0.90
Car 0.00 0 -6.54 638.96 166.62 753.51 209.73 1.51 1.58 3.87 3.06 1.29 26.32 -6.42 0.87
Cyclist 0.00 0 -6.83 823.18 159.73 860.35 195.31 1.85 0.61 1.81 12.17 1.17 38.00 -6.52 0.55
Car 0.00 0 -6.53 619.13 162.82 728.91 204.74 1.61 1.64 4.10 2.49 1.23 28.92 -6.45 0.50
Car 0.00 0 -7.62 871.65 159.59 915.80 184.95 1.58 1.74 4.28 18.52 0.75 47.08 -7.25 0.43
Car 0.00 0 -4.75 1028.75 163.39 1076.35 199.93 1.52 1.64 3.56 19.48 1.13 31.92 -4.21 0.25
Pedestrian 0.00 0 -4.65 313.25 202.60 429.44 374.00 1.62 0.61 0.54 -1.43 1.81 4.22 -4.97 0.23
Pedestrian 0.00 0 -2.82 862.69 155.99 880.94 202.73 1.84 0.54 0.54 10.39 1.17 28.74 -2.47 0.22
Car 0.00 0 -7.75 323.48 182.01 349.16 201.69 1.41 1.49 3.42 -21.01 2.14 55.41 -8.11 0.21
Pedestrian 0.00 0 -4.63 702.50 155.34 717.16 192.89 1.84 0.65 0.82 4.92 0.98 35.83 -4.49 0.19
Pedestrian 0.00 0 -5.59 1070.92 163.07 1129.08 243.68 1.57 0.54 0.81 9.81 1.38 14.54 -5.00 0.16
Pedestrian 0.00 0 -8.42 610.67 168.14 630.25 207.78 1.63 0.57 0.62 0.39 1.43 29.99 -8.41 0.15
Pedestrian 0.00 0 -4.15 1098.99 112.17 1241.00 374.00 1.88 0.62 1.01 4.12 1.48 5.19 -3.48 0.13
Cyclist 0.00 0 -7.43 1072.19 153.51 1106.95 193.54 1.85 0.74 1.71 22.66 0.96 34.14 -6.85 0.12
Car 0.00 0 -3.77 58.99 178.49 160.11 212.71 1.49 1.52 3.76 -23.61 1.77 34.13 -4.38 0.12
Pedestrian 0.00 0 -7.08 807.35 168.32 822.99 197.15 1.63 0.56 0.66 11.66 1.37 41.13 -6.80 0.12
Pedestrian 0.00 0 -4.19 1096.94 148.22 1120.83 198.41 1.93 0.59 0.50 19.35 0.98 28.05 -3.58 0.12
Pedestrian 0.00 0 -7.22 841.20 162.68 861.61 198.86 1.64 0.65 0.62 11.04 1.18 33.13 -6.90 0.11
Pedestrian 0.00 0 -3.62 1084.41 155.82 1098.70 181.59 1.71 0.75 0.51 32.21 0.58 48.31 -3.03 0.10
