Car 0.00 0 -8.12 733.22 178.39 889.06 279.03 1.44 1.57 3.88 3.22 1.55 12.48 -7.87 0.98
Car 0.00 0 -4.35 310.81 191.44 442.51 260.20 1.42 1.75 4.34 -5.79 1.95 18.35 -4.66 0.97
Car 0.00 0 -4.21 52.00 194.44 328.09 328.29 1.49 1.64 4.34 -5.98 1.88 10.89 -4.71 0.96
Car 0.00 0 -4.42 458.59 183.04 517.92 219.69 1.53 1.61 4.01 -5.58 2.03 33.30 -4.59 0.95
Car 0.00 0 -3.90 0.00 215.86 55.37 374.00 1.47 1.57 3.64 -5.90 1.87 4.87 -4.78 0.95
Car 0.00 0 -8.02 700.01 176.13 791.14 245.04 1.51 1.58 3.80 3.20 1.61 17.94 -7.85 0.92
Car 0.00 0 -4.45 400.42 187.21 474.09 237.15 1.48 1.51 3.62 -5.75 2.00 24.22 -4.68 0.92
Car 0.00 0 -4.89 669.68 178.61 727.34 220.07 1.47 1.56 3.71 3.31 1.70 27.92 -4.77 0.87
Car 0.00 0 -7.07 1180.19 133.37 1241.00 267.54 1.51 1.61 3.83 9.61 1.06 8.98 -6.25 0.80
Car 0.00 0 -3.81 1022.89 149.53 1241.00 250.57 1.51 1.60 3.90 8.99 1.16 11.59 -3.15 0.80
Car 0.00 0 -3.68 912.83 159.66 1156.62 237.22 1.45 1.52 3.94 8.24 1.20 14.29 -3.16 0.79
Car 0.00 0 -7.98 647.50 177.71 682.84 205.89 1.55 1.61 3.76 3.16 1.85 42.29 -7.90 0.72
Car 0.00 0 -8.23 856.99 154.14 979.50 226.84 1.86 1.77 4.20 8.57 1.38 20.60 -7.84 0.50
Car 0.00 0 -4.86 657.91 176.58 706.67 213.54 1.60 1.69 4.04 3.27 1.79 33.74 -4.76 0.44
Car 0.00 0 -4.75 200.85 175.06 230.16 199.40 1.57 1.62 3.80 -26.90 1.73 49.09 -5.25 0.42
Car 0.00 0 -4.46 524.33 177.79 559.76 201.35 1.65 1.63 4.18 -5.04 2.04 53.73 -4.55 0.24
Cyclist 0.00 0 -2.67 174.14 180.93 244.57 237.77 1.73 0.70 1.80 -12.49 1.99 22.45 -3.18 0.22
Pedestrian 0.00 0 -7.57 11.66 176.45 59.13 261.82 1.80 0.56 0.98 -12.63 1.88 15.82 -8.24 0.21
Car 0.00 0 -5.15 851.62 185.55 1240.22 374.00 1.47 1.54 3.46 3.40 1.62 6.51 -4.66 0.21
Car 0.00 0 -2.78 0.00 187.32 123.30 240.90 1.51 1.61 3.46 -17.34 1.98 22.26 -3.44 0.21
Car 0.00 0 -4.53 509.51 179.61 543.30 204.73 1.58 1.58 3.82 -5.58 2.05 48.28 -4.65 0.15
Car 0.00 0 -4.70 174.42 190.15 230.37 237.91 1.46 1.62 4.21 -14.60 2.13 25.83 -5.22 0.14
Car 0.00 0 -4.37 741.24 178.80 826.27 224.89 1.41 1.56 4.02 5.99 1.63 24.74 -4.13 0.12
Car 0.00 0 -4.74 232.97 184.67 289.69 240.57 1.67 1.62 4.07 -12.04 2.12 24.71 -5.20 0.11
