Car 0.00 0 -7.86 690.32 177.84 741.18 229.40 1.63 1.63 4.39 3.67 1.83 25.60 -7.72 0.95
Car 0.00 0 -3.93 0.00 181.56 245.12 345.30 1.53 1.61 4.25 -6.82 1.67 9.21 -4.56 0.94
Car 0.00 0 -4.37 421.21 180.07 518.02 232.77 1.52 1.69 4.51 -4.53 1.78 23.78 -4.56 0.93
Car 0.00 0 -4.45 521.13 180.59 578.34 216.09 1.49 1.64 3.96 -2.74 1.86 33.19 -4.53 0.92
Car 0.00 0 -4.52 557.33 180.03 598.14 208.08 1.47 1.60 3.84 -1.82 1.90 40.96 -4.56 0.42
Car 0.00 0 -4.56 589.40 179.29 619.48 202.01 1.49 1.52 3.91 -0.38 1.96 50.51 -4.56 0.39
Car 0.00 0 -4.55 577.20 180.90 617.91 211.00 1.45 1.53 3.97 -0.64 1.90 38.03 -4.57 0.33
Cyclist 0.00 0 -5.26 1098.65 165.20 1145.92 216.77 1.74 0.49 1.79 17.87 1.48 25.27 -4.64 0.22
Car 0.00 0 -5.39 1052.68 142.07 1120.02 167.97 1.59 1.67 3.78 30.98 -0.33 47.10 -4.81 0.19
Car 0.00 0 -7.89 690.67 178.13 717.20 202.58 1.55 1.61 3.81 6.25 1.92 48.51 -7.77 0.16
Car 0.00 0 -4.75 606.43 177.83 628.45 199.14 1.59 1.59 3.90 0.53 2.00 56.82 -4.74 0.14
Car 0.00 0 -7.52 429.97 184.77 529.72 245.84 1.46 1.59 3.64 -3.52 1.82 19.88 -7.69 0.12
Car 0.00 0 -4.38 626.40 176.71 664.02 199.60 1.68 1.66 4.15 2.75 1.99 55.92 -4.33 0.11
