Pedestrian 0.00 0 -2.76 147.42 145.39 263.07 306.80 1.88 0.59 1.08 -4.87 1.47 8.57 -3.27 0.63
Car 0.00 0 -4.53 0.00 169.08 18.50 200.09 1.55 1.60 3.87 -32.45 0.98 37.38 -5.24 0.22
Pedestrian 0.00 0 -5.10 995.00 217.52 1091.24 369.00 1.22 0.39 0.68 3.26 1.52 5.38 -4.56 0.19
Pedestrian 0.00 0 -7.79 34.81 165.30 77.51 255.09 1.76 0.63 0.91 -11.22 1.47 14.42 -8.45 0.16
Car 0.00 0 -9.02 1104.88 190.39 1223.00 369.00 1.49 1.54 3.04 5.01 1.57 4.25 -8.16 0.14
Pedestrian 0.00 0 -1.96 61.36 177.29 94.95 233.36 1.59 0.57 0.66 -15.28 1.50 20.46 -2.60 0.14
Pedestrian 0.00 0 -5.11 1171.03 174.32 1223.00 266.68 1.52 0.57 0.71 10.09 1.42 12.02 -4.41 0.14
Pedestrian 0.00 0 -8.20 836.90 169.25 869.27 233.87 1.60 0.58 0.65 6.20 1.32 17.78 -7.86 0.14
Car 0.00 0 -7.70 662.39 139.97 701.02 169.55 1.57 1.68 3.90 4.51 -0.67 41.22 -7.60 0.13
Pedestrian 0.00 0 -4.94 773.37 157.08 822.63 261.03 1.76 0.65 0.88 3.34 1.37 12.44 -4.68 0.12
Pedestrian 0.00 0 -4.18 855.03 162.95 912.48 266.82 1.69 0.60 0.76 4.66 1.40 11.94 -3.81 0.12
Pedestrian 0.00 0 -5.07 1010.72 174.72 1058.02 267.68 1.52 0.50 0.61 7.19 1.43 11.92 -4.53 0.12
Pedestrian 0.00 0 -3.41 78.82 160.14 143.09 255.98 1.83 0.64 0.91 -9.85 1.44 14.04 -4.02 0.12
Pedestrian 0.00 0 -7.83 943.32 165.71 985.11 268.52 1.62 0.60 0.71 5.86 1.39 11.61 -7.36 0.12
Pedestrian 0.00 0 -3.35 818.78 173.14 861.08 252.60 1.55 0.52 0.71 4.62 1.41 14.06 -3.03 0.11
Car 0.00 0 -5.55 0.00 181.54 19.14 230.62 1.43 1.59 4.04 -20.59 1.47 21.54 -6.32 0.11
Pedestrian 0.00 0 -5.31 1210.94 140.35 1223.00 216.45 1.94 0.59 0.53 16.18 0.92 18.32 -4.58 0.11
Pedestrian 0.00 0 -4.94 687.07 168.64 724.28 252.20 1.66 0.58 0.84 2.01 1.43 14.48 -4.80 0.11
Pedestrian 0.00 0 -4.53 166.76 163.93 213.38 261.55 1.72 0.59 0.86 -7.63 1.43 12.95 -5.06 0.10
Pedestrian 0.00 0 -6.77 1118.19 149.20 1201.39 262.18 1.79 0.62 0.89 9.04 1.30 11.60 -6.11 0.10
