Pedestrian 0.00 0 -5.71 193.46 147.08 302.42 305.72 1.87 0.66 1.00 -4.43 1.48 8.71 -6.18 0.89
Pedestrian 0.00 0 -7.98 259.53 159.91 302.49 255.77 1.78 0.65 0.91 -6.33 1.40 13.70 -8.41 0.29
Pedestrian 0.00 0 -4.20 855.87 162.88 913.68 267.16 1.68 0.62 0.75 4.65 1.40 11.86 -3.83 0.22
Car 0.00 0 -8.69 1114.15 186.80 1223.00 369.00 1.44 1.58 3.45 5.26 1.49 4.58 -7.83 0.20
Car 0.00 0 -4.53 0.00 169.27 19.28 200.57 1.56 1.60 3.93 -32.43 1.00 37.41 -5.25 0.18
Pedestrian 0.00 0 -4.44 750.96 169.75 789.61 253.87 1.64 0.57 0.79 3.29 1.43 14.24 -4.21 0.17
Pedestrian 0.00 0 -4.94 1002.38 226.85 1079.07 369.00 1.15 0.36 0.63 3.25 1.53 5.38 -4.40 0.16
Car 0.00 0 -5.18 0.00 180.75 16.08 230.80 1.44 1.62 3.96 -20.42 1.45 21.83 -5.93 0.14
Pedestrian 0.00 0 -4.36 662.60 141.27 678.07 173.51 1.78 0.66 0.73 3.67 -0.40 39.81 -4.26 0.14
Pedestrian 0.00 0 -4.91 1002.56 170.10 1047.32 265.04 1.58 0.54 0.65 7.15 1.40 12.12 -4.38 0.14
Pedestrian 0.00 0 -1.91 19.44 165.96 74.88 254.24 1.73 0.63 0.89 -11.39 1.45 14.38 -2.58 0.13
Pedestrian 0.00 0 -6.70 1107.79 149.55 1183.33 261.01 1.77 0.58 0.82 8.80 1.28 11.59 -6.06 0.13
Pedestrian 0.00 0 -2.53 628.20 167.16 683.49 260.62 1.64 0.56 0.84 0.88 1.41 12.87 -2.46 0.13
Cyclist 0.00 0 -8.73 1136.04 163.35 1223.00 263.79 1.60 0.56 1.68 10.09 1.33 12.15 -8.03 0.12
Pedestrian 0.00 0 -4.41 72.29 166.73 126.35 259.77 1.67 0.58 0.90 -9.45 1.42 13.18 -5.03 0.12
Pedestrian 0.00 0 -5.01 961.40 165.28 1014.50 267.41 1.61 0.58 0.72 6.21 1.38 11.58 -4.52 0.11
Pedestrian 0.00 0 -5.15 769.24 158.75 823.62 262.41 1.76 0.62 0.85 3.32 1.39 12.46 -4.89 0.10
