Pedestrian 0.00 0 -4.62 1191.42 156.30 1241.00 366.78 1.64 0.67 0.80 5.40 1.52 6.15 -3.90 0.85
Car 0.00 0 -7.80 597.33 178.84 626.61 206.24 1.63 1.65 4.06 0.13 2.02 45.78 -7.80 0.83
Car 0.00 0 -4.09 19.63 196.14 200.21 269.59 1.47 1.55 4.10 -12.14 2.11 17.81 -4.69 0.44
Pedestrian 0.00 0 -9.01 990.06 161.76 1046.35 241.00 1.80 0.60 1.00 9.55 1.55 16.98 -8.50 0.42
Pedestrian 0.00 0 -6.95 792.37 167.91 823.68 220.17 1.95 0.66 0.94 7.49 1.77 27.47 -6.69 0.35
Pedestrian 0.00 0 -3.84 1042.84 143.51 1058.30 185.10 1.86 0.53 0.33 19.82 0.55 32.53 -3.29 0.23
Car 0.00 0 -4.39 312.37 188.89 421.55 250.99 1.48 1.66 4.13 -6.73 1.97 20.29 -4.71 0.20
Pedestrian 0.00 0 -6.72 1164.38 147.00 1241.00 277.97 1.80 0.66 0.74 8.50 1.45 10.35 -6.03 0.20
Pedestrian 0.00 0 -4.65 863.85 180.51 879.39 222.78 1.46 0.47 0.70 9.18 1.73 25.43 -4.31 0.17
Pedestrian 0.00 0 -6.68 787.89 177.82 806.64 212.89 1.78 0.64 0.74 9.57 2.04 37.04 -6.42 0.16
Pedestrian 0.00 0 -6.57 737.20 173.86 749.47 199.34 1.75 0.57 0.70 9.17 1.82 49.79 -6.39 0.14
Pedestrian 0.00 0 -4.51 846.98 170.65 865.42 218.70 1.76 0.56 0.47 9.08 1.68 26.73 -4.18 0.13
Pedestrian 0.00 0 -3.84 1191.86 142.77 1207.85 183.71 1.85 0.53 0.29 26.78 0.49 32.81 -3.16 0.13
Car 0.00 0 -2.69 445.93 184.27 522.00 210.94 1.53 1.66 4.26 -7.68 2.24 43.86 -2.86 0.13
Car 0.00 0 -7.78 463.10 181.31 500.88 215.66 1.62 1.62 4.08 -6.59 2.08 37.24 -7.96 0.12
Car 0.00 0 -6.36 156.89 193.14 265.32 232.86 1.48 1.60 3.88 -16.78 2.38 30.32 -6.87 0.12
Pedestrian 0.00 0 -5.07 1057.58 156.92 1109.41 246.90 1.75 0.61 0.84 9.45 1.44 14.49 -4.49 0.10
