Car 0.00 0 -7.73 460.78 176.03 522.25 223.10 1.56 1.67 4.17 -4.14 1.26 25.90 -7.89 0.96
Car 0.00 0 -7.03 0.00 211.17 183.05 375.00 1.48 1.64 3.78 -4.54 1.71 4.29 -7.84 0.95
Car 0.00 0 -7.85 578.93 175.16 639.00 230.76 1.56 1.68 3.37 -0.00 1.28 21.82 -7.85 0.94
Car 0.00 0 -7.38 140.83 190.24 307.28 261.28 1.38 1.60 4.12 -8.50 1.50 16.27 -7.86 0.92
Car 0.00 0 -7.80 573.91 178.12 615.95 214.18 1.47 1.62 3.72 -0.54 1.18 31.15 -7.82 0.67
Car 0.00 0 -7.72 498.31 176.67 537.15 206.14 1.49 1.58 3.61 -4.76 1.06 38.17 -7.84 0.67
Car 0.00 0 -7.93 211.11 184.01 269.18 228.71 1.50 1.60 3.67 -13.42 1.46 26.07 -8.40 0.44
Car 0.00 0 -4.67 531.57 176.10 552.76 195.00 1.46 1.54 3.84 -5.24 0.76 57.59 -4.76 0.29
Car 0.00 0 -4.66 454.43 173.41 481.06 198.33 1.66 1.63 4.04 -9.73 0.88 50.07 -4.86 0.26
Car 0.00 0 -7.20 213.49 171.74 284.54 201.89 1.56 1.58 3.61 -19.48 0.86 39.13 -7.66 0.18
Pedestrian 0.00 0 -5.10 759.22 202.38 798.24 291.47 1.23 0.38 0.49 2.39 1.48 10.29 -4.87 0.18
