Car 0.00 0 -7.15 375.61 166.71 753.37 374.00 1.64 1.66 3.41 -0.26 1.60 6.72 -7.19 0.95
Car 0.00 0 -7.60 884.84 180.76 1014.99 264.42 1.50 1.62 3.77 7.25 1.69 15.31 -7.16 0.94
Car 0.00 0 -4.28 681.75 175.83 907.53 319.19 1.59 1.59 3.74 2.66 1.64 10.04 -4.02 0.89
Car 0.00 0 -6.03 889.86 173.77 1005.87 217.57 1.59 1.61 3.80 13.05 1.63 28.05 -5.59 0.66
Car 0.00 0 -4.59 1055.93 173.85 1112.13 212.26 1.51 1.54 3.59 19.94 1.56 30.37 -4.01 0.58
Car 0.00 0 -7.86 1232.07 191.25 1241.00 258.73 1.43 1.52 2.77 16.27 1.93 17.71 -7.12 0.57
Pedestrian 0.00 0 -7.07 0.00 135.88 39.45 275.62 1.70 0.53 0.73 -7.86 1.25 9.16 -7.78 0.47
Cyclist 0.00 0 -7.71 990.36 168.99 1013.29 215.86 1.81 0.53 2.02 15.64 1.66 28.86 -7.22 0.42
Cyclist 0.00 0 -6.20 208.94 148.63 332.03 248.99 1.61 0.75 1.84 -5.76 1.22 12.26 -6.64 0.42
Car 0.00 0 -7.77 1090.57 180.07 1137.90 212.82 1.52 1.62 4.20 25.51 1.90 36.50 -7.16 0.36
Car 0.00 0 -6.13 996.60 171.48 1080.69 202.98 1.71 1.59 3.93 24.35 1.64 41.10 -5.60 0.32
Pedestrian 0.00 0 -7.47 1042.58 174.06 1060.84 209.98 1.82 0.57 0.73 22.61 1.88 36.99 -6.92 0.31
Pedestrian 0.00 0 -8.57 745.27 157.26 776.81 218.31 1.98 0.67 0.79 4.96 1.48 23.91 -8.37 0.23
Pedestrian 0.00 0 -7.26 1026.46 173.00 1050.81 211.53 1.81 0.66 0.81 20.40 1.82 34.40 -6.72 0.19
Cyclist 0.00 0 -4.08 1210.30 180.63 1241.00 242.49 1.74 0.67 1.59 18.36 1.97 20.94 -3.36 0.18
Pedestrian 0.00 0 -3.74 0.00 127.20 133.91 330.90 1.71 0.62 0.74 -4.92 1.32 6.49 -4.39 0.17
Pedestrian 0.00 0 -2.21 314.82 152.94 376.78 275.96 1.65 0.60 0.56 -3.74 1.38 10.06 -2.56 0.17
Pedestrian 0.00 0 -6.07 0.00 132.75 14.60 294.14 1.70 0.62 0.73 -7.25 1.28 8.07 -6.80 0.16
Cyclist 0.00 0 -4.55 1012.68 174.92 1032.52 213.91 1.67 0.50 1.62 18.16 1.77 31.81 -4.03 0.16
Pedestrian 0.00 0 -4.94 876.91 175.39 906.87 239.33 1.68 0.58 0.81 7.52 1.75 19.40 -4.57 0.16
Car 0.00 0 -5.01 1203.05 179.64 1241.00 205.76 1.56 1.61 4.21 39.89 2.02 46.44 -4.30 0.14
Pedestrian 0.00 0 -3.72 600.93 153.01 636.85 222.84 1.82 0.65 0.72 0.19 1.30 19.29 -3.71 0.12
Pedestrian 0.00 0 -7.71 686.55 154.58 721.06 241.14 1.87 0.64 0.94 2.05 1.47 16.11 -7.59 0.12
Pedestrian 0.00 0 -3.58 373.77 153.09 429.72 272.20 1.64 0.58 0.58 -3.04 1.37 10.33 -3.87 0.11
Pedestrian 0.00 0 -3.48 568.22 148.36 596.49 216.91 1.87 0.57 0.63 -0.82 1.20 20.05 -3.52 0.10
Pedestrian 0.00 0 -6.02 658.26 149.52 708.07 265.92 1.89 0.66 0.69 1.19 1.51 12.17 -5.93 0.10
