Car 0.00 0 -4.93 745.49 180.55 847.84 240.76 1.38 1.73 4.17 4.77 1.61 19.20 -4.69 0.91
Car 0.00 0 -4.75 670.31 176.98 730.66 236.23 1.51 1.53 3.36 2.43 1.63 20.32 -4.63 0.91
Car 0.00 0 -8.45 412.53 165.27 672.49 313.73 1.92 1.77 4.73 -1.37 1.82 11.71 -8.57 0.65
Car 0.00 0 -8.23 280.70 195.60 405.98 266.47 1.40 1.61 3.60 -6.53 2.01 17.34 -8.59 0.61
Car 0.00 0 -5.10 865.94 174.89 979.55 228.89 1.45 1.62 4.24 9.18 1.52 21.67 -4.70 0.40
Car 0.00 0 -4.03 0.00 220.55 232.62 374.00 1.65 1.61 3.84 -2.99 1.96 2.65 -4.88 0.34
Car 0.00 0 -3.04 50.75 182.39 126.80 208.44 1.47 1.62 3.58 -31.42 2.07 43.57 -3.67 0.27
Car 0.00 0 -2.00 178.57 180.88 228.39 202.22 1.46 1.61 4.08 -29.61 2.06 52.46 -2.51 0.26
Pedestrian 0.00 0 -5.16 1222.98 178.59 1241.00 244.13 1.42 0.54 0.49 14.02 1.55 16.02 -4.44 0.23
Cyclist 0.00 0 -7.05 901.09 144.12 937.55 180.71 1.80 0.64 1.72 15.46 0.39 36.14 -6.65 0.22
Pedestrian 0.00 0 -4.48 1176.29 153.23 1228.81 250.19 1.85 0.65 0.72 11.65 1.48 14.25 -3.79 0.22
Pedestrian 0.00 0 -4.61 1153.93 154.00 1212.75 261.61 1.88 0.76 0.79 10.38 1.55 13.13 -3.94 0.18
Pedestrian 0.00 0 -4.49 978.53 154.33 1027.26 248.98 1.90 0.72 0.86 8.16 1.53 15.06 -3.99 0.18
Car 0.00 0 -5.19 498.73 158.33 554.94 187.40 1.61 1.63 3.95 -4.94 0.81 42.14 -5.30 0.17
Pedestrian 0.00 0 -5.87 1237.87 158.69 1241.00 244.42 1.74 0.61 0.78 13.71 1.45 15.08 -5.14 0.17
Pedestrian 0.00 0 -4.58 1096.08 152.20 1148.28 255.94 1.88 0.71 0.75 9.60 1.51 13.60 -3.97 0.16
Car 0.00 0 -6.17 801.88 148.19 880.64 177.33 1.55 1.66 3.99 12.75 0.24 39.88 -5.87 0.13
Pedestrian 0.00 0 -3.62 1218.22 151.28 1241.00 249.86 1.89 0.68 0.78 12.62 1.48 14.26 -2.89 0.12
Car 0.00 0 -4.24 723.66 145.01 779.80 171.08 1.53 1.69 4.19 8.81 -0.12 44.78 -4.04 0.12
Cyclist 0.00 0 -3.63 211.74 178.48 242.02 206.01 1.61 0.56 1.52 -23.02 1.95 43.31 -4.12 0.11
Pedestrian 0.00 0 -4.66 1041.43 154.84 1086.53 253.90 1.89 0.72 0.75 8.92 1.54 14.26 -4.10 0.11
Car 0.00 0 -8.20 730.30 147.43 782.70 176.60 1.50 1.59 3.74 7.86 0.19 39.18 -8.01 0.10
Pedestrian 0.00 0 -5.19 1221.53 168.38 1241.00 262.25 1.59 0.51 0.59 11.09 1.52 12.59 -4.46 0.10
