Car 0.00 0 -4.52 447.28 180.69 489.04 210.82 1.56 1.58 3.90 -7.91 2.02 40.36 -4.72 0.83
Car 0.00 0 -4.53 500.43 179.96 526.84 196.97 1.41 1.61 3.89 -8.46 2.05 63.45 -4.66 0.64
Car 0.00 0 -7.10 171.28 185.15 255.39 219.18 1.49 1.55 3.58 -19.15 2.12 34.92 -7.61 0.31
Cyclist 0.00 0 -5.29 1174.44 174.31 1241.00 374.00 1.67 0.59 1.68 5.07 1.69 5.48 -4.55 0.25
Pedestrian 0.00 0 -7.49 975.02 174.40 1021.12 257.37 1.78 0.65 0.83 8.58 1.82 16.05 -7.00 0.22
Cyclist 0.00 0 -5.15 734.93 173.75 782.56 246.39 1.77 0.52 1.70 3.74 1.80 18.50 -4.95 0.20
Car 0.00 0 -6.94 89.75 192.50 202.73 232.80 1.40 1.59 3.57 -18.48 2.24 28.85 -7.51 0.19
Cyclist 0.00 0 -3.47 1227.66 136.15 1241.00 374.00 2.00 0.77 2.09 6.65 1.74 6.13 -2.64 0.14
Cyclist 0.00 0 -4.94 803.09 183.24 841.68 257.24 1.63 0.47 1.83 4.95 1.89 17.05 -4.66 0.13
Cyclist 0.00 0 -7.54 262.63 179.48 283.29 215.56 1.71 0.44 1.63 -16.54 2.04 35.34 -7.98 0.12
Cyclist 0.00 0 -7.55 691.73 178.00 708.54 212.90 1.64 0.35 1.58 4.34 1.90 34.97 -7.43 0.12
