Car 0.00 0 -8.00 644.45 177.80 723.91 233.93 1.39 1.60 4.31 1.94 1.55 20.46 -7.91 0.98
Car 0.00 0 -7.20 1072.22 192.54 1241.00 374.00 1.42 1.61 4.10 5.49 1.57 4.70 -6.34 0.96
Car 0.00 0 -2.71 128.92 183.60 379.36 257.55 1.39 1.58 4.31 -7.15 1.63 14.68 -3.16 0.92
Car 0.00 0 -2.80 238.02 181.87 426.11 244.99 1.41 1.50 3.91 -6.57 1.64 17.18 -3.17 0.91
Car 0.00 0 -6.99 956.00 161.68 1241.00 349.05 1.63 1.69 3.95 5.76 1.53 7.17 -6.32 0.88
Car 0.00 0 -5.92 311.13 174.54 441.93 227.53 1.58 1.56 3.55 -7.26 1.64 22.47 -6.23 0.79
Cyclist 0.00 0 -4.38 254.65 183.08 365.45 348.76 1.56 0.56 1.76 -3.22 1.68 7.79 -4.78 0.79
Car 0.00 0 -7.93 624.56 172.71 662.26 204.66 1.49 1.57 3.63 1.56 1.49 35.54 -7.89 0.79
Car 0.00 0 -3.04 411.68 172.30 497.17 203.42 1.62 1.71 4.31 -8.28 1.59 38.54 -3.25 0.59
Car 0.00 0 -7.15 0.00 158.54 47.71 360.79 1.70 1.64 4.12 -8.71 1.58 8.21 -7.97 0.57
Car 0.00 0 -7.95 619.71 169.87 655.09 200.43 1.64 1.64 3.72 1.47 1.48 40.67 -7.91 0.54
Car 0.00 0 -5.90 396.15 176.47 495.46 210.22 1.42 1.58 3.96 -7.24 1.59 31.78 -6.13 0.45
Pedestrian 0.00 0 -7.80 772.98 169.25 783.39 198.82 1.94 0.63 0.74 11.13 1.71 47.86 -7.57 0.28
Car 0.00 0 -4.45 263.75 179.31 361.52 236.96 1.39 1.54 3.81 -8.11 1.59 19.88 -4.84 0.28
Pedestrian 0.00 0 -3.74 686.27 166.32 702.51 199.75 1.82 0.55 0.70 4.60 1.46 39.61 -3.63 0.20
Pedestrian 0.00 0 -7.73 754.66 172.66 770.54 212.68 1.57 0.55 0.59 6.04 1.57 28.75 -7.52 0.20
Pedestrian 0.00 0 -6.55 492.77 170.99 507.15 199.66 1.72 0.64 0.72 -6.70 1.61 43.70 -6.70 0.20
Pedestrian 0.00 0 -4.12 104.51 149.52 137.35 211.92 1.96 0.67 0.56 -15.61 1.23 22.96 -4.71 0.19
Car 0.00 0 -2.89 471.00 172.15 533.30 193.00 1.46 1.63 4.12 -7.69 1.41 51.43 -3.04 0.18
Car 0.00 0 -4.75 492.75 170.71 519.36 196.80 1.64 1.58 4.14 -6.93 1.51 47.65 -4.89 0.18
Pedestrian 0.00 0 -4.62 217.87 155.75 238.81 204.27 1.86 0.67 0.61 -14.91 1.21 28.11 -5.10 0.18
Car 0.00 0 -6.58 771.99 163.24 844.55 190.94 1.60 1.68 3.79 11.60 1.04 42.46 -6.31 0.16
Cyclist 0.00 0 -7.20 33.63 173.12 103.68 239.62 1.64 0.47 1.76 -13.98 1.64 18.63 -7.84 0.14
Car 0.00 0 -7.70 435.84 173.38 487.80 214.35 1.54 1.52 3.49 -5.93 1.56 28.97 -7.90 0.14
Car 0.00 0 -7.99 652.77 169.40 677.76 188.77 1.62 1.63 3.92 4.72 1.33 62.33 -7.92 0.13
Car 0.00 0 -7.26 125.67 174.73 209.35 209.14 1.46 1.56 3.42 -19.88 1.55 32.51 -7.81 0.12
Car 0.00 0 -2.82 326.79 170.55 447.64 213.09 1.62 1.67 4.23 -8.73 1.53 28.34 -3.12 0.12
Car 0.00 0 -4.23 202.30 171.26 289.11 207.79 1.46 1.66 3.92 -15.44 1.39 30.73 -4.69 0.11
Car 0.00 0 -5.97 1101.43 161.27 1241.00 231.44 1.47 1.59 3.77 14.11 1.23 17.16 -5.29 0.11
Pedestrian 0.00 0 -4.87 712.91 163.11 726.73 197.55 1.99 0.70 0.67 6.35 1.42 41.96 -4.72 0.11
Cyclist 0.00 0 -7.94 617.61 170.11 624.94 192.64 1.63 0.40 1.60 0.80 1.43 52.89 -7.92 0.11
