Car 0.00 0 -7.11 0.00 206.45 310.34 369.00 1.52 1.63 3.95 -3.15 1.72 3.47 -7.85 0.95
Car 0.00 0 -5.09 407.75 174.26 467.30 205.42 1.46 1.63 3.74 -8.40 1.17 35.22 -5.32 0.56
Cyclist 0.00 0 -5.13 878.06 157.08 906.64 195.83 1.78 0.56 1.82 13.56 0.71 33.46 -4.74 0.50
Pedestrian 0.00 0 -7.69 278.50 177.41 313.25 255.49 1.55 0.56 0.63 -6.34 1.49 14.43 -8.10 0.50
Pedestrian 0.00 0 -7.39 788.67 161.99 806.60 195.58 1.77 0.65 0.75 10.26 0.79 37.70 -7.12 0.28
Car 0.00 0 -4.53 57.01 179.28 94.77 199.68 1.48 1.59 4.06 -39.88 1.39 53.37 -5.18 0.27
Pedestrian 0.00 0 -3.16 997.68 156.91 1020.96 223.64 1.67 0.67 0.51 10.29 1.08 18.07 -2.64 0.25
Pedestrian 0.00 0 -3.15 775.41 159.13 793.30 191.54 1.84 0.58 0.99 10.28 0.63 40.56 -2.90 0.21
Cyclist 0.00 0 -8.06 804.24 163.96 819.82 196.64 1.65 0.45 1.66 10.66 0.82 36.49 -7.77 0.21
Car 0.00 0 -5.67 331.90 173.96 452.26 216.53 1.53 1.66 4.20 -8.12 1.30 26.92 -5.96 0.20
Car 0.00 0 -5.44 768.14 167.10 830.43 190.82 1.48 1.67 4.01 12.63 0.64 46.19 -5.18 0.19
Pedestrian 0.00 0 -3.37 560.54 167.18 575.27 194.90 1.78 0.56 0.85 -2.40 0.92 45.66 -3.42 0.16
Car 0.00 0 -4.46 107.71 184.26 145.48 203.66 1.52 1.62 4.14 -39.43 1.84 58.38 -5.06 0.15
Cyclist 0.00 0 -3.49 1013.47 149.08 1059.36 187.58 1.78 0.62 1.73 20.21 0.33 33.17 -2.94 0.15
Pedestrian 0.00 0 -5.92 582.19 168.59 594.38 193.05 1.70 0.58 0.70 -1.17 0.87 49.60 -5.94 0.15
Car 0.00 0 -6.34 1161.12 161.44 1223.00 195.15 1.46 1.52 3.48 27.60 0.64 32.28 -5.63 0.15
Pedestrian 0.00 0 -3.96 910.74 160.03 921.71 192.47 1.73 0.48 0.27 16.68 0.64 37.92 -3.55 0.14
Pedestrian 0.00 0 -7.97 986.57 147.78 1005.27 187.52 1.88 0.73 0.51 18.66 0.33 33.78 -7.46 0.14
Cyclist 0.00 0 -6.99 1059.37 150.56 1144.35 221.65 1.70 0.68 1.67 12.15 0.99 17.36 -6.38 0.13
Cyclist 0.00 0 -3.06 908.89 156.81 949.02 193.05 1.78 0.63 1.78 16.20 0.62 35.39 -2.63 0.12
Car 0.00 0 -4.76 84.03 182.06 112.05 201.89 1.54 1.65 4.13 -41.15 1.67 57.38 -5.38 0.12
Car 0.00 0 -3.05 0.00 176.28 12.49 208.25 1.78 1.73 4.52 -37.64 1.54 41.33 -3.79 0.12
Car 0.00 0 -7.91 18.44 179.61 52.01 201.66 1.52 1.66 4.05 -40.92 1.46 50.76 -8.59 0.11
Pedestrian 0.00 0 -5.80 1160.21 169.15 1196.21 236.13 1.31 0.41 0.42 11.42 1.09 14.14 -5.12 0.11
Pedestrian 0.00 0 -7.56 774.79 167.30 788.12 196.23 1.59 0.55 0.68 9.80 0.87 39.29 -7.32 0.10
