Car 0.00 0 -8.33 795.88 179.55 1198.63 374.00 1.51 1.57 3.22 2.78 1.58 6.11 -7.90 0.96
Car 0.00 0 -8.00 588.85 175.68 649.63 223.24 1.52 1.59 3.63 0.21 1.63 25.17 -7.99 0.96
Car 0.00 0 -7.79 405.98 182.53 449.86 218.65 1.37 1.58 3.70 -7.67 1.81 30.45 -8.04 0.95
Car 0.00 0 -8.18 655.35 175.32 810.72 273.29 1.51 1.59 3.92 2.02 1.56 13.27 -8.03 0.95
Car 0.00 0 -7.47 54.61 196.09 317.00 348.99 1.41 1.55 3.74 -5.12 1.77 9.21 -7.98 0.92
Car 0.00 0 -4.42 218.94 185.06 378.91 277.11 1.46 1.66 4.50 -5.98 1.74 14.35 -4.82 0.89
Cyclist 0.00 0 -4.34 283.30 173.47 395.87 330.52 1.69 0.62 1.91 -3.25 1.70 8.72 -4.70 0.79
Car 0.00 0 -7.95 563.32 175.11 601.89 208.19 1.53 1.55 3.39 -1.42 1.64 35.33 -7.99 0.78
Cyclist 0.00 0 -4.26 119.69 170.83 287.46 374.00 1.76 0.56 1.85 -3.60 1.75 6.48 -4.77 0.77
Car 0.00 0 -4.53 423.55 173.34 466.52 207.19 1.75 1.59 3.97 -8.96 1.77 39.29 -4.76 0.57
Car 0.00 0 -7.92 545.22 173.20 571.56 196.78 1.60 1.60 4.04 -3.72 1.63 51.16 -7.99 0.42
Car 0.00 0 -7.90 391.14 174.05 425.11 207.15 1.74 1.65 3.86 -11.31 1.81 40.14 -8.17 0.32
Car 0.00 0 -6.69 691.78 171.09 806.15 218.99 1.59 1.59 3.56 4.75 1.53 25.06 -6.51 0.30
Car 0.00 0 -4.48 443.19 175.81 475.36 197.18 1.51 1.54 3.65 -11.16 1.74 53.48 -4.69 0.23
Pedestrian 0.00 0 -4.23 799.80 187.25 827.41 247.47 1.27 0.40 0.48 4.39 1.59 15.73 -3.96 0.19
Pedestrian 0.00 0 -5.06 787.86 156.03 826.29 232.43 1.89 0.63 1.03 4.97 1.48 18.40 -4.79 0.14
Pedestrian 0.00 0 -4.63 247.83 183.01 271.06 235.62 1.57 0.60 0.45 -10.72 1.88 21.98 -5.08 0.10
