Car 0.00 0 -8.63 742.15 176.12 859.02 224.45 1.43 1.55 3.67 6.07 1.54 23.53 -8.38 0.97
Car 0.00 0 -2.68 152.51 179.90 356.43 257.96 1.48 1.58 3.36 -7.16 1.63 14.64 -3.13 0.93
Car 0.00 0 -8.09 621.78 174.45 669.38 206.57 1.50 1.59 3.42 1.67 1.58 35.71 -8.04 0.92
Car 0.00 0 -5.39 0.00 200.25 148.29 374.00 1.41 1.60 4.43 -6.06 1.64 5.14 -6.26 0.89
Car 0.00 0 -2.46 0.00 186.82 194.84 349.19 1.44 1.59 3.94 -6.80 1.60 7.47 -3.20 0.81
Car 0.00 0 -2.74 216.06 178.35 408.31 245.07 1.46 1.59 3.81 -6.87 1.60 16.77 -3.13 0.80
Car 0.00 0 -7.95 608.68 174.42 639.30 198.72 1.45 1.55 3.80 0.81 1.55 45.29 -7.93 0.62
Car 0.00 0 -2.87 428.76 175.35 500.84 204.87 1.52 1.54 3.47 -7.71 1.66 38.29 -3.07 0.61
Car 0.00 0 -2.98 379.05 173.08 487.31 210.30 1.56 1.67 4.35 -7.63 1.57 31.28 -3.22 0.48
Car 0.00 0 -4.71 497.82 175.42 522.90 198.00 1.48 1.65 4.23 -6.94 1.67 50.13 -4.85 0.36
Car 0.00 0 -6.12 437.59 173.97 505.45 201.16 1.59 1.62 3.77 -8.28 1.66 43.20 -6.31 0.35
Car 0.00 0 -2.67 331.39 175.67 461.45 218.08 1.47 1.66 4.28 -7.83 1.58 26.42 -2.96 0.29
Pedestrian 0.00 0 -4.20 759.92 163.31 777.19 203.96 1.91 0.59 0.58 7.51 1.46 34.35 -3.98 0.22
Pedestrian 0.00 0 -7.40 706.44 166.06 721.67 198.15 1.82 0.64 0.65 5.94 1.44 41.45 -7.26 0.16
Pedestrian 0.00 0 -4.09 1195.69 145.99 1241.00 275.11 1.83 0.64 0.64 9.12 1.45 10.58 -3.37 0.15
Pedestrian 0.00 0 -3.34 769.91 161.67 782.16 195.89 1.94 0.59 0.58 9.43 1.30 41.13 -3.11 0.15
Pedestrian 0.00 0 -5.57 887.27 155.77 950.73 260.85 1.85 0.62 0.87 5.60 1.55 13.23 -5.17 0.14
Pedestrian 0.00 0 -8.24 1050.50 143.62 1120.09 275.56 1.87 0.65 0.66 6.90 1.45 10.58 -7.67 0.13
Pedestrian 0.00 0 -7.29 963.97 144.88 1044.65 283.10 1.88 0.65 0.86 5.57 1.50 10.30 -6.79 0.13
Car 0.00 0 -7.30 237.42 149.50 307.14 187.22 2.24 1.83 4.55 -21.05 0.85 45.12 -7.74 0.11
Pedestrian 0.00 0 -7.85 684.18 171.34 694.03 197.07 1.69 0.64 0.71 5.20 1.59 47.68 -7.74 0.10
