Car 0.00 0 -4.52 437.93 185.35 517.46 245.23 1.44 1.50 3.69 -3.61 1.82 19.99 -4.70 0.94
Car 0.00 0 -3.02 0.00 190.42 223.62 288.46 1.48 1.78 3.71 -9.21 1.84 13.17 -3.63 0.90
Car 0.00 0 -3.35 434.77 181.40 513.37 208.53 1.51 1.64 4.33 -8.09 2.04 42.79 -3.54 0.88
Car 0.00 0 -5.15 514.22 180.76 556.83 204.42 1.54 1.55 3.65 -5.24 2.11 50.12 -5.25 0.39
Pedestrian 0.00 0 -5.86 658.28 173.68 674.76 202.36 1.87 0.65 0.89 3.69 1.92 47.52 -5.78 0.31
Car 0.00 0 -7.57 669.71 178.93 710.63 204.24 1.53 1.61 3.86 5.19 1.94 46.63 -7.46 0.18
Car 0.00 0 -5.74 0.00 206.52 141.88 363.48 1.44 1.58 4.04 -8.06 1.88 8.35 -6.51 0.14
Pedestrian 0.00 0 -7.56 750.07 157.50 785.83 237.66 1.97 0.65 0.92 3.97 1.60 18.32 -7.34 0.14
Pedestrian 0.00 0 -7.70 416.36 173.61 437.62 221.57 1.86 0.74 0.54 -7.21 1.89 28.27 -7.95 0.13
Pedestrian 0.00 0 -5.64 806.10 155.38 827.13 208.66 2.02 0.57 0.55 7.91 1.36 27.78 -5.36 0.11
