Car 0.00 0 -6.01 446.36 176.56 645.54 263.17 1.55 1.58 3.59 -1.25 1.63 14.14 -6.09 0.94
Car 0.00 0 -7.41 0.00 183.95 51.06 213.84 1.47 1.63 3.84 -32.29 2.11 39.17 -8.10 0.18
Car 0.00 0 -2.45 187.27 179.15 248.28 200.26 1.42 1.48 3.62 -27.36 1.87 50.31 -2.95 0.17
Car 0.00 0 -2.78 13.85 173.47 150.32 210.15 1.45 1.62 4.27 -21.82 1.48 29.94 -3.41 0.15
Pedestrian 0.00 0 -7.48 967.08 166.04 982.88 204.31 1.95 0.57 0.54 18.72 1.60 37.08 -7.01 0.14
Car 0.00 0 -7.13 281.69 184.48 327.40 202.40 1.45 1.67 3.69 -26.72 2.51 63.18 -7.53 0.12
Pedestrian 0.00 0 -4.32 348.45 144.97 429.81 309.86 1.93 0.63 1.01 -2.78 1.60 8.98 -4.62 0.12
Pedestrian 0.00 0 -6.72 592.56 169.77 603.40 192.37 1.86 0.51 0.75 -1.02 1.61 59.84 -6.74 0.11
Pedestrian 0.00 0 -4.48 968.34 164.33 994.96 220.89 1.89 0.63 0.86 12.66 1.61 24.65 -4.01 0.11
Pedestrian 0.00 0 -3.21 294.76 149.51 392.56 350.36 1.81 0.43 0.84 -2.60 1.60 6.88 -3.58 0.11
Cyclist 0.00 0 -6.28 591.07 168.43 635.18 214.46 1.89 0.66 1.81 0.09 1.71 29.99 -6.28 0.10
Car 0.00 0 -5.56 0.00 212.47 1241.00 374.00 1.64 1.71 4.39 -1.31 1.77 1.49 -6.28 0.10
