Car 0.00 0 -6.56 784.51 169.67 892.00 210.81 1.51 1.58 3.59 8.55 1.40 27.37 -6.25 0.80
Car 0.00 0 -8.02 651.04 164.49 684.15 189.22 1.65 1.68 3.84 3.93 1.09 50.12 -7.94 0.54
Pedestrian 0.00 0 -6.03 425.58 171.68 438.84 196.24 1.79 0.58 0.82 -13.03 1.70 52.78 -6.28 0.46
Cyclist 0.00 0 -8.00 517.90 164.49 533.60 203.02 1.76 0.49 1.73 -4.00 1.38 33.80 -8.11 0.31
Pedestrian 0.00 0 -8.37 1030.51 164.28 1079.08 251.92 1.65 0.60 0.55 8.51 1.49 13.90 -7.83 0.24
Pedestrian 0.00 0 -5.06 0.00 163.80 22.24 260.92 1.66 0.49 0.45 -10.78 1.51 12.68 -5.77 0.24
Pedestrian 0.00 0 -8.12 1005.50 151.13 1032.07 201.05 1.87 0.76 0.54 15.50 1.06 27.44 -7.61 0.23
Pedestrian 0.00 0 -5.02 1239.75 113.46 1241.00 367.70 1.87 0.65 0.94 5.64 1.43 5.87 -4.25 0.20
Car 0.00 0 -4.53 682.73 166.31 718.46 189.20 1.53 1.72 4.25 6.35 1.09 50.47 -4.40 0.18
Car 0.00 0 -5.62 0.00 158.11 59.08 194.66 1.52 1.61 4.12 -26.33 0.91 30.89 -6.32 0.17
Car 0.00 0 -2.42 416.09 173.04 505.08 211.23 1.54 1.66 3.48 -6.40 1.55 30.67 -2.62 0.15
Car 0.00 0 -5.44 1143.95 129.43 1238.07 163.34 1.56 1.67 3.63 28.97 -0.50 36.17 -4.77 0.14
Pedestrian 0.00 0 -4.09 530.42 162.71 548.91 196.77 1.86 0.64 0.86 -3.92 1.31 39.92 -4.19 0.13
Pedestrian 0.00 0 -5.43 971.27 159.33 1039.30 265.70 1.73 0.61 0.83 6.62 1.51 12.21 -4.94 0.12
Pedestrian 0.00 0 -7.87 958.82 161.33 998.06 258.98 1.72 0.62 0.76 6.67 1.52 13.18 -7.40 0.11
Pedestrian 0.00 0 -3.92 888.67 161.29 912.80 206.96 1.87 0.65 0.67 12.04 1.40 29.99 -3.54 0.10
