Car 0.00 0 -3.63 888.14 194.62 1241.00 313.50 1.36 1.63 4.74 6.36 1.68 9.67 -3.05 0.98
Car 0.00 0 -6.63 874.75 182.15 1142.89 280.64 1.50 1.61 3.65 6.52 1.67 12.24 -6.14 0.95
Car 0.00 0 -2.49 0.00 176.90 206.28 367.23 1.62 1.69 3.68 -6.38 1.66 7.16 -3.22 0.94
Car 0.00 0 -8.76 1003.01 208.83 1241.00 374.00 1.54 1.61 3.54 3.00 1.75 2.35 -7.86 0.90
Car 0.00 0 -5.92 219.25 164.34 417.08 246.77 1.77 1.64 3.82 -6.54 1.59 16.34 -6.30 0.88
Car 0.00 0 -3.12 409.84 169.39 514.73 212.19 1.76 1.79 4.29 -6.33 1.62 30.96 -3.32 0.82
Car 0.00 0 -2.83 367.64 176.64 489.23 218.56 1.44 1.64 3.92 -6.51 1.58 25.91 -3.08 0.82
Car 0.00 0 -3.46 748.82 168.37 933.65 237.41 1.83 1.73 4.58 6.28 1.72 20.07 -3.16 0.78
Car 0.00 0 -2.79 245.59 176.24 416.10 236.07 1.48 1.53 3.85 -7.22 1.58 18.78 -3.15 0.68
Car 0.00 0 -6.35 702.33 164.06 750.28 184.12 1.57 1.66 3.66 9.19 0.88 57.36 -6.19 0.35
Cyclist 0.00 0 -7.45 353.73 166.27 381.79 206.35 1.72 0.54 1.75 -10.75 1.44 31.94 -7.78 0.23
Car 0.00 0 -4.66 615.88 172.52 636.07 189.88 1.52 1.59 4.20 1.45 1.49 65.19 -4.63 0.21
Pedestrian 0.00 0 -4.36 1168.12 161.53 1223.12 249.37 1.86 0.67 0.89 12.76 1.62 15.78 -3.69 0.17
Pedestrian 0.00 0 -6.67 375.01 168.28 389.77 205.02 1.71 0.53 0.50 -10.73 1.50 33.90 -6.97 0.17
Pedestrian 0.00 0 -3.69 847.78 163.05 864.96 216.09 1.95 0.52 0.39 9.09 1.59 26.77 -3.36 0.16
Car 0.00 0 -4.64 546.18 173.40 566.10 190.78 1.57 1.57 3.94 -5.01 1.62 67.28 -4.71 0.14
Cyclist 0.00 0 -3.38 1061.19 153.04 1110.51 195.37 1.88 0.62 1.76 21.45 1.00 32.61 -2.80 0.14
Pedestrian 0.00 0 -3.34 706.17 172.54 713.52 202.87 1.74 0.47 0.33 5.71 1.72 41.53 -3.21 0.14
Pedestrian 0.00 0 -3.86 185.37 157.57 240.75 245.20 1.86 0.67 0.83 -8.73 1.53 15.80 -4.37 0.12
Pedestrian 0.00 0 -6.08 630.98 168.57 648.20 197.51 1.76 0.51 0.98 1.79 1.50 44.35 -6.04 0.11
Car 0.00 0 -2.62 460.30 174.72 527.83 199.81 1.56 1.65 4.02 -7.52 1.69 46.65 -2.78 0.11
