Car 0.00 0 -4.60 543.20 175.20 580.57 204.03 1.52 1.64 4.08 -2.68 1.66 40.47 -4.67 0.85
Pedestrian 0.00 0 -5.43 282.81 171.29 313.79 226.09 1.73 0.61 0.70 -10.09 1.69 23.26 -5.84 0.28
Pedestrian 0.00 0 -7.98 854.10 167.42 882.12 234.07 1.70 0.63 0.46 6.64 1.56 18.70 -7.64 0.26
Cyclist 0.00 0 -7.69 444.26 178.03 453.83 202.99 1.63 0.37 1.61 -10.78 1.98 48.19 -7.91 0.19
Pedestrian 0.00 0 -6.84 758.32 167.94 776.88 208.68 1.71 0.54 0.57 6.66 1.51 30.68 -6.63 0.16
Pedestrian 0.00 0 -3.86 778.23 163.36 812.14 220.55 1.83 0.62 0.88 5.99 1.52 23.50 -3.61 0.16
Pedestrian 0.00 0 -8.09 482.42 177.15 492.75 199.97 1.74 0.67 0.59 -9.47 2.08 55.63 -8.25 0.15
Pedestrian 0.00 0 -5.24 1009.26 154.84 1069.84 265.15 1.65 0.58 0.59 6.53 1.38 11.07 -4.71 0.14
Car 0.00 0 -6.75 700.44 176.35 912.43 250.69 1.45 1.59 4.09 4.09 1.53 15.40 -6.49 0.14
Pedestrian 0.00 0 -3.87 1169.26 136.70 1241.00 294.53 1.77 0.49 0.84 7.03 1.37 8.35 -3.17 0.14
Pedestrian 0.00 0 -3.88 203.70 157.21 262.85 246.46 1.93 0.69 0.96 -8.47 1.59 16.14 -4.37 0.13
Pedestrian 0.00 0 -4.26 274.07 204.94 302.32 263.27 1.13 0.37 0.41 -6.49 1.78 14.44 -4.68 0.13
Pedestrian 0.00 0 -6.08 429.87 176.37 443.49 204.93 1.79 0.57 0.74 -10.98 2.01 45.60 -6.31 0.11
Pedestrian 0.00 0 -7.72 959.10 158.27 999.75 248.17 1.72 0.66 0.44 7.19 1.44 14.15 -7.25 0.10
