Cyclist 0.00 0 -8.30 957.47 148.25 1049.07 276.92 1.82 0.54 1.72 5.94 1.47 11.09 -7.80 0.93
Car 0.00 0 -5.12 936.76 181.90 989.08 205.27 1.50 1.66 4.44 24.57 2.17 50.45 -4.66 0.70
Pedestrian 0.00 0 -8.22 786.77 167.45 812.19 216.48 1.86 0.69 0.85 7.27 1.66 27.88 -7.97 0.70
Car 0.00 0 -3.63 900.22 185.64 982.52 211.84 1.49 1.56 4.18 19.53 2.26 42.67 -3.20 0.65
Pedestrian 0.00 0 -8.23 1010.72 151.14 1065.59 249.01 1.75 0.61 0.82 7.86 1.36 13.36 -7.70 0.53
Car 0.00 0 -4.15 241.58 186.66 335.32 228.31 1.46 1.58 3.88 -12.70 2.05 28.67 -4.57 0.40
Car 0.00 0 -3.46 800.31 173.69 883.50 200.20 1.54 1.59 4.42 13.68 1.59 42.79 -3.15 0.35
Pedestrian 0.00 0 -8.21 1053.10 153.98 1106.87 248.42 1.68 0.60 0.76 8.56 1.34 13.25 -7.64 0.29
Car 0.00 0 -3.74 1233.68 181.15 1241.00 208.36 1.55 1.64 4.26 39.99 2.06 42.88 -2.99 0.20
Car 0.00 0 -4.78 1196.45 178.52 1231.65 202.64 1.54 1.57 4.10 41.18 1.95 49.28 -4.08 0.19
Car 0.00 0 -3.49 840.66 180.42 918.10 204.09 1.54 1.75 4.55 18.01 2.06 48.46 -3.13 0.17
Pedestrian 0.00 0 -4.97 910.90 175.13 935.22 225.75 1.56 0.51 0.79 9.78 1.63 22.65 -4.57 0.17
Car 0.00 0 -4.65 1088.96 173.69 1116.53 193.22 1.56 1.63 4.08 41.00 1.64 60.03 -4.05 0.15
Cyclist 0.00 0 -8.15 730.69 165.77 753.19 206.62 1.89 0.56 1.75 6.21 1.56 34.24 -7.97 0.15
Pedestrian 0.00 0 -6.11 662.71 172.13 673.31 192.86 1.76 0.48 0.83 4.92 1.70 61.50 -6.03 0.14
Pedestrian 0.00 0 -6.36 679.59 168.69 690.48 195.99 1.93 0.55 0.73 5.30 1.64 51.27 -6.25 0.13
Pedestrian 0.00 0 -6.95 1043.14 176.53 1061.39 207.13 1.77 0.64 0.66 25.82 1.99 42.18 -6.40 0.11
Car 0.00 0 -4.80 1065.37 172.37 1092.71 191.29 1.56 1.59 4.12 39.94 1.52 61.54 -4.23 0.11
Pedestrian 0.00 0 -3.80 775.80 170.24 785.47 191.91 1.87 0.47 0.67 14.82 1.65 62.76 -3.57 0.10
