Car 0.00 0 -6.16 19.65 178.96 222.92 242.69 1.57 1.72 4.40 -12.81 1.51 19.49 -6.74 0.89
Car 0.00 0 -7.72 560.22 170.56 595.58 197.30 1.52 1.63 3.63 -1.35 0.90 42.62 -7.75 0.85
Car 0.00 0 -6.82 378.54 175.65 502.62 221.67 1.46 1.55 3.93 -5.50 1.28 24.74 -7.04 0.64
Car 0.00 0 -5.24 961.52 122.63 1050.18 162.79 1.50 1.63 3.67 16.95 -0.84 30.33 -4.73 0.22
Car 0.00 0 -7.75 604.75 167.48 628.98 187.99 1.72 1.68 4.14 1.40 0.54 62.32 -7.73 0.20
Pedestrian 0.00 0 -7.62 550.61 171.25 561.37 195.41 1.78 0.63 0.82 -3.35 1.02 53.25 -7.69 0.19
Car 0.00 0 -7.74 483.07 177.71 522.52 207.30 1.37 1.51 3.64 -4.79 1.20 35.18 -7.88 0.17
Pedestrian 0.00 0 -8.62 666.90 170.22 688.22 209.92 1.65 0.64 0.63 3.19 1.18 30.28 -8.51 0.12
Cyclist 0.00 0 -8.46 1231.25 109.54 1237.00 162.94 1.75 0.55 1.65 22.80 -0.67 24.99 -7.72 0.12
Car 0.00 0 -7.79 377.25 175.11 421.24 211.79 1.48 1.58 3.77 -8.69 1.23 31.03 -8.06 0.12
Car 0.00 0 -5.15 1134.76 121.06 1222.02 159.34 1.48 1.62 3.68 25.64 -1.05 32.09 -4.48 0.11
Pedestrian 0.00 0 -3.30 977.78 150.13 1042.29 259.77 1.71 0.59 0.82 6.55 1.22 11.62 -2.79 0.11
Pedestrian 0.00 0 -3.79 1092.98 134.72 1197.84 282.95 1.73 0.63 0.80 6.53 1.19 8.72 -3.15 0.11
Pedestrian 0.00 0 -3.37 1022.74 145.58 1080.51 266.63 1.73 0.64 0.59 6.63 1.22 10.67 -2.82 0.11
Car 0.00 0 -7.81 585.58 170.54 605.20 188.00 1.55 1.61 3.98 -0.49 0.58 65.67 -7.82 0.10
