Car 0.00 0 -8.22 765.34 195.58 1119.27 374.00 1.42 1.62 3.83 2.64 1.70 6.88 -7.85 0.96
Car 0.00 0 -4.89 679.37 187.65 777.33 256.42 1.37 1.60 3.79 2.63 1.76 17.10 -4.74 0.96
Car 0.00 0 -4.54 426.96 182.94 514.83 248.93 1.43 1.54 3.56 -3.40 1.71 17.96 -4.72 0.92
Car 0.00 0 -4.28 0.00 178.88 407.71 374.00 1.59 1.68 4.26 -3.40 1.67 6.94 -4.73 0.88
Car 0.00 0 -7.97 662.27 182.06 722.93 232.54 1.46 1.54 3.46 2.55 1.78 23.27 -7.86 0.87
Car 0.00 0 -4.86 648.56 180.68 702.76 221.87 1.45 1.56 3.71 2.43 1.77 27.93 -4.77 0.62
Pedestrian 0.00 0 -7.36 1040.22 145.73 1059.23 185.93 1.77 0.58 0.45 19.51 0.57 32.07 -6.81 0.33
Pedestrian 0.00 0 -3.45 752.47 167.75 775.49 209.74 1.93 0.62 0.90 7.10 1.69 33.48 -3.24 0.28
Pedestrian 0.00 0 -4.92 1053.37 171.47 1101.85 271.28 1.78 0.60 0.80 8.57 1.75 13.32 -4.35 0.25
Pedestrian 0.00 0 -4.04 1002.62 152.00 1074.52 276.82 1.97 0.57 0.91 6.97 1.64 11.83 -3.50 0.18
Car 0.00 0 -3.24 608.07 180.11 678.08 205.34 1.53 1.66 4.25 2.01 2.00 45.40 -3.20 0.17
Cyclist 0.00 0 -8.45 1034.86 172.97 1096.33 241.63 1.61 0.43 1.63 11.13 1.62 17.76 -7.89 0.17
Pedestrian 0.00 0 -4.41 974.26 171.49 1007.57 239.93 1.76 0.63 0.61 9.99 1.73 19.01 -3.93 0.13
Pedestrian 0.00 0 -4.04 1137.94 145.95 1221.89 282.71 1.89 0.61 0.76 8.13 1.52 10.37 -3.38 0.11
Cyclist 0.00 0 -4.75 366.26 176.56 386.35 233.59 1.67 0.53 1.51 -7.18 1.79 22.00 -5.06 0.11
Pedestrian 0.00 0 -7.87 860.83 169.05 877.55 217.48 1.84 0.60 0.38 9.92 1.70 27.74 -7.53 0.10
Cyclist 0.00 0 -4.89 763.56 174.96 787.74 223.99 1.73 0.58 1.61 5.98 1.81 26.30 -4.67 0.10
