Cyclist 0.00 0 -6.68 537.77 162.14 597.32 222.52 1.87 0.58 1.82 -1.22 1.30 22.55 -6.73 0.49
Pedestrian 0.00 0 -5.86 490.34 167.74 513.07 205.20 1.81 0.62 0.93 -5.08 1.20 34.68 -6.01 0.43
Car 0.00 0 -3.88 931.59 167.77 1223.00 325.17 1.57 1.64 4.13 6.10 1.45 8.07 -3.24 0.33
Pedestrian 0.00 0 -5.38 0.00 135.40 30.82 356.21 1.92 0.58 1.00 -6.06 1.53 6.52 -6.13 0.30
Pedestrian 0.00 0 -2.75 144.78 164.95 199.64 246.69 1.77 0.60 0.88 -9.61 1.43 15.66 -3.30 0.22
Car 0.00 0 -7.84 977.69 162.36 1108.52 275.02 1.62 1.67 3.87 7.53 1.36 12.24 -7.29 0.19
Cyclist 0.00 0 -7.94 486.74 171.46 498.48 202.20 1.70 0.51 1.57 -6.38 1.20 40.03 -8.10 0.17
Pedestrian 0.00 0 -8.28 477.99 172.00 495.24 204.25 1.73 0.68 0.74 -6.43 1.27 38.33 -8.45 0.17
Pedestrian 0.00 0 -2.79 728.74 155.05 772.92 229.92 1.95 0.60 1.01 3.86 1.29 18.91 -2.58 0.14
Car 0.00 0 -4.57 498.04 170.67 528.12 194.72 1.69 1.63 3.98 -6.68 1.00 51.78 -4.70 0.14
Pedestrian 0.00 0 -4.42 443.36 193.69 468.45 252.82 1.19 0.40 0.42 -3.11 1.47 14.55 -4.63 0.14
Pedestrian 0.00 0 -5.62 0.00 116.73 41.98 369.00 1.89 0.52 0.87 -2.78 1.69 2.61 -6.44 0.14
Pedestrian 0.00 0 -4.20 486.87 185.45 506.82 228.16 1.23 0.42 0.42 -3.19 1.37 20.61 -4.35 0.14
Car 0.00 0 -8.00 1029.21 104.86 1109.41 159.98 1.54 1.68 3.80 15.20 -0.74 23.37 -7.42 0.12
Pedestrian 0.00 0 -4.30 878.44 145.73 951.73 296.28 1.89 0.62 0.80 4.07 1.45 9.37 -3.89 0.12
Car 0.00 0 -7.72 588.28 171.97 622.64 198.53 1.55 1.59 3.95 0.07 1.05 43.23 -7.72 0.12
Pedestrian 0.00 0 -4.52 471.53 189.74 490.68 238.82 1.21 0.41 0.38 -3.13 1.44 17.65 -4.70 0.11
Car 0.00 0 -7.90 506.33 170.64 539.95 200.82 1.62 1.70 3.94 -4.70 1.09 40.12 -8.02 0.11
Car 0.00 0 -7.91 611.37 167.04 648.62 201.08 1.74 1.78 4.63 1.29 1.05 38.50 -7.87 0.10
