Car 0.00 0 -4.48 300.90 190.33 444.29 296.76 1.49 1.57 3.42 -3.97 1.84 12.45 -4.79 0.94
Car 0.00 0 -8.41 859.53 187.08 1241.00 374.00 1.55 1.66 4.17 3.37 1.70 5.41 -7.85 0.94
Car 0.00 0 -8.04 675.50 175.47 787.48 261.38 1.60 1.65 3.71 2.41 1.66 15.45 -7.89 0.94
Car 0.00 0 -8.15 752.00 186.04 963.62 322.23 1.47 1.61 4.04 3.15 1.69 10.18 -7.85 0.93
Car 0.00 0 -4.27 0.00 195.77 346.35 374.00 1.58 1.76 4.18 -3.60 1.83 5.80 -4.83 0.93
Car 0.00 0 -7.96 630.69 180.00 684.34 222.12 1.48 1.62 4.18 1.74 1.78 28.16 -7.90 0.88
Car 0.00 0 -4.68 506.38 179.80 533.37 205.65 1.51 1.55 3.70 -5.64 1.97 45.20 -4.80 0.77
Car 0.00 0 -7.75 439.04 170.96 508.88 234.66 1.90 1.80 4.70 -4.44 1.84 23.93 -7.94 0.70
Cyclist 0.00 0 -4.75 613.43 178.67 622.66 206.31 1.61 0.49 1.62 0.44 1.96 43.07 -4.74 0.57
Cyclist 0.00 0 -7.28 22.14 151.66 57.63 190.55 1.72 0.45 1.64 -25.89 0.78 32.74 -7.95 0.48
Car 0.00 0 -8.01 615.69 178.56 653.44 208.15 1.55 1.57 3.41 1.29 1.88 40.18 -7.98 0.42
Car 0.00 0 -7.96 626.50 179.50 667.05 215.16 1.53 1.52 3.25 1.62 1.86 33.34 -7.91 0.36
Car 0.00 0 -4.97 641.51 178.13 734.41 238.30 1.52 1.60 4.24 2.07 1.68 20.78 -4.87 0.20
Pedestrian 0.00 0 -4.55 295.64 168.68 325.85 239.00 1.87 0.64 0.78 -8.17 1.76 19.61 -4.95 0.17
Car 0.00 0 -4.74 605.50 176.11 632.46 202.35 1.62 1.65 4.22 0.52 1.84 47.09 -4.73 0.17
Car 0.00 0 -7.86 470.24 184.51 511.14 223.82 1.46 1.56 3.45 -4.94 1.96 29.63 -8.02 0.17
Car 0.00 0 -7.78 757.89 174.05 797.66 206.83 1.49 1.60 3.55 8.12 1.55 34.90 -7.55 0.17
Car 0.00 0 -7.99 687.45 176.41 728.33 211.81 1.59 1.44 3.71 4.62 1.77 34.72 -7.86 0.15
Car 0.00 0 -7.14 713.93 158.01 774.13 181.79 1.55 1.64 4.24 9.09 0.58 48.93 -6.96 0.15
Cyclist 0.00 0 -8.79 951.34 162.82 1045.13 244.56 1.72 0.65 1.81 8.57 1.51 16.09 -8.30 0.14
Pedestrian 0.00 0 -8.03 977.30 156.29 1004.25 213.46 1.79 0.69 0.46 12.06 1.27 22.94 -7.55 0.14
Car 0.00 0 -5.49 540.96 176.90 587.75 197.87 1.56 1.60 3.53 -3.59 1.88 56.02 -5.56 0.13
Pedestrian 0.00 0 -5.36 295.70 178.20 330.57 258.08 1.74 0.58 0.44 -6.69 1.86 16.14 -5.75 0.12
Cyclist 0.00 0 -6.18 838.57 147.13 880.54 188.23 1.84 0.69 1.75 11.34 0.69 32.89 -5.84 0.12
Pedestrian 0.00 0 -8.47 901.32 147.69 923.04 195.30 1.83 0.68 0.39 11.69 0.86 28.02 -8.08 0.10
