Car 0.00 0 -8.40 855.49 176.21 1241.00 374.00 1.58 1.63 3.88 3.33 1.61 5.56 -7.86 0.96
Car 0.00 0 -8.18 721.76 152.03 929.35 298.92 1.91 1.76 4.59 3.13 1.64 11.71 -7.91 0.94
Car 0.00 0 -4.21 0.00 182.00 362.36 374.00 1.64 1.67 3.89 -3.53 1.74 5.94 -4.75 0.91
Car 0.00 0 -4.45 265.54 175.02 440.77 311.09 1.67 1.55 3.49 -3.64 1.71 10.69 -4.78 0.90
Car 0.00 0 -4.48 377.30 186.27 483.92 255.97 1.44 1.62 4.25 -4.33 1.81 17.87 -4.72 0.90
Car 0.00 0 -4.54 480.84 179.71 527.37 212.47 1.59 1.68 4.45 -5.57 1.97 38.19 -4.68 0.78
Car 0.00 0 -4.68 506.49 179.88 534.27 207.05 1.59 1.62 4.03 -5.62 2.05 45.28 -4.81 0.47
Car 0.00 0 -4.92 517.08 179.51 545.94 198.77 1.43 1.49 3.93 -6.26 1.97 57.01 -5.03 0.35
Cyclist 0.00 0 -7.90 896.35 166.78 926.49 254.35 1.77 0.50 1.74 6.39 1.64 15.45 -7.51 0.27
Pedestrian 0.00 0 -4.49 197.90 149.91 258.67 270.62 1.98 0.71 1.04 -6.59 1.60 12.41 -4.98 0.25
Pedestrian 0.00 0 -5.20 761.54 160.83 783.19 213.57 2.00 0.63 0.54 6.20 1.55 27.76 -4.98 0.17
Pedestrian 0.00 0 -7.34 1164.45 128.24 1241.00 264.85 1.81 0.62 0.73 8.18 1.22 9.97 -6.66 0.15
Car 0.00 0 -7.86 610.74 174.67 629.89 194.39 1.68 1.64 3.71 0.88 1.84 63.62 -7.85 0.14
Pedestrian 0.00 0 -8.81 945.73 168.01 982.83 239.93 1.72 0.58 0.59 8.63 1.61 17.68 -8.36 0.13
Pedestrian 0.00 0 -3.17 315.38 169.39 346.04 246.23 1.85 0.61 0.69 -6.94 1.77 17.78 -3.54 0.12
Pedestrian 0.00 0 -7.69 738.82 151.31 775.50 244.91 1.94 0.65 0.80 3.11 1.50 15.46 -7.49 0.11
Pedestrian 0.00 0 -4.21 1176.67 142.58 1241.00 253.98 1.64 0.68 0.54 9.15 1.19 11.03 -3.52 0.11
Car 0.00 0 -7.70 462.27 175.00 494.89 200.27 1.70 1.69 3.86 -9.26 1.86 50.92 -7.88 0.10
