Car 0.00 0 -7.65 391.31 189.31 486.98 251.18 1.40 1.59 4.20 -4.29 1.52 18.70 -7.88 0.94
Car 0.00 0 -7.53 347.92 186.63 419.37 224.54 1.36 1.59 3.47 -8.56 1.42 27.61 -7.83 0.88
Car 0.00 0 -7.68 465.94 181.89 519.46 220.04 1.49 1.58 3.61 -4.75 1.36 29.84 -7.83 0.88
Car 0.00 0 -7.89 579.36 179.23 609.58 207.16 1.50 1.58 3.13 -0.80 1.18 40.20 -7.91 0.81
Car 0.00 0 -7.79 417.59 182.84 452.42 211.61 1.46 1.58 3.89 -9.23 1.34 38.51 -8.03 0.71
Car 0.00 0 -7.59 395.69 179.44 433.03 202.08 1.45 1.53 3.52 -12.87 1.08 47.92 -7.85 0.71
Car 0.00 0 -4.57 492.03 180.01 531.98 208.55 1.51 1.63 4.15 -5.31 1.23 40.05 -4.70 0.65
Pedestrian 0.00 0 -7.45 337.11 176.27 358.14 214.94 1.77 0.69 0.71 -12.07 1.36 33.28 -7.80 0.59
Pedestrian 0.00 0 -6.31 527.44 182.20 539.52 205.20 1.51 0.58 0.77 -4.93 1.31 47.44 -6.42 0.36
Car 0.00 0 -7.43 237.37 182.97 358.15 245.29 1.57 1.63 3.95 -8.57 1.52 20.15 -7.84 0.26
Car 0.00 0 -7.90 493.46 173.63 512.66 192.39 1.74 1.65 3.90 -10.06 0.67 68.90 -8.04 0.25
Cyclist 0.00 0 -4.72 665.59 176.49 682.66 231.46 1.71 0.53 1.50 2.08 1.44 23.07 -4.63 0.23
Pedestrian 0.00 0 -6.18 701.13 183.63 739.67 256.49 1.59 0.58 0.79 2.47 1.55 16.03 -6.02 0.19
Car 0.00 0 -4.68 452.67 177.65 479.71 203.18 1.59 1.60 3.97 -9.22 1.12 46.88 -4.87 0.18
Car 0.00 0 -4.45 400.39 173.06 428.58 189.25 1.53 1.64 4.11 -18.80 0.38 70.04 -4.71 0.12
Car 0.00 0 -6.26 480.21 175.73 536.22 196.79 1.63 1.72 4.32 -7.84 0.90 56.75 -6.40 0.11
Cyclist 0.00 0 -7.87 641.75 179.40 649.54 207.81 1.58 0.41 1.49 2.12 1.26 40.77 -7.82 0.11
Cyclist 0.00 0 -5.20 729.12 174.60 758.75 217.25 1.74 0.49 1.66 5.66 1.31 30.17 -5.02 0.11
Pedestrian 0.00 0 -5.13 1120.99 150.57 1203.43 300.20 1.81 0.60 0.68 6.92 1.39 9.07 -4.48 0.11
Car 0.00 0 -7.33 0.00 188.84 254.87 337.81 1.58 1.62 4.08 -6.58 1.64 9.82 -7.92 0.10
Pedestrian 0.00 0 -3.58 1037.02 151.42 1127.48 301.27 1.82 0.57 0.79 5.93 1.41 9.08 -3.00 0.10
