Pedestrian 0.00 0 -5.91 224.72 160.98 317.58 301.98 1.74 0.50 0.96 -4.29 1.50 9.02 -6.36 0.85
Pedestrian 0.00 0 -3.16 271.03 164.58 308.27 257.23 1.75 0.69 0.65 -6.20 1.45 13.80 -3.58 0.30
Car 0.00 0 -3.96 0.00 183.99 72.87 235.09 1.45 1.64 4.01 -19.25 1.57 22.37 -4.67 0.25
Pedestrian 0.00 0 -8.14 838.04 169.77 871.32 234.28 1.59 0.60 0.74 6.24 1.33 17.80 -7.81 0.19
Pedestrian 0.00 0 -4.32 0.00 173.58 53.85 259.91 1.67 0.68 0.84 -11.69 1.54 14.19 -5.01 0.18
Pedestrian 0.00 0 -4.99 989.68 230.37 1072.83 369.00 1.17 0.36 0.67 3.16 1.57 5.36 -4.46 0.16
Pedestrian 0.00 0 -4.05 1168.89 168.50 1223.00 265.09 1.59 0.61 0.75 10.13 1.39 11.99 -3.35 0.14
Car 0.00 0 -6.20 653.49 140.75 719.85 168.63 1.50 1.61 3.63 4.66 -0.69 40.24 -6.08 0.13
Pedestrian 0.00 0 -4.54 1010.93 172.33 1058.01 272.45 1.63 0.58 0.65 7.21 1.50 11.94 -3.99 0.12
Pedestrian 0.00 0 -4.40 60.68 177.26 94.37 232.84 1.57 0.58 0.77 -15.30 1.48 20.48 -5.05 0.12
Car 0.00 0 -8.99 1101.11 194.41 1223.00 369.00 1.49 1.54 3.10 5.00 1.61 4.26 -8.13 0.11
Cyclist 0.00 0 -5.00 666.65 165.40 692.66 209.60 1.73 0.62 1.55 2.97 1.14 28.43 -4.90 0.11
Pedestrian 0.00 0 -4.69 678.19 164.98 707.87 251.19 1.72 0.59 0.75 1.77 1.41 14.54 -4.57 0.10
Pedestrian 0.00 0 -8.10 606.99 163.73 639.03 235.33 1.75 0.64 0.75 0.41 1.34 17.72 -8.08 0.10
