Pedestrian 0.00 0 -7.53 178.82 175.18 294.55 373.00 1.72 0.65 1.00 -3.31 1.66 6.51 -8.00 0.91
Pedestrian 0.00 0 -8.11 741.51 169.39 857.34 373.00 1.72 0.68 0.91 1.51 1.63 5.78 -7.85 0.83
Pedestrian 0.00 0 -8.38 1022.10 161.32 1132.86 333.49 1.69 0.60 0.88 4.89 1.49 7.50 -7.80 0.78
Car 0.00 0 -4.75 604.32 175.77 630.50 203.86 1.93 1.70 4.33 1.12 1.54 51.61 -4.73 0.62
Pedestrian 0.00 0 -4.05 483.94 181.52 510.17 228.14 1.73 0.66 0.75 -3.97 1.73 27.17 -4.19 0.59
Cyclist 0.00 0 -5.04 356.96 177.03 419.19 270.76 1.73 0.59 1.93 -4.29 1.65 14.22 -5.33 0.48
Pedestrian 0.00 0 -2.99 655.04 176.24 670.58 204.64 1.80 0.55 0.92 3.94 1.47 46.02 -2.91 0.46
Pedestrian 0.00 0 -7.32 890.18 169.92 932.25 239.61 1.70 0.62 0.85 7.74 1.42 18.02 -6.91 0.46
Pedestrian 0.00 0 -8.24 775.19 178.06 818.02 254.32 1.61 0.68 0.70 4.17 1.53 15.51 -7.98 0.40
Pedestrian 0.00 0 -8.04 486.33 178.80 506.04 225.42 1.82 0.68 0.57 -4.18 1.71 28.36 -8.18 0.40
Pedestrian 0.00 0 -2.79 639.80 176.29 653.34 201.12 1.93 0.55 0.93 3.57 1.53 56.38 -2.72 0.35
Pedestrian 0.00 0 -8.30 1126.74 129.49 1159.12 182.34 1.82 0.71 0.60 18.87 0.03 25.08 -7.65 0.34
Pedestrian 0.00 0 -8.09 871.97 187.72 933.87 293.19 1.45 0.66 0.76 4.27 1.54 10.33 -7.70 0.32
Pedestrian 0.00 0 -6.05 676.23 174.64 701.68 220.65 1.82 0.61 0.90 3.51 1.55 28.90 -5.93 0.31
Pedestrian 0.00 0 -7.23 758.17 174.23 798.19 249.59 1.69 0.64 0.65 4.03 1.52 16.52 -6.99 0.30
Pedestrian 0.00 0 -5.83 688.25 173.48 703.79 203.58 1.86 0.64 0.76 5.92 1.37 44.93 -5.70 0.30
Pedestrian 0.00 0 -4.77 1004.01 180.01 1025.78 240.77 1.39 0.41 0.57 9.62 1.36 16.78 -4.25 0.30
Pedestrian 0.00 0 -8.10 712.77 176.73 730.54 216.13 1.74 0.61 0.78 5.36 1.53 32.11 -7.94 0.29
Cyclist 0.00 0 -4.52 595.95 181.05 615.72 218.44 1.68 0.60 1.70 0.20 1.66 33.13 -4.51 0.29
Pedestrian 0.00 0 -4.22 860.88 169.52 884.04 212.50 1.75 0.62 0.73 11.18 1.26 29.68 -3.86 0.28
Pedestrian 0.00 0 -7.76 581.71 181.27 598.54 215.89 1.62 0.73 0.83 -0.54 1.61 34.04 -7.78 0.26
Pedestrian 0.00 0 -7.81 848.11 166.22 874.49 228.83 1.87 0.71 1.09 7.97 1.41 22.08 -7.46 0.25
Car 0.00 0 -3.35 169.25 192.13 381.19 264.69 1.44 1.62 4.27 -7.57 1.72 16.78 -3.78 0.24
Cyclist 0.00 0 -5.07 437.45 179.78 466.62 226.35 1.82 0.54 1.84 -6.06 1.75 28.98 -5.28 0.23
Cyclist 0.00 0 -4.79 870.16 170.53 895.50 233.71 1.73 0.54 1.72 8.01 1.43 20.57 -4.42 0.23
Car 0.00 0 -7.07 875.44 201.01 1237.00 373.00 1.45 1.58 3.73 3.95 1.61 4.80 -6.39 0.23
Pedestrian 0.00 0 -8.27 414.21 172.08 426.46 207.04 1.85 0.51 0.43 -9.67 1.35 38.36 -8.51 0.21
Pedestrian 0.00 0 -4.93 1143.27 124.89 1170.16 173.22 1.83 0.68 0.75 21.51 -0.33 27.86 -4.27 0.21
Pedestrian 0.00 0 -3.38 1158.53 153.92 1216.24 244.93 1.79 0.56 0.79 11.79 1.25 14.52 -2.70 0.17
Pedestrian 0.00 0 -4.40 334.11 199.37 351.49 237.63 1.35 0.46 0.49 -9.35 2.01 25.90 -4.75 0.17
Pedestrian 0.00 0 -4.22 92.55 160.39 173.20 296.72 1.92 0.66 0.88 -6.92 1.62 10.58 -4.80 0.16
Pedestrian 0.00 0 -3.74 821.42 168.35 953.82 373.00 1.70 0.61 0.79 2.25 1.60 5.81 -3.37 0.16
Car 0.00 0 -7.83 823.63 180.47 919.92 265.15 1.53 1.67 4.05 5.71 1.52 15.21 -7.47 0.15
Pedestrian 0.00 0 -2.98 765.01 167.85 788.68 217.82 1.92 0.64 0.80 6.82 1.39 28.00 -2.74 0.14
Car 0.00 0 -6.89 200.74 186.70 294.34 223.39 1.54 1.54 3.59 -16.04 1.79 32.69 -7.35 0.14
Pedestrian 0.00 0 -7.70 1132.58 155.18 1169.80 224.98 1.73 0.64 0.79 13.94 1.08 18.26 -7.05 0.14
Car 0.00 0 -5.32 246.04 173.91 300.89 199.88 1.64 1.47 3.60 -21.42 1.16 46.92 -5.75 0.14
Cyclist 0.00 0 -8.76 714.58 179.07 760.91 226.87 1.65 0.56 1.61 4.81 1.57 25.56 -8.58 0.14
Cyclist 0.00 0 -7.96 401.46 184.56 419.29 230.54 1.71 0.49 1.67 -7.41 1.84 27.74 -8.22 0.13
Pedestrian 0.00 0 -5.52 0.00 159.91 40.48 335.20 1.90 0.63 0.86 -7.06 1.67 8.11 -6.24 0.13
Cyclist 0.00 0 -4.20 158.79 188.43 190.54 226.41 1.68 0.48 1.69 -19.58 2.01 32.97 -4.73 0.13
Pedestrian 0.00 0 -8.06 859.64 158.83 880.83 201.29 1.90 0.79 0.60 12.17 0.89 32.57 -7.70 0.12
Pedestrian 0.00 0 -7.98 1124.89 158.04 1151.95 215.65 1.69 0.57 0.62 16.00 1.00 21.45 -7.34 0.12
Car 0.00 0 -7.93 568.57 181.51 594.81 204.18 1.59 1.60 3.96 -1.46 1.59 52.42 -7.96 0.11
