Car 0.00 0 -4.13 0.00 188.58 238.96 374.00 1.51 1.65 3.88 -5.90 1.73 7.99 -4.76 0.95
Car 0.00 0 -8.49 857.12 187.70 1241.00 374.00 1.55 1.63 3.62 3.05 1.68 4.63 -7.91 0.94
Car 0.00 0 -4.98 460.37 179.47 515.54 213.48 1.45 1.59 3.78 -5.78 1.78 33.65 -5.15 0.90
Car 0.00 0 -5.56 331.00 179.53 414.42 208.83 1.55 1.70 4.42 -13.34 1.94 40.45 -5.88 0.87
Car 0.00 0 -4.41 134.74 181.61 223.12 228.32 1.46 1.60 3.80 -15.07 1.79 25.36 -4.95 0.87
Car 0.00 0 -3.53 644.15 173.09 709.05 195.28 1.61 1.74 4.51 4.95 1.63 53.96 -3.44 0.84
Car 0.00 0 -3.76 538.04 176.40 599.72 198.64 1.48 1.59 4.16 -2.87 1.73 50.45 -3.82 0.60
Car 0.00 0 -4.36 66.19 178.48 154.91 223.32 1.47 1.56 3.34 -17.82 1.68 25.84 -4.96 0.53
Car 0.00 0 -4.21 159.07 185.66 267.04 234.67 1.36 1.53 3.37 -12.35 1.79 22.60 -4.71 0.49
Pedestrian 0.00 0 -4.58 675.89 169.16 693.68 211.94 1.80 0.65 0.94 3.17 1.65 30.95 -4.48 0.48
Car 0.00 0 -7.32 0.00 178.04 75.00 226.48 1.49 1.61 3.88 -20.36 1.68 24.69 -8.01 0.32
Car 0.00 0 -4.37 0.00 187.49 158.71 284.73 1.48 1.56 3.96 -10.13 1.80 13.71 -5.01 0.27
Pedestrian 0.00 0 -4.84 805.22 161.08 826.14 209.94 1.94 0.72 0.78 8.24 1.47 29.06 -4.56 0.24
Pedestrian 0.00 0 -4.43 923.98 161.89 962.27 244.32 1.78 0.58 0.79 7.35 1.54 16.02 -4.00 0.20
Cyclist 0.00 0 -7.91 730.47 173.07 742.30 212.41 1.60 0.41 1.55 5.25 1.61 30.23 -7.73 0.16
Pedestrian 0.00 0 -5.46 549.02 178.03 564.18 206.41 1.54 0.54 0.64 -2.98 1.83 39.84 -5.53 0.12
