Car 0.00 0 -7.97 805.49 182.30 966.51 328.21 1.56 1.60 3.50 3.51 1.72 9.87 -7.62 0.93
Car 0.00 0 -4.56 597.36 183.61 654.25 225.77 1.55 1.72 4.12 0.68 2.02 29.78 -4.53 0.88
Car 0.00 0 -4.80 749.50 182.22 786.76 212.96 1.53 1.64 3.74 8.45 2.06 38.95 -4.58 0.87
Car 0.00 0 -7.88 796.31 187.51 884.94 270.78 1.47 1.59 3.61 4.78 1.82 15.34 -7.57 0.69
Car 0.00 0 -4.56 650.95 184.64 686.39 210.24 1.50 1.66 4.23 3.81 2.30 46.70 -4.48 0.62
Car 0.00 0 -7.02 854.82 184.30 979.82 231.11 1.49 1.63 3.94 10.64 1.91 25.11 -6.62 0.33
Car 0.00 0 -4.20 637.41 182.52 686.92 206.41 1.57 1.66 4.23 3.73 2.28 51.34 -4.13 0.28
Car 0.00 0 -4.79 744.19 180.89 775.16 207.66 1.58 1.62 4.06 9.48 2.12 46.08 -4.59 0.19
Pedestrian 0.00 0 -8.24 1236.78 127.21 1241.00 189.47 1.82 0.63 0.48 19.11 0.49 21.48 -7.51 0.14
Pedestrian 0.00 0 -4.34 1219.59 142.90 1234.36 182.52 1.89 0.48 0.26 29.70 0.46 34.77 -3.63 0.14
Cyclist 0.00 0 -4.87 833.57 180.08 851.76 217.75 1.66 0.54 1.59 10.55 2.00 32.88 -4.56 0.13
Cyclist 0.00 0 -7.02 362.46 177.45 416.34 236.06 1.75 0.56 1.67 -6.91 1.90 22.53 -7.32 0.12
Pedestrian 0.00 0 -4.77 1172.39 125.65 1199.03 178.85 1.80 0.68 0.64 19.75 0.20 24.81 -4.10 0.11
Car 0.00 0 -7.97 796.41 180.79 836.84 213.20 1.58 1.64 3.55 10.77 2.02 37.93 -7.69 0.11
Car 0.00 0 -4.38 783.11 180.52 828.94 206.76 1.57 1.60 4.13 12.66 2.09 46.58 -4.12 0.10
