Car 0.00 0 -7.47 169.21 188.80 398.13 306.40 1.50 1.68 4.67 -4.93 1.57 11.64 -7.87 0.96
Car 0.00 0 -7.40 168.70 184.14 290.89 237.83 1.50 1.65 4.20 -11.55 1.47 22.22 -7.88 0.95
Car 0.00 0 -7.26 0.00 195.60 203.61 292.99 1.38 1.56 3.46 -8.69 1.58 12.29 -7.88 0.94
Car 0.00 0 -7.60 353.27 183.05 424.96 223.24 1.45 1.63 4.38 -8.50 1.37 28.18 -7.89 0.92
Car 0.00 0 -7.50 284.30 183.40 383.76 237.83 1.52 1.61 3.77 -8.27 1.47 21.95 -7.86 0.86
Car 0.00 0 -7.83 571.05 180.28 600.81 207.80 1.50 1.61 3.15 -1.24 1.23 40.83 -7.86 0.86
Car 0.00 0 -7.74 490.84 183.41 530.05 213.20 1.43 1.54 3.69 -4.89 1.34 36.27 -7.87 0.74
Car 0.00 0 -7.80 311.80 181.28 350.81 215.59 1.56 1.57 3.58 -13.31 1.38 34.66 -8.17 0.38
Car 0.00 0 -2.41 431.73 183.82 522.02 217.48 1.47 1.61 4.05 -6.09 1.41 33.14 -2.59 0.35
Pedestrian 0.00 0 -2.72 633.05 179.40 650.97 210.76 1.60 0.58 0.75 1.73 1.30 37.02 -2.67 0.26
Pedestrian 0.00 0 -6.08 1204.99 144.06 1240.00 361.79 1.78 0.60 0.87 5.92 1.45 6.41 -5.33 0.25
Car 0.00 0 -4.99 395.07 187.01 439.13 211.22 1.51 1.69 4.32 -12.69 1.64 47.58 -5.25 0.22
Cyclist 0.00 0 -2.24 341.49 187.97 366.02 214.33 1.75 0.58 1.79 -17.16 1.94 48.49 -2.58 0.21
Car 0.00 0 -4.70 523.93 179.15 544.13 198.51 1.50 1.56 3.86 -5.92 1.03 57.70 -4.81 0.17
Car 0.00 0 -4.39 517.67 181.84 556.17 204.96 1.46 1.50 3.51 -4.65 1.25 47.40 -4.49 0.16
Cyclist 0.00 0 -7.49 271.36 175.63 294.94 211.31 1.74 0.46 1.81 -16.23 1.27 35.91 -7.92 0.16
Pedestrian 0.00 0 -4.77 857.54 169.85 891.83 263.96 1.73 0.57 0.69 5.01 1.45 13.64 -4.41 0.16
Car 0.00 0 -4.67 659.15 180.99 704.36 221.05 1.51 1.67 4.14 3.03 1.35 29.20 -4.57 0.14
Cyclist 0.00 0 -8.31 618.43 178.30 635.43 205.44 1.63 0.43 1.50 1.14 1.22 44.06 -8.28 0.14
Car 0.00 0 -8.50 1220.25 172.19 1240.00 375.00 1.43 1.52 3.67 7.16 1.36 6.10 -7.64 0.14
Car 0.00 0 -4.93 226.88 185.54 269.92 212.53 1.73 1.76 4.05 -24.21 1.76 48.32 -5.39 0.11
Car 0.00 0 -4.67 468.43 183.48 496.47 206.03 1.41 1.65 3.89 -8.18 1.30 47.00 -4.84 0.11
Pedestrian 0.00 0 -6.35 745.82 169.56 772.14 219.72 1.89 0.58 0.94 5.72 1.30 27.42 -6.15 0.10
Car 0.00 0 -7.87 648.38 179.47 681.54 210.08 1.55 1.68 4.30 3.02 1.26 38.71 -7.79 0.10
