Car 0.00 0 -7.61 341.76 185.08 474.99 272.33 1.44 1.65 3.73 -3.87 1.71 14.29 -7.87 0.98
Car 0.00 0 -7.84 545.47 179.72 569.95 202.35 1.39 1.54 3.49 -3.43 1.86 47.20 -7.91 0.71
Car 0.00 0 -4.10 0.00 219.69 329.56 374.00 1.50 1.58 3.80 -2.49 1.81 2.80 -4.82 0.40
Pedestrian 0.00 0 -2.61 469.73 198.10 621.63 374.00 1.67 0.57 0.71 -0.43 1.84 4.29 -2.71 0.23
Cyclist 0.00 0 -3.71 1105.70 177.64 1169.89 235.11 1.66 0.56 1.46 15.50 1.81 21.27 -3.08 0.22
Car 0.00 0 -7.48 0.00 181.00 46.15 219.00 1.43 1.58 3.60 -25.22 1.80 30.04 -8.18 0.18
Pedestrian 0.00 0 -5.66 1121.46 191.24 1186.70 280.22 1.63 0.56 0.83 10.41 2.00 13.89 -5.02 0.17
Car 0.00 0 -4.35 604.30 178.20 650.89 202.92 1.56 1.66 4.49 1.22 1.94 48.91 -4.32 0.13
Car 0.00 0 -5.50 788.08 188.86 873.53 221.70 1.42 1.64 3.99 10.70 2.25 35.34 -5.21 0.12
Cyclist 0.00 0 -7.20 878.86 182.28 915.44 222.90 1.79 0.68 1.66 13.04 2.23 32.87 -6.82 0.11
Car 0.00 0 -4.72 852.95 187.65 876.58 211.83 1.66 1.62 4.26 19.20 2.82 54.53 -4.38 0.10
