Car 0.00 0 -7.60 524.93 169.36 576.82 200.37 1.45 1.58 4.13 -2.45 0.88 35.73 -7.67 0.92
Car 0.00 0 -4.65 572.35 166.31 601.51 192.11 1.55 1.60 3.93 -0.87 0.64 45.16 -4.67 0.56
Car 0.00 0 -6.13 53.45 180.33 212.72 231.51 1.39 1.48 3.71 -13.55 1.36 20.97 -6.70 0.55
Car 0.00 0 -4.62 650.91 168.73 673.05 185.99 1.52 1.62 4.23 5.58 0.40 65.42 -4.53 0.14
Car 0.00 0 -4.42 477.68 172.00 510.48 191.96 1.55 1.55 3.93 -8.58 0.81 57.87 -4.57 0.13
Pedestrian 0.00 0 -7.50 388.35 168.56 409.25 208.56 1.67 0.63 0.75 -8.60 1.13 30.46 -7.78 0.13
Pedestrian 0.00 0 -8.62 699.39 153.64 728.15 204.89 1.84 0.57 0.92 4.10 0.84 26.39 -8.46 0.12
Car 0.00 0 -4.38 348.23 171.74 401.66 199.02 1.44 1.59 4.13 -12.57 0.93 40.10 -4.69 0.11
Cyclist 0.00 0 -5.53 347.57 170.01 385.53 213.12 1.67 0.54 1.44 -9.30 1.23 28.37 -5.85 0.11
Pedestrian 0.00 0 -3.35 915.68 148.16 965.07 238.58 1.74 0.59 0.78 6.64 1.10 14.17 -2.91 0.11
Pedestrian 0.00 0 -3.14 424.37 169.76 431.56 191.18 1.81 0.71 0.59 -14.75 0.82 61.19 -3.38 0.11
Pedestrian 0.00 0 -3.95 1202.12 121.76 1237.00 298.08 1.67 0.57 0.79 6.54 1.11 7.12 -3.21 0.11
