Car 0.00 0 -7.86 579.35 175.00 642.95 236.14 1.58 1.64 3.35 0.04 1.32 20.26 -7.86 0.95
Car 0.00 0 -7.46 241.14 185.86 353.57 244.94 1.43 1.54 3.50 -8.21 1.45 19.22 -7.87 0.95
Car 0.00 0 -7.63 371.12 178.45 485.77 257.75 1.55 1.63 3.93 -3.89 1.42 16.04 -7.87 0.94
Car 0.00 0 -7.70 460.48 178.72 516.61 220.22 1.50 1.58 3.83 -4.59 1.26 27.87 -7.87 0.92
Car 0.00 0 -7.54 344.36 184.85 415.82 222.73 1.37 1.57 3.76 -8.78 1.36 27.90 -7.85 0.69
Car 0.00 0 -7.77 490.25 179.10 525.15 207.00 1.44 1.57 3.82 -5.41 1.12 38.98 -7.91 0.59
Car 0.00 0 -4.42 309.96 178.74 365.81 210.45 1.44 1.54 3.59 -12.90 1.15 34.45 -4.78 0.53
Car 0.00 0 -7.64 429.98 177.34 471.59 205.05 1.54 1.61 3.75 -9.09 1.10 41.76 -7.86 0.41
Car 0.00 0 -7.81 574.65 178.86 617.10 216.05 1.46 1.61 3.79 -0.48 1.21 30.06 -7.82 0.38
Car 0.00 0 -4.84 617.46 180.02 651.26 205.30 1.45 1.54 3.85 1.53 1.16 43.32 -4.81 0.28
Car 0.00 0 -4.68 519.24 177.03 544.48 200.31 1.47 1.52 3.89 -4.99 0.95 47.37 -4.78 0.26
Car 0.00 0 -8.78 1219.01 186.58 1240.00 375.00 1.54 1.67 4.15 7.28 1.55 5.55 -7.86 0.23
Car 0.00 0 -7.23 182.24 173.21 263.17 207.42 1.58 1.57 3.81 -18.83 1.03 35.28 -7.72 0.18
Car 0.00 0 -7.23 159.34 176.09 260.12 215.03 1.51 1.62 4.07 -16.54 1.16 30.04 -7.74 0.12
Car 0.00 0 -7.77 438.90 163.41 465.64 193.14 2.46 1.87 4.69 -13.36 0.66 61.93 -7.98 0.12
Cyclist 0.00 0 -5.25 716.72 171.54 747.02 213.37 1.66 0.53 1.49 5.02 1.12 29.37 -5.08 0.11
Pedestrian 0.00 0 -5.72 324.84 162.68 340.90 193.43 1.79 0.66 0.63 -16.17 0.48 42.22 -6.09 0.10
