Car 0.00 0 -8.04 685.79 166.66 768.16 235.59 1.86 1.70 4.00 3.60 1.46 21.41 -7.87 0.93
Pedestrian 0.00 0 -8.64 953.91 156.49 1034.85 293.27 1.84 0.67 0.74 5.47 1.50 10.10 -8.15 0.64
Pedestrian 0.00 0 -4.53 0.00 180.05 107.38 373.00 1.74 0.81 0.88 -3.32 1.73 3.97 -5.23 0.58
Pedestrian 0.00 0 -8.24 1032.28 143.70 1237.00 373.00 1.83 0.73 0.99 2.57 1.68 3.42 -7.60 0.58
Pedestrian 0.00 0 -7.71 467.72 176.11 490.16 228.27 1.76 0.65 0.77 -4.21 1.58 24.60 -7.88 0.50
Pedestrian 0.00 0 -3.59 461.07 176.22 489.71 228.02 1.80 0.60 0.82 -4.48 1.62 25.41 -3.76 0.29
Car 0.00 0 -7.85 656.18 178.99 685.52 207.11 1.54 1.60 4.04 4.00 1.40 41.30 -7.75 0.27
Pedestrian 0.00 0 -3.07 562.30 175.80 578.38 207.71 1.70 0.64 0.82 -1.67 1.40 38.69 -3.11 0.22
Pedestrian 0.00 0 -7.77 522.06 183.07 543.92 228.62 1.53 0.69 0.74 -2.35 1.58 24.45 -7.87 0.22
Car 0.00 0 -8.40 999.88 190.91 1237.00 317.49 1.41 1.46 3.32 7.05 1.56 9.95 -7.79 0.20
Car 0.00 0 -7.73 627.39 175.70 654.42 199.02 1.68 1.59 3.59 3.00 1.27 53.78 -7.67 0.19
Pedestrian 0.00 0 -7.03 911.15 154.13 928.81 182.92 1.78 0.63 0.79 19.90 0.09 44.86 -6.61 0.19
Car 0.00 0 -8.00 657.99 181.44 704.20 212.34 1.41 1.60 4.24 3.80 1.41 34.90 -7.90 0.18
Car 0.00 0 -8.06 533.31 175.80 563.42 200.94 2.11 1.77 4.32 -4.63 1.63 62.59 -8.13 0.15
Car 0.00 0 -8.21 761.28 183.28 843.30 224.12 1.36 1.59 3.95 7.20 1.44 26.20 -7.94 0.14
Pedestrian 0.00 0 -5.19 229.49 171.30 289.48 286.02 1.80 0.63 0.72 -5.64 1.65 11.76 -5.64 0.14
Cyclist 0.00 0 -3.02 523.30 174.73 567.21 222.56 1.82 0.61 1.63 -2.18 1.56 27.67 -3.10 0.11
Pedestrian 0.00 0 -8.41 862.71 173.58 890.02 229.82 1.66 0.58 0.51 8.22 1.43 21.56 -8.05 0.10
