Car 0.00 0 -8.16 729.28 189.79 927.16 318.94 1.47 1.65 3.71 2.90 1.76 10.59 -7.90 0.98
Car 0.00 0 -4.51 403.36 185.21 507.59 254.38 1.37 1.61 3.91 -3.53 1.69 16.90 -4.71 0.93
Car 0.00 0 -7.36 0.00 196.86 331.05 374.00 1.49 1.66 3.67 -3.18 1.71 4.55 -7.97 0.92
Car 0.00 0 -4.87 653.29 182.86 718.84 230.97 1.52 1.68 4.05 2.59 1.91 25.80 -4.77 0.89
Car 0.00 0 -4.53 477.32 175.85 540.69 226.86 1.64 1.57 3.54 -3.49 1.75 25.15 -4.67 0.84
Car 0.00 0 -4.57 516.23 178.85 558.96 213.06 1.51 1.51 3.70 -3.44 1.81 34.40 -4.67 0.66
Car 0.00 0 -7.89 648.63 179.94 687.07 216.00 1.59 1.67 3.92 2.69 1.96 34.68 -7.82 0.57
Car 0.00 0 -4.55 540.66 179.11 573.57 203.91 1.48 1.53 3.55 -3.36 1.90 45.98 -4.62 0.43
Pedestrian 0.00 0 -7.38 351.58 166.61 375.81 215.89 1.97 0.68 0.71 -10.01 1.72 29.21 -7.71 0.21
Pedestrian 0.00 0 -7.54 341.38 171.13 361.41 215.11 1.81 0.64 0.56 -10.77 1.74 29.95 -7.89 0.20
Pedestrian 0.00 0 -7.64 399.11 172.17 423.57 226.90 1.78 0.61 0.85 -6.60 1.75 23.84 -7.91 0.20
Pedestrian 0.00 0 -6.92 367.02 179.81 399.33 233.45 1.57 0.56 0.73 -6.85 1.78 21.65 -7.23 0.16
Pedestrian 0.00 0 -5.65 231.21 166.60 284.92 264.04 1.82 0.66 0.67 -6.80 1.70 13.86 -6.11 0.15
Car 0.00 0 -4.73 630.07 178.54 651.70 198.79 1.48 1.59 4.34 2.34 1.94 56.02 -4.69 0.14
Cyclist 0.00 0 -7.65 752.89 175.65 767.97 205.76 1.68 0.54 1.61 8.57 1.84 41.24 -7.45 0.12
Pedestrian 0.00 0 -7.42 238.57 178.12 270.32 239.81 1.66 0.62 0.51 -9.77 1.81 19.73 -7.88 0.12
Pedestrian 0.00 0 -5.63 240.08 159.26 255.24 204.66 1.85 0.54 0.29 -14.95 1.30 29.69 -6.10 0.11
Pedestrian 0.00 0 -3.68 1225.06 145.23 1241.00 374.00 1.93 0.58 0.96 5.99 1.71 6.23 -2.91 0.11
Pedestrian 0.00 0 -3.90 1150.80 150.68 1241.00 356.20 1.93 0.58 0.89 5.93 1.73 7.11 -3.20 0.10
Pedestrian 0.00 0 -7.06 181.30 167.01 196.61 212.19 1.86 0.52 0.25 -17.51 1.62 29.94 -7.59 0.10
