Car 0.00 0 -4.50 459.05 184.16 537.17 233.85 1.42 1.69 4.21 -3.61 1.82 23.67 -4.65 0.97
Car 0.00 0 -4.28 0.00 184.76 380.06 374.00 1.56 1.74 4.22 -3.65 1.71 6.80 -4.77 0.94
Car 0.00 0 -4.85 670.03 174.90 763.67 254.28 1.66 1.66 3.96 2.37 1.72 17.19 -4.71 0.91
Car 0.00 0 -8.00 647.05 181.89 711.85 230.87 1.45 1.59 3.77 2.18 1.77 23.96 -7.91 0.85
Car 0.00 0 -4.61 516.87 179.40 551.72 210.38 1.56 1.51 3.36 -4.06 1.93 38.76 -4.71 0.69
Cyclist 0.00 0 -7.24 28.13 167.25 153.09 303.93 1.74 0.53 1.70 -7.22 1.67 10.05 -7.86 0.28
Car 0.00 0 -4.72 621.72 175.16 640.59 194.01 1.60 1.61 3.91 1.83 1.81 63.60 -4.69 0.27
Car 0.00 0 -4.82 636.44 178.70 688.15 220.45 1.54 1.65 4.02 2.01 1.80 29.27 -4.75 0.24
Car 0.00 0 -7.84 495.60 182.45 535.67 221.39 1.51 1.60 3.63 -4.06 1.95 30.84 -7.97 0.20
Car 0.00 0 -7.95 630.61 178.99 662.88 205.75 1.50 1.56 3.88 2.13 1.88 43.30 -7.90 0.17
Cyclist 0.00 0 -8.17 908.28 168.92 978.05 282.66 1.79 0.54 1.81 5.58 1.73 12.29 -7.74 0.15
Pedestrian 0.00 0 -6.40 1135.00 150.81 1241.00 327.86 1.80 0.60 0.89 6.21 1.58 7.82 -5.72 0.14
Pedestrian 0.00 0 -4.18 827.06 178.65 852.81 231.57 1.67 0.55 0.63 7.35 1.86 23.21 -3.88 0.12
Pedestrian 0.00 0 -5.32 255.76 167.64 303.43 247.38 1.84 0.71 0.78 -7.89 1.72 17.13 -5.75 0.12
Pedestrian 0.00 0 -5.55 85.00 159.52 152.95 256.11 1.94 0.64 0.98 -10.17 1.67 14.88 -6.15 0.12
Car 0.00 0 -8.03 699.67 180.02 742.30 210.99 1.48 1.54 3.66 5.63 1.87 37.20 -7.88 0.11
Pedestrian 0.00 0 -4.75 163.04 175.31 197.04 254.87 1.76 0.64 0.70 -9.87 1.82 16.47 -5.29 0.11
Pedestrian 0.00 0 -6.29 1034.07 159.00 1105.80 313.91 1.78 0.64 0.71 5.52 1.62 8.77 -5.73 0.11
Car 0.00 0 -4.95 609.19 176.84 636.07 194.54 1.63 1.64 4.22 1.17 2.03 69.70 -4.93 0.11
Cyclist 0.00 0 -7.30 0.00 180.92 55.02 269.70 1.63 0.43 1.54 -11.65 1.79 14.15 -7.99 0.10
