Car 0.00 0 -7.96 668.04 181.53 727.72 229.00 1.38 1.55 3.40 2.73 1.69 23.37 -7.84 0.98
Car 0.00 0 -5.60 0.00 185.27 304.06 329.52 1.46 1.61 4.40 -6.13 1.62 8.35 -6.24 0.97
Car 0.00 0 -5.78 42.55 181.01 360.55 286.37 1.47 1.53 3.97 -6.10 1.60 10.98 -6.29 0.97
Car 0.00 0 -8.15 734.40 172.63 947.72 323.09 1.64 1.62 3.73 2.79 1.63 9.72 -7.87 0.96
Car 0.00 0 -2.72 98.06 167.35 351.13 264.66 1.68 1.72 3.78 -7.05 1.58 13.41 -3.20 0.93
Car 0.00 0 -6.46 715.70 173.96 828.48 217.87 1.67 1.75 4.10 6.29 1.72 28.51 -6.25 0.92
Car 0.00 0 -5.95 338.65 177.47 483.11 230.79 1.48 1.53 3.77 -5.79 1.62 21.05 -6.22 0.88
Car 0.00 0 -5.92 272.26 181.48 455.70 238.31 1.39 1.57 4.23 -6.35 1.62 18.75 -6.24 0.86
Car 0.00 0 -5.94 371.78 175.63 499.71 220.18 1.52 1.57 4.16 -6.23 1.63 25.81 -6.17 0.69
Car 0.00 0 -2.78 183.05 181.51 386.35 249.91 1.41 1.52 3.82 -7.14 1.62 15.99 -3.20 0.63
Car 0.00 0 -5.87 351.40 175.98 476.48 224.24 1.50 1.48 3.65 -6.39 1.60 23.51 -6.13 0.52
Car 0.00 0 -2.90 372.83 176.00 483.26 214.60 1.47 1.54 3.96 -7.14 1.60 28.39 -3.15 0.48
Car 0.00 0 -2.99 403.41 177.66 506.93 213.60 1.47 1.58 4.11 -6.55 1.68 30.62 -3.20 0.47
Car 0.00 0 -2.92 442.74 179.45 520.63 207.91 1.44 1.61 3.77 -6.75 1.80 37.93 -3.09 0.43
Car 0.00 0 -6.46 671.45 172.85 739.01 201.67 1.73 1.63 3.87 5.76 1.73 44.17 -6.33 0.41
Pedestrian 0.00 0 -6.01 570.58 173.77 582.45 195.65 1.81 0.50 0.89 -2.81 1.89 60.05 -6.05 0.36
Car 0.00 0 -2.64 426.47 174.85 514.91 211.34 1.63 1.63 3.73 -6.53 1.72 33.67 -2.83 0.29
Car 0.00 0 -6.17 495.10 176.00 553.68 198.24 1.56 1.64 4.01 -6.13 1.79 51.72 -6.29 0.29
Pedestrian 0.00 0 -7.88 148.00 161.24 167.57 204.88 1.89 0.71 0.52 -19.86 1.39 31.62 -8.44 0.27
Pedestrian 0.00 0 -8.79 931.73 159.21 942.23 193.80 1.92 0.50 0.29 18.23 1.16 40.31 -8.36 0.27
Car 0.00 0 -7.87 631.21 176.65 652.29 195.94 1.46 1.59 3.88 2.47 1.77 57.25 -7.83 0.24
Car 0.00 0 -6.68 674.68 176.31 748.17 204.40 1.58 1.62 3.92 5.87 1.78 42.07 -6.54 0.24
Car 0.00 0 -2.12 0.00 147.01 77.23 374.00 1.70 1.61 4.27 -5.78 1.59 4.13 -3.07 0.21
Car 0.00 0 -7.69 530.01 175.43 560.41 198.07 1.66 1.66 4.20 -4.97 1.86 55.48 -7.78 0.21
Car 0.00 0 -6.11 435.73 168.65 516.98 201.03 1.77 1.67 4.25 -7.46 1.54 40.36 -6.30 0.21
Cyclist 0.00 0 -4.23 512.49 177.74 531.94 207.29 1.59 0.45 1.45 -4.88 1.87 39.89 -4.36 0.20
Cyclist 0.00 0 -6.77 518.90 176.38 548.56 206.82 1.75 0.69 1.60 -4.51 1.96 42.42 -6.88 0.16
Car 0.00 0 -3.59 884.73 173.57 945.53 196.30 1.63 1.63 3.76 22.26 1.69 52.78 -3.19 0.15
Car 0.00 0 -7.78 540.05 174.16 560.82 192.10 1.60 1.61 3.87 -5.47 1.72 66.38 -7.86 0.13
Car 0.00 0 -3.82 1142.51 177.09 1241.00 257.19 1.47 1.61 3.08 12.59 1.56 14.21 -3.09 0.12
Car 0.00 0 -4.81 371.25 154.56 401.42 177.44 1.56 1.68 3.95 -15.92 0.31 51.17 -5.11 0.11
Car 0.00 0 -7.59 425.76 163.00 457.79 184.63 1.97 1.78 4.78 -15.87 1.07 68.23 -7.82 0.11
