Pedestrian 0.00 0 -4.28 538.27 220.44 650.80 374.00 1.56 0.51 0.57 -0.14 1.88 4.47 -4.31 0.25
Car 0.00 0 -6.26 477.09 181.81 633.81 236.37 1.52 1.66 4.44 -1.63 1.79 21.31 -6.33 0.20
Pedestrian 0.00 0 -3.80 1169.60 150.15 1241.00 255.06 1.75 0.50 1.08 10.24 1.37 12.32 -3.11 0.19
Pedestrian 0.00 0 -7.56 834.55 168.22 855.99 213.93 1.84 0.69 0.59 9.58 1.66 29.52 -7.25 0.15
Car 0.00 0 -5.65 0.00 187.37 33.08 245.61 1.51 1.65 4.20 -19.13 1.94 20.31 -6.41 0.13
Cyclist 0.00 0 -5.38 730.78 172.68 766.85 218.10 1.72 0.55 1.53 5.35 1.71 28.11 -5.19 0.12
Cyclist 0.00 0 -7.76 577.68 177.16 593.19 217.50 1.68 0.52 1.57 -1.09 1.87 31.05 -7.79 0.11
Car 0.00 0 -4.76 619.16 178.46 649.63 204.88 1.50 1.64 3.94 1.41 1.86 43.85 -4.73 0.11
Pedestrian 0.00 0 -8.35 793.96 168.08 813.15 206.73 1.92 0.66 0.73 9.71 1.69 36.35 -8.09 0.11
Pedestrian 0.00 0 -6.67 670.23 172.61 684.38 203.78 1.92 0.62 0.69 4.15 1.91 44.85 -6.58 0.10
Cyclist 0.00 0 -5.35 820.08 169.42 877.89 243.53 1.77 0.55 1.56 5.91 1.69 18.06 -5.04 0.10
