Pedestrian 0.00 0 -6.44 456.14 146.07 547.40 302.84 1.89 0.55 1.07 -1.36 1.48 8.94 -6.59 0.80
Cyclist 0.00 0 -7.55 493.53 164.60 560.01 266.13 1.71 0.68 1.90 -1.43 1.44 12.89 -7.66 0.44
Car 0.00 0 -7.72 662.53 150.15 699.10 177.30 1.49 1.64 3.63 4.46 -0.19 41.24 -7.61 0.23
Pedestrian 0.00 0 -5.22 977.53 221.89 1079.05 369.00 1.20 0.39 0.66 3.14 1.53 5.36 -4.69 0.19
Pedestrian 0.00 0 -4.32 854.09 158.69 909.14 266.81 1.75 0.63 0.76 4.63 1.40 11.94 -3.95 0.17
Car 0.00 0 -8.98 1097.33 191.43 1223.00 369.00 1.48 1.51 3.12 4.97 1.57 4.27 -8.12 0.16
Pedestrian 0.00 0 -3.91 1172.74 166.80 1223.00 261.59 1.56 0.64 0.58 10.13 1.34 11.98 -3.21 0.14
Pedestrian 0.00 0 -5.80 1009.73 155.79 1079.87 265.55 1.74 0.59 0.80 7.21 1.35 11.68 -5.25 0.12
Pedestrian 0.00 0 -4.45 0.00 174.77 49.40 259.30 1.64 0.63 0.78 -11.71 1.53 14.20 -5.14 0.12
Pedestrian 0.00 0 -8.22 837.29 168.14 870.74 232.50 1.59 0.60 0.64 6.22 1.29 17.78 -7.89 0.11
Pedestrian 0.00 0 -6.47 1106.15 151.80 1176.51 262.50 1.75 0.59 0.83 8.75 1.30 11.62 -5.82 0.11
Pedestrian 0.00 0 -5.40 816.90 174.31 860.98 254.40 1.55 0.52 0.68 4.61 1.43 14.06 -5.08 0.10
