Car 0.00 0 -8.15 728.45 185.70 933.46 315.02 1.42 1.60 4.03 2.85 1.65 10.39 -7.89 0.94
Cyclist 0.00 0 -2.87 537.83 180.23 575.96 215.16 1.64 0.71 1.70 -2.59 2.00 34.70 -2.94 0.29
Pedestrian 0.00 0 -5.10 1211.50 99.42 1241.00 374.00 1.95 0.67 0.97 4.09 1.58 4.24 -4.33 0.28
Cyclist 0.00 0 -4.67 529.10 179.20 542.22 219.07 1.70 0.51 1.73 -3.31 1.98 31.84 -4.78 0.23
Pedestrian 0.00 0 -3.77 949.33 138.81 1074.65 333.48 1.91 0.63 0.94 4.07 1.57 7.44 -3.27 0.18
Pedestrian 0.00 0 -4.27 717.32 163.75 742.30 217.86 1.97 0.66 0.75 4.40 1.64 26.72 -4.10 0.18
Pedestrian 0.00 0 -4.63 1028.40 155.76 1094.07 313.30 1.77 0.61 0.76 5.33 1.58 8.60 -4.08 0.14
Pedestrian 0.00 0 -5.29 731.22 161.25 770.10 228.74 1.90 0.63 1.05 4.02 1.57 20.91 -5.10 0.13
Pedestrian 0.00 0 -4.20 859.82 143.86 925.09 282.43 1.95 0.66 0.66 4.10 1.54 10.60 -3.83 0.12
Pedestrian 0.00 0 -2.41 128.43 183.42 225.56 357.49 1.57 0.41 0.68 -4.13 1.67 6.80 -2.96 0.11
