Car 0.00 0 -7.41 0.00 192.23 231.00 325.79 1.47 1.58 3.82 -6.90 1.59 10.11 -8.00 0.98
Car 0.00 0 -7.94 529.71 177.23 599.60 237.77 1.59 1.68 3.73 -1.38 1.38 20.87 -8.01 0.97
Car 0.00 0 -7.83 430.19 180.91 489.85 232.66 1.50 1.71 3.54 -4.68 1.38 22.79 -8.03 0.96
Car 0.00 0 -7.57 208.38 186.04 331.06 249.65 1.46 1.66 4.66 -8.76 1.49 18.98 -8.00 0.96
Car 0.00 0 -7.68 328.79 182.65 388.74 220.55 1.49 1.70 4.27 -10.50 1.39 30.48 -8.02 0.93
Car 0.00 0 -7.43 100.09 185.05 226.04 242.89 1.47 1.60 3.75 -12.36 1.46 20.18 -7.98 0.77
Car 0.00 0 -7.97 500.05 184.03 525.18 202.84 1.49 1.61 3.84 -7.85 1.40 58.99 -8.10 0.65
Car 0.00 0 -4.58 371.36 181.49 410.29 208.18 1.38 1.52 4.02 -11.86 1.19 39.40 -4.87 0.60
Car 0.00 0 -7.17 0.00 162.11 30.34 317.36 1.87 1.83 4.81 -11.62 1.59 11.15 -7.98 0.29
Car 0.00 0 -4.50 298.71 181.15 341.82 207.22 1.42 1.47 4.04 -16.50 1.20 41.33 -4.88 0.18
Cyclist 0.00 0 -3.90 333.64 178.73 355.43 202.07 1.64 0.54 1.51 -18.77 1.18 51.22 -4.26 0.17
Car 0.00 0 -7.46 197.97 171.55 287.52 220.11 1.84 1.72 4.39 -14.86 1.32 29.47 -7.93 0.14
Cyclist 0.00 0 -3.66 583.26 176.31 623.97 219.11 1.73 0.63 1.57 -0.20 1.37 29.64 -3.66 0.14
Car 0.00 0 -7.50 426.57 178.02 456.58 193.84 1.50 1.60 3.86 -16.17 0.82 70.07 -7.72 0.12
Car 0.00 0 -7.88 406.91 179.46 430.85 201.52 1.59 1.65 3.81 -14.24 1.18 54.02 -8.13 0.12
Cyclist 0.00 0 -7.69 197.51 172.89 216.67 209.42 1.73 0.53 1.76 -19.53 1.15 35.00 -8.20 0.11
Cyclist 0.00 0 -4.95 638.77 173.05 656.62 207.27 1.78 0.53 1.82 2.09 1.15 38.27 -4.90 0.11
Car 0.00 0 -7.62 375.49 179.49 413.75 203.15 1.49 1.56 3.78 -13.93 1.13 47.06 -7.90 0.11
Car 0.00 0 -8.67 1212.25 192.33 1240.00 375.00 1.42 1.57 3.74 7.57 1.50 6.35 -7.79 0.10
