Car 0.00 0 -8.23 767.32 190.60 1132.47 374.00 1.48 1.65 3.86 2.69 1.70 6.87 -7.86 0.95
Car 0.00 0 -2.83 353.39 181.09 454.47 219.29 1.49 1.59 3.65 -8.39 1.84 29.40 -3.10 0.93
Car 0.00 0 -4.94 685.59 170.47 729.08 202.39 1.79 1.69 3.89 5.66 1.66 42.59 -4.81 0.72
Car 0.00 0 -4.55 561.33 177.25 598.08 204.91 1.58 1.60 4.08 -1.84 1.87 44.11 -4.59 0.65
Pedestrian 0.00 0 -7.62 781.99 169.26 800.92 212.05 1.84 0.67 0.63 7.89 1.69 31.51 -7.37 0.26
Cyclist 0.00 0 -6.99 0.00 169.69 58.74 341.61 1.80 0.60 1.79 -7.60 1.77 8.48 -7.72 0.19
Car 0.00 0 -2.19 0.00 208.39 66.50 374.00 1.42 1.63 4.14 -7.67 1.80 6.65 -3.04 0.12
Car 0.00 0 -4.30 578.58 176.76 619.09 198.10 1.48 1.54 3.92 -0.81 1.78 53.06 -4.32 0.12
Pedestrian 0.00 0 -4.39 505.83 178.95 524.71 216.58 1.65 0.65 0.71 -4.27 1.93 32.24 -4.52 0.12
Cyclist 0.00 0 -4.83 475.94 175.37 489.33 207.54 1.75 0.53 1.75 -7.18 1.90 40.41 -5.01 0.10
