Car 0.00 0 -5.74 0.00 191.53 370.58 309.01 1.42 1.58 4.39 -5.76 1.70 9.79 -6.27 0.98
Car 0.00 0 -8.05 700.93 187.30 806.98 259.80 1.39 1.59 4.10 3.13 1.76 16.70 -7.86 0.97
Car 0.00 0 -8.32 787.33 191.63 1241.00 374.00 1.55 1.64 4.31 2.78 1.76 5.85 -7.88 0.96
Car 0.00 0 -7.99 655.32 177.32 699.27 213.44 1.68 1.66 4.01 3.27 1.91 36.06 -7.90 0.96
Car 0.00 0 -2.69 101.76 184.83 375.46 278.87 1.49 1.54 3.92 -6.30 1.71 12.43 -3.16 0.92
Car 0.00 0 -2.74 177.12 168.10 394.23 260.22 1.78 1.68 3.71 -6.58 1.69 14.82 -3.15 0.86
Car 0.00 0 -6.16 471.11 175.31 552.64 206.79 1.83 1.72 4.63 -5.82 1.98 42.91 -6.29 0.53
Car 0.00 0 -2.91 414.98 179.32 518.88 215.58 1.50 1.57 4.13 -6.14 1.79 31.02 -3.11 0.52
Car 0.00 0 -4.93 689.40 182.60 724.60 204.80 1.49 1.66 4.30 7.01 2.24 52.71 -4.79 0.50
Car 0.00 0 -6.02 440.06 180.32 536.87 213.34 1.47 1.56 4.17 -5.64 1.82 33.46 -6.19 0.45
Pedestrian 0.00 0 -6.24 27.46 160.96 58.09 208.63 1.81 0.69 0.90 -22.03 1.36 27.98 -6.90 0.39
Car 0.00 0 -2.94 403.93 182.43 522.01 226.15 1.47 1.61 3.83 -5.16 1.82 25.40 -3.14 0.38
Car 0.00 0 -3.01 391.82 181.99 513.18 222.04 1.48 1.63 4.43 -6.09 1.85 28.07 -3.22 0.37
Car 0.00 0 -7.96 648.54 178.90 678.16 203.81 1.54 1.57 3.57 3.43 1.95 47.23 -7.88 0.35
Pedestrian 0.00 0 -6.44 644.38 177.29 654.94 198.85 1.71 0.54 0.76 3.13 2.06 57.50 -6.39 0.31
Pedestrian 0.00 0 -5.46 523.91 176.31 542.27 209.37 1.81 0.64 0.80 -4.30 2.00 40.01 -5.57 0.30
Cyclist 0.00 0 -7.46 778.19 177.24 800.64 211.01 1.73 0.50 1.77 9.43 1.97 38.03 -7.21 0.29
Car 0.00 0 -6.59 953.93 172.95 1064.64 215.09 1.48 1.56 3.22 14.47 1.48 26.38 -6.09 0.26
Car 0.00 0 -5.28 687.31 183.48 799.36 239.70 1.43 1.61 3.41 3.73 1.77 20.96 -5.10 0.26
Car 0.00 0 -2.85 337.95 186.86 485.01 235.41 1.41 1.55 4.11 -6.10 1.86 22.29 -3.12 0.23
Car 0.00 0 -3.03 453.76 179.21 535.55 211.66 1.54 1.64 3.81 -5.66 1.86 35.47 -3.18 0.20
Car 0.00 0 -2.87 485.94 177.21 549.90 205.00 1.69 1.61 3.69 -5.80 1.98 45.39 -2.99 0.20
Car 0.00 0 -2.58 518.86 177.74 568.32 197.05 1.49 1.61 3.66 -5.36 1.89 57.92 -2.67 0.18
Car 0.00 0 -7.84 1013.42 163.42 1043.76 193.62 1.99 1.74 4.33 28.85 1.37 49.74 -7.32 0.17
Pedestrian 0.00 0 -2.15 73.40 157.78 100.35 198.72 1.85 0.65 0.84 -24.06 1.17 33.13 -2.78 0.15
Cyclist 0.00 0 -7.45 100.99 153.17 136.72 199.46 1.81 0.56 1.72 -19.83 1.04 29.10 -8.05 0.15
Pedestrian 0.00 0 -7.76 897.27 165.10 913.78 208.07 1.93 0.66 0.38 13.38 1.58 32.76 -7.37 0.14
Car 0.00 0 -4.97 380.35 167.53 416.03 192.23 1.93 1.77 4.20 -17.23 1.51 58.51 -5.25 0.14
Car 0.00 0 -1.81 0.00 174.89 49.54 206.18 1.53 1.64 4.06 -30.72 1.64 37.35 -2.50 0.14
Pedestrian 0.00 0 -3.39 879.81 165.52 892.24 208.27 1.94 0.57 0.40 12.60 1.61 33.05 -3.03 0.14
Car 0.00 0 -7.90 551.08 175.85 572.00 197.18 1.81 1.67 4.04 -4.33 2.08 63.77 -7.96 0.14
Pedestrian 0.00 0 -9.04 1008.32 170.74 1024.92 204.34 1.80 0.64 0.58 21.96 1.68 39.02 -8.52 0.14
Car 0.00 0 -8.16 519.94 176.52 561.24 200.63 1.61 1.67 4.32 -5.00 1.88 51.16 -8.26 0.14
Pedestrian 0.00 0 -6.77 24.25 177.19 69.91 255.37 1.71 0.65 0.57 -12.70 1.81 16.21 -7.43 0.13
Pedestrian 0.00 0 -4.27 876.63 163.25 910.70 232.82 1.91 0.59 0.85 7.95 1.65 20.33 -3.90 0.13
Pedestrian 0.00 0 -3.78 746.17 173.26 768.62 213.33 1.85 0.64 0.81 6.85 1.87 33.75 -3.58 0.13
Car 0.00 0 -4.19 1032.79 181.49 1129.13 219.15 1.47 1.62 4.02 19.89 1.85 30.52 -3.61 0.13
Car 0.00 0 -4.74 354.82 145.37 384.26 170.45 1.53 1.67 3.83 -15.52 -0.16 46.39 -5.07 0.12
Pedestrian 0.00 0 -7.38 842.02 164.51 877.06 233.45 1.95 0.68 0.78 7.17 1.71 20.88 -7.05 0.11
Car 0.00 0 -3.28 940.58 176.21 1044.16 210.55 1.52 1.70 4.08 17.74 1.69 33.75 -2.79 0.11
Car 0.00 0 -7.57 60.73 165.53 107.92 191.56 1.83 1.69 4.18 -38.47 1.31 52.86 -8.20 0.11
Pedestrian 0.00 0 -6.65 874.11 172.99 892.30 221.02 1.76 0.59 0.45 10.09 1.77 26.78 -6.29 0.10
