Car 0.00 0 -4.39 304.25 187.05 389.87 239.49 1.52 1.59 3.52 -8.57 2.02 23.67 -4.73 0.95
Car 0.00 0 -4.15 0.00 192.60 243.40 302.79 1.50 1.68 4.04 -8.29 1.91 12.62 -4.74 0.95
Car 0.00 0 -7.88 572.33 184.39 610.55 222.57 1.59 1.67 4.39 -0.96 2.16 33.64 -7.90 0.90
Car 0.00 0 -4.38 407.55 187.28 462.05 219.88 1.48 1.54 3.70 -8.78 2.24 36.30 -4.62 0.52
Pedestrian 0.00 0 -8.07 854.45 181.74 873.48 220.97 1.59 0.60 0.71 10.45 1.96 29.83 -7.74 0.39
Car 0.00 0 -4.54 458.42 184.87 497.32 213.25 1.51 1.59 3.99 -7.69 2.25 42.11 -4.73 0.37
Car 0.00 0 -4.53 421.27 186.69 473.10 223.20 1.45 1.58 3.93 -7.24 2.11 32.20 -4.75 0.30
Car 0.00 0 -7.50 283.60 191.32 407.12 258.81 1.49 1.68 4.35 -6.92 2.03 19.25 -7.85 0.21
Pedestrian 0.00 0 -5.80 1068.82 144.12 1175.09 308.61 1.82 0.57 0.85 5.94 1.50 8.47 -5.19 0.20
Cyclist 0.00 0 -7.00 815.20 173.99 855.98 215.86 1.84 0.71 1.70 10.12 1.90 32.48 -6.69 0.14
Car 0.00 0 -4.61 474.49 183.76 504.61 209.62 1.57 1.57 3.59 -7.85 2.31 47.08 -4.77 0.14
Pedestrian 0.00 0 -4.04 1127.12 140.43 1241.96 297.34 1.80 0.68 0.89 6.87 1.43 8.72 -3.37 0.13
Pedestrian 0.00 0 -6.24 1235.19 131.25 1241.00 373.70 1.80 0.53 0.92 5.68 1.49 5.88 -5.47 0.11
Pedestrian 0.00 0 -3.44 995.32 167.92 1009.36 199.08 1.92 0.60 0.62 24.34 1.62 44.82 -2.94 0.10
Pedestrian 0.00 0 -7.50 825.67 168.18 845.00 208.68 2.10 0.73 0.82 11.83 1.86 37.99 -7.19 0.10
