Car 0.00 0 -4.41 410.60 184.02 516.59 244.75 1.43 1.67 4.27 -3.95 1.77 19.98 -4.61 0.96
Car 0.00 0 -7.86 715.88 174.60 778.91 231.77 1.55 1.70 3.96 4.07 1.61 21.77 -7.68 0.94
Pedestrian 0.00 0 -8.19 899.75 149.21 962.63 274.09 1.85 0.61 0.93 4.89 1.50 11.15 -7.78 0.73
Car 0.00 0 -4.42 654.64 171.52 687.41 192.53 1.69 1.67 3.91 5.09 1.58 60.09 -4.34 0.53
Car 0.00 0 -7.63 724.08 174.89 779.47 211.70 1.50 1.64 3.61 6.22 1.59 31.59 -7.44 0.32
Cyclist 0.00 0 -7.70 709.87 169.38 724.43 200.48 1.81 0.59 1.79 6.36 1.61 43.00 -7.55 0.28
Car 0.00 0 -7.94 681.98 171.66 703.29 190.48 1.70 1.62 4.06 7.65 1.59 67.23 -7.83 0.20
Pedestrian 0.00 0 -7.43 1222.04 133.36 1241.00 275.67 1.76 0.64 0.75 8.47 1.27 9.35 -6.69 0.19
Pedestrian 0.00 0 -3.41 720.76 170.12 734.83 198.74 1.80 0.57 0.76 7.42 1.63 45.68 -3.25 0.17
Car 0.00 0 -5.09 512.71 176.64 564.03 204.27 1.55 1.62 4.18 -4.40 1.79 43.41 -5.20 0.15
Pedestrian 0.00 0 -5.27 322.99 179.46 357.49 245.74 1.74 0.61 0.66 -7.31 1.92 19.43 -5.63 0.14
Pedestrian 0.00 0 -3.65 525.14 170.76 536.36 197.13 1.95 0.51 0.67 -5.93 1.79 53.72 -3.76 0.12
Pedestrian 0.00 0 -3.31 814.23 162.45 841.44 212.59 1.92 0.56 0.93 8.40 1.52 27.97 -3.02 0.12
