Pedestrian 0.00 0 -7.04 1073.84 153.14 1199.78 319.18 1.71 0.66 0.88 5.70 1.43 7.67 -6.40 0.81
Car 0.00 0 -7.09 0.00 184.87 72.38 236.42 1.46 1.63 3.99 -19.25 1.61 22.35 -7.80 0.24
Car 0.00 0 -8.97 1097.19 191.07 1223.00 369.00 1.49 1.55 3.07 4.99 1.58 4.32 -8.11 0.17
Pedestrian 0.00 0 -8.20 837.98 169.37 871.92 233.79 1.59 0.60 0.72 6.25 1.32 17.80 -7.86 0.17
Cyclist 0.00 0 -4.24 1134.76 174.91 1223.00 360.66 1.55 0.54 1.78 5.68 1.51 6.48 -3.52 0.16
Pedestrian 0.00 0 -5.20 681.23 164.19 726.05 252.66 1.75 0.58 0.85 1.97 1.43 14.51 -5.06 0.16
Pedestrian 0.00 0 -5.02 988.17 229.67 1074.48 369.00 1.18 0.37 0.66 3.16 1.58 5.36 -4.49 0.15
Car 0.00 0 -6.26 652.42 140.79 718.75 168.50 1.50 1.61 3.68 4.59 -0.70 40.24 -6.14 0.13
Pedestrian 0.00 0 -4.25 0.00 174.62 54.45 261.08 1.68 0.68 0.81 -11.69 1.56 14.18 -4.94 0.13
Pedestrian 0.00 0 -8.08 606.90 163.89 638.70 235.42 1.75 0.64 0.75 0.40 1.34 17.71 -8.06 0.13
Pedestrian 0.00 0 -4.56 61.65 178.48 92.03 234.16 1.57 0.60 0.77 -15.31 1.52 20.46 -5.20 0.13
Cyclist 0.00 0 -8.62 1140.18 163.31 1223.00 264.16 1.62 0.49 1.66 10.10 1.34 12.19 -7.93 0.12
Pedestrian 0.00 0 -4.20 841.04 161.54 893.21 262.50 1.72 0.60 0.70 4.60 1.40 12.53 -3.85 0.12
Cyclist 0.00 0 -4.84 670.76 167.13 688.73 208.60 1.63 0.52 1.56 2.98 1.10 28.52 -4.74 0.11
Pedestrian 0.00 0 -8.00 247.67 166.22 293.89 259.39 1.73 0.68 0.93 -6.54 1.47 13.72 -8.44 0.11
