Car 0.00 0 -3.70 612.76 175.14 729.19 214.14 1.50 1.69 4.60 2.50 1.60 29.83 -3.61 0.82
Car 0.00 0 -3.84 415.47 178.57 536.13 226.25 1.50 1.64 4.05 -4.66 1.72 25.26 -4.03 0.73
Pedestrian 0.00 0 -7.99 516.81 175.28 547.79 244.73 1.66 0.64 0.85 -1.97 1.72 17.74 -8.10 0.60
Car 0.00 0 -6.26 497.78 174.85 654.62 235.62 1.64 1.67 4.25 -0.98 1.70 20.41 -6.31 0.51
Car 0.00 0 -7.74 446.74 176.59 476.90 199.67 1.55 1.64 3.98 -10.47 1.82 51.03 -7.94 0.32
Pedestrian 0.00 0 -4.86 470.79 151.65 519.25 284.16 1.96 0.59 1.08 -1.86 1.65 11.27 -5.02 0.31
Car 0.00 0 -4.60 988.38 165.42 1028.13 194.93 1.64 1.61 3.98 23.29 1.23 42.19 -4.10 0.27
Pedestrian 0.00 0 -6.29 905.19 154.02 966.06 275.49 1.89 0.60 0.87 5.19 1.59 11.64 -5.87 0.25
Cyclist 0.00 0 -8.21 1089.39 144.88 1205.36 326.45 1.84 0.49 1.66 5.95 1.55 8.16 -7.58 0.13
Pedestrian 0.00 0 -3.52 1234.76 133.82 1241.00 362.93 1.85 0.66 0.65 5.91 1.53 6.25 -2.76 0.12
Pedestrian 0.00 0 -7.80 626.25 175.19 637.67 202.61 1.85 0.74 0.66 1.46 2.01 48.98 -7.77 0.12
