Car 0.00 0 -7.99 777.17 170.93 884.24 255.63 1.53 1.61 3.65 4.38 1.49 14.94 -7.70 0.95
Car 0.00 0 -8.34 886.40 167.10 1241.00 374.00 1.61 1.65 3.86 3.24 1.59 4.92 -7.76 0.94
Car 0.00 0 -3.71 0.00 219.98 122.28 374.00 1.47 1.68 4.50 -4.50 1.82 3.01 -4.69 0.90
Car 0.00 0 -4.81 740.76 172.04 809.24 228.55 1.50 1.57 3.70 4.69 1.48 21.10 -4.59 0.90
Car 0.00 0 -4.56 610.22 167.62 648.04 196.68 1.66 1.68 3.94 1.16 1.36 43.41 -4.53 0.83
Cyclist 0.00 0 -7.73 724.91 162.66 741.62 200.68 1.80 0.58 1.75 5.96 1.32 35.06 -7.56 0.64
Car 0.00 0 -7.94 640.76 171.49 668.00 193.00 1.45 1.58 3.78 3.05 1.36 50.57 -7.88 0.53
Cyclist 0.00 0 -8.04 864.91 166.25 890.92 220.28 1.59 0.44 1.71 8.15 1.40 22.11 -7.68 0.28
Car 0.00 0 -4.25 315.25 181.38 432.65 234.89 1.45 1.70 4.37 -7.25 1.74 22.51 -4.56 0.24
Car 0.00 0 -4.50 698.87 167.25 725.89 184.73 1.56 1.63 4.22 9.45 1.06 66.49 -4.36 0.23
Pedestrian 0.00 0 -5.30 785.28 163.16 797.20 186.93 1.91 0.61 0.77 14.67 1.13 58.51 -5.05 0.22
Pedestrian 0.00 0 -8.10 987.99 146.41 1008.47 186.55 1.83 0.72 0.56 17.83 0.62 33.21 -7.60 0.20
Pedestrian 0.00 0 -3.49 957.96 159.79 1007.33 248.72 1.70 0.66 0.68 7.27 1.45 14.20 -3.02 0.19
Car 0.00 0 -8.10 944.42 155.77 1009.04 192.24 1.51 1.68 3.72 16.11 0.81 31.94 -7.63 0.18
Car 0.00 0 -2.59 549.25 174.16 612.65 198.21 1.53 1.67 3.92 -1.97 1.63 47.94 -2.63 0.17
Pedestrian 0.00 0 -3.70 881.53 163.78 921.12 227.51 1.69 0.54 0.83 7.79 1.45 19.43 -3.32 0.17
Cyclist 0.00 0 -8.32 822.62 157.73 843.83 190.14 1.72 0.44 1.58 12.08 0.92 39.21 -8.02 0.16
Pedestrian 0.00 0 -7.21 1010.74 145.11 1034.90 185.17 1.81 0.73 0.64 18.89 0.56 33.09 -6.69 0.13
Car 0.00 0 -3.99 297.43 177.11 419.88 225.74 1.49 1.64 4.10 -8.51 1.65 24.69 -4.32 0.12
Car 0.00 0 -4.93 817.87 168.95 868.47 198.88 1.40 1.54 4.02 11.46 1.22 35.80 -4.62 0.11
Pedestrian 0.00 0 -5.04 1048.27 142.13 1070.41 183.78 1.87 0.69 0.62 20.41 0.49 32.85 -4.48 0.11
Car 0.00 0 -7.41 573.29 162.13 621.37 193.14 2.08 1.75 4.20 -0.87 1.36 50.63 -7.43 0.11
