Car 0.00 0 -5.30 1147.13 167.19 1236.49 200.43 1.53 1.65 3.64 28.23 1.27 35.20 -4.62 0.73
Car 0.00 0 -3.79 0.00 216.58 192.20 374.00 1.45 1.57 4.27 -5.59 1.93 5.68 -4.57 0.33
Car 0.00 0 -5.12 1194.25 165.84 1241.00 197.08 1.53 1.56 3.68 31.97 1.19 37.30 -4.41 0.27
Cyclist 0.00 0 -3.17 496.40 172.17 516.65 194.60 1.94 0.66 1.72 -9.02 1.88 62.75 -3.32 0.26
Car 0.00 0 -6.17 501.91 179.31 567.41 204.78 1.44 1.50 3.63 -4.37 1.82 41.86 -6.27 0.22
Pedestrian 0.00 0 -7.26 180.76 186.95 352.99 374.00 1.77 0.66 0.65 -2.03 1.86 4.22 -7.71 0.17
Cyclist 0.00 0 -2.52 414.88 177.26 442.62 203.01 1.65 0.56 1.75 -11.83 1.94 46.95 -2.77 0.15
Pedestrian 0.00 0 -3.58 641.54 164.93 690.71 247.13 2.04 0.60 1.10 1.38 1.84 18.38 -3.50 0.15
Pedestrian 0.00 0 -5.35 846.64 175.42 890.12 251.29 1.80 0.57 0.91 6.27 1.87 17.69 -5.01 0.15
Car 0.00 0 -6.43 385.62 185.42 519.63 235.64 1.50 1.63 4.13 -5.24 1.94 23.82 -6.65 0.14
Pedestrian 0.00 0 -7.51 612.35 171.66 628.06 207.51 2.01 0.70 0.71 0.55 1.95 40.96 -7.50 0.14
Car 0.00 0 -7.05 877.23 193.31 1241.00 341.10 1.45 1.57 4.22 5.48 1.72 8.58 -6.49 0.13
Car 0.00 0 -7.85 464.77 189.91 537.85 262.96 1.51 1.60 3.92 -2.74 1.98 17.89 -8.00 0.13
Pedestrian 0.00 0 -3.82 1167.20 160.67 1193.54 201.19 1.88 0.66 0.71 26.73 1.32 33.87 -3.15 0.12
Pedestrian 0.00 0 -5.01 1223.75 153.74 1241.00 198.81 1.85 0.67 0.75 26.10 1.06 30.07 -4.29 0.11
Cyclist 0.00 0 -7.83 626.26 180.53 633.10 208.77 1.60 0.37 1.69 1.12 2.05 42.09 -7.81 0.10
