Pedestrian 0.00 0 -5.66 701.12 174.00 717.97 206.46 1.90 0.59 0.79 5.86 1.97 42.72 -5.52 0.31
Pedestrian 0.00 0 -4.61 815.73 168.87 833.96 213.23 1.87 0.67 0.85 9.16 1.70 30.88 -4.33 0.28
Pedestrian 0.00 0 -3.67 1047.39 166.76 1109.37 259.83 1.74 0.59 0.81 8.90 1.63 13.81 -3.09 0.28
Cyclist 0.00 0 -5.10 1220.73 160.94 1241.00 285.14 1.69 0.55 1.71 9.77 1.53 10.74 -4.37 0.24
Car 0.00 0 -2.63 188.24 181.27 261.88 204.14 1.47 1.62 4.03 -25.48 2.03 47.77 -3.12 0.19
Pedestrian 0.00 0 -6.71 1067.73 181.78 1099.99 241.10 1.53 0.57 0.52 12.41 1.77 18.98 -6.13 0.16
Pedestrian 0.00 0 -3.85 940.98 170.14 983.92 237.38 1.71 0.53 0.86 9.08 1.64 18.68 -3.40 0.14
Pedestrian 0.00 0 -7.99 993.57 167.17 1024.76 232.26 1.84 0.70 0.68 11.49 1.68 20.86 -7.48 0.14
Car 0.00 0 -6.73 840.17 179.99 978.05 225.17 1.48 1.63 4.09 10.19 1.74 24.86 -6.34 0.13
Pedestrian 0.00 0 -4.21 1101.07 160.45 1162.67 256.76 1.75 0.62 0.83 9.74 1.52 13.54 -3.59 0.12
Pedestrian 0.00 0 -5.91 1199.35 162.56 1241.00 241.77 1.79 0.55 0.77 14.27 1.56 16.80 -5.21 0.12
Cyclist 0.00 0 -2.98 0.00 177.49 9.53 223.40 1.77 0.60 1.65 -25.04 1.96 28.69 -3.69 0.12
Car 0.00 0 -4.35 352.36 187.67 438.83 233.63 1.41 1.62 4.02 -7.50 1.97 25.48 -4.64 0.11
Pedestrian 0.00 0 -4.79 981.37 167.50 1013.74 246.44 1.75 0.59 0.80 8.79 1.63 16.48 -4.30 0.11
