Car 0.00 0 -8.05 598.82 180.37 697.00 253.23 1.48 1.61 3.58 0.73 1.68 16.95 -8.01 0.98
Car 0.00 0 -7.76 374.03 180.32 433.43 230.92 1.61 1.67 4.28 -7.36 1.90 25.91 -8.04 0.92
Car 0.00 0 -8.01 550.04 182.11 605.18 225.38 1.50 1.57 3.53 -1.35 1.88 27.68 -8.06 0.91
Car 0.00 0 -7.97 575.66 178.49 639.44 233.28 1.60 1.65 3.58 -0.20 1.80 23.31 -7.97 0.88
Car 0.00 0 -7.93 531.63 178.60 563.32 207.26 1.51 1.52 3.48 -3.59 1.85 40.60 -8.01 0.86
Car 0.00 0 -4.42 0.00 136.36 343.99 374.00 1.99 1.76 4.45 -3.95 1.75 7.13 -4.92 0.79
Pedestrian 0.00 0 -3.27 836.58 159.18 882.52 232.10 1.83 0.57 1.05 6.32 1.48 18.45 -2.94 0.65
Pedestrian 0.00 0 -8.25 737.76 161.70 754.59 202.17 1.96 0.66 0.51 6.60 1.42 35.20 -8.06 0.41
Pedestrian 0.00 0 -4.12 1057.57 149.29 1124.00 251.75 1.68 0.62 0.76 8.11 1.29 12.25 -3.54 0.36
Car 0.00 0 -7.93 506.39 175.95 527.68 195.47 1.70 1.64 3.54 -8.46 1.99 65.33 -8.06 0.33
Car 0.00 0 -4.06 0.00 190.28 159.65 262.32 1.47 1.59 3.33 -12.67 1.93 17.25 -4.69 0.25
Pedestrian 0.00 0 -5.15 0.00 178.06 13.33 283.05 1.76 0.62 0.73 -11.01 1.85 12.55 -5.87 0.23
Pedestrian 0.00 0 -2.78 332.93 170.69 349.13 203.99 1.99 0.62 0.74 -16.25 1.86 43.52 -3.14 0.22
Car 0.00 0 -8.60 1047.33 179.40 1241.00 354.42 1.37 1.48 3.43 6.34 1.45 7.52 -7.90 0.22
Pedestrian 0.00 0 -8.06 751.06 154.18 765.02 184.47 1.78 0.67 0.79 8.76 0.68 42.89 -7.86 0.21
Pedestrian 0.00 0 -7.09 903.84 151.41 958.63 239.49 1.78 0.63 0.86 6.65 1.35 15.07 -6.67 0.18
Pedestrian 0.00 0 -3.71 775.82 170.38 810.10 228.79 1.69 0.57 0.80 5.34 1.62 21.26 -3.46 0.17
Cyclist 0.00 0 -3.56 1092.79 162.53 1201.95 236.84 1.54 0.72 1.74 11.45 1.33 15.50 -2.93 0.16
Pedestrian 0.00 0 -3.80 1094.77 163.20 1148.18 247.29 1.50 0.53 0.59 9.26 1.33 13.15 -3.19 0.16
Pedestrian 0.00 0 -3.49 789.35 164.40 820.02 224.54 1.85 0.59 0.77 6.03 1.59 22.55 -3.23 0.15
Pedestrian 0.00 0 -3.56 804.71 170.21 833.20 227.71 1.71 0.60 0.64 6.27 1.63 21.81 -3.28 0.14
Pedestrian 0.00 0 -4.75 1103.51 166.57 1132.39 233.34 1.48 0.51 0.62 11.45 1.34 16.34 -4.14 0.14
Cyclist 0.00 0 -8.15 717.35 173.11 752.17 234.90 1.64 0.49 1.66 3.39 1.65 20.02 -7.98 0.13
Cyclist 0.00 0 -8.28 640.00 175.66 671.46 221.52 1.74 0.61 1.62 1.74 1.85 28.33 -8.22 0.10
Pedestrian 0.00 0 -4.06 1126.45 157.97 1177.29 230.04 1.61 0.56 0.80 12.30 1.27 16.45 -3.42 0.10
