Car 0.00 0 -7.18 1224.68 158.56 1241.00 220.73 1.46 1.63 4.10 17.92 1.13 18.01 -6.40 0.91
Car 0.00 0 -3.39 364.18 169.55 528.24 227.35 1.59 1.69 4.52 -4.92 1.50 21.62 -3.61 0.90
Car 0.00 0 -7.39 858.32 162.57 1027.60 250.47 1.56 1.60 3.71 6.73 1.37 14.55 -6.95 0.90
Car 0.00 0 -3.33 0.00 182.19 173.89 262.13 1.44 1.64 4.24 -12.15 1.67 15.62 -4.00 0.81
Car 0.00 0 -7.04 1201.54 159.24 1241.00 198.97 1.42 1.56 3.83 24.33 0.93 26.62 -6.30 0.50
Pedestrian 0.00 0 -5.19 357.43 165.66 373.48 201.64 1.97 0.65 0.58 -13.56 1.58 39.91 -5.52 0.30
Pedestrian 0.00 0 -7.30 634.01 158.63 650.47 192.24 1.93 0.74 0.63 1.84 1.11 41.87 -7.26 0.25
Cyclist 0.00 0 -2.91 392.47 166.37 429.12 200.10 1.87 0.57 1.89 -11.13 1.51 40.22 -3.18 0.25
Car 0.00 0 -2.77 150.15 170.00 295.56 217.00 1.66 1.70 4.40 -14.19 1.56 26.57 -3.26 0.23
Pedestrian 0.00 0 -3.15 618.71 154.29 651.20 219.30 1.91 0.61 0.95 0.69 1.36 21.50 -3.12 0.18
Pedestrian 0.00 0 -5.47 325.62 165.42 343.94 200.81 1.92 0.61 0.72 -15.17 1.52 39.67 -5.83 0.18
Car 0.00 0 -3.40 664.36 168.45 751.85 195.32 1.48 1.68 4.62 5.47 1.23 40.72 -3.26 0.17
Car 0.00 0 -6.88 932.01 150.77 1055.65 204.13 1.80 1.70 3.49 13.42 1.06 25.42 -6.39 0.15
Pedestrian 0.00 0 -8.27 617.22 160.56 632.34 192.53 1.83 0.69 0.59 0.82 1.12 41.59 -8.25 0.13
Car 0.00 0 -6.64 673.99 167.44 804.41 217.51 1.51 1.62 3.74 4.01 1.35 22.89 -6.47 0.13
Pedestrian 0.00 0 -8.22 839.82 164.72 864.77 217.11 1.62 0.61 0.48 7.53 1.37 22.56 -7.90 0.12
Car 0.00 0 -3.37 518.16 176.24 598.14 203.83 1.46 1.63 4.15 -2.91 1.65 39.90 -3.44 0.12
Cyclist 0.00 0 -4.73 393.57 169.57 411.09 214.19 1.70 0.63 1.61 -8.21 1.57 28.34 -5.01 0.11
Cyclist 0.00 0 -7.76 506.81 168.12 525.52 217.56 1.67 0.50 1.60 -3.32 1.51 25.25 -7.89 0.10
