Car 0.00 0 -8.15 971.04 201.09 1241.00 374.00 1.49 1.61 3.48 4.15 1.80 6.02 -7.55 0.97
Car 0.00 0 -7.97 882.94 191.43 943.29 235.01 1.43 1.65 4.03 11.50 2.20 27.69 -7.58 0.93
Pedestrian 0.00 0 -5.05 1056.25 173.97 1085.58 220.07 1.94 0.82 0.85 19.69 1.99 30.90 -4.48 0.37
Pedestrian 0.00 0 -5.61 279.94 156.77 368.74 311.60 1.92 0.65 0.86 -3.76 1.72 9.39 -5.99 0.35
Pedestrian 0.00 0 -4.00 1161.10 164.05 1189.98 220.64 1.99 0.62 0.52 20.12 1.68 25.72 -3.33 0.22
Pedestrian 0.00 0 -4.71 1019.43 183.38 1043.20 240.07 1.72 0.63 0.74 13.15 2.06 22.59 -4.18 0.17
Pedestrian 0.00 0 -7.96 1035.78 178.96 1060.24 229.33 1.91 0.74 0.65 16.90 2.15 27.92 -7.41 0.17
Pedestrian 0.00 0 -4.90 1008.47 178.10 1038.94 236.13 1.87 0.72 0.85 13.62 2.05 23.85 -4.38 0.17
Car 0.00 0 -4.99 717.93 165.48 752.83 187.68 1.80 1.75 4.37 10.50 1.20 60.83 -4.82 0.15
Pedestrian 0.00 0 -5.52 235.97 152.20 328.21 318.21 1.91 0.62 0.81 -4.01 1.67 8.72 -5.96 0.14
Pedestrian 0.00 0 -7.17 1128.06 171.23 1158.15 226.36 1.91 0.62 0.59 18.72 1.86 25.40 -6.53 0.14
Car 0.00 0 -6.80 976.42 188.42 1099.33 227.95 1.51 1.59 3.98 17.06 2.15 28.96 -6.27 0.13
Pedestrian 0.00 0 -6.33 985.83 177.59 997.73 219.99 1.84 0.57 0.44 16.78 2.06 31.80 -5.84 0.12
Car 0.00 0 -4.88 870.58 171.51 903.04 194.39 1.64 1.63 3.79 20.50 1.54 53.62 -4.52 0.12
Cyclist 0.00 0 -3.99 1137.22 167.82 1167.27 195.16 1.85 0.56 1.85 36.98 1.51 49.25 -3.35 0.11
Pedestrian 0.00 0 -4.22 1174.16 170.44 1204.44 231.17 1.98 0.61 0.52 19.15 1.90 23.91 -3.55 0.11
Pedestrian 0.00 0 -5.49 186.75 155.47 289.73 331.92 1.88 0.57 0.88 -4.22 1.70 8.10 -5.98 0.11
Pedestrian 0.00 0 -5.13 1100.80 180.99 1161.97 271.98 1.72 0.68 0.87 10.22 1.89 14.25 -4.50 0.10
