Car 0.00 0 -4.26 45.31 193.26 297.25 313.04 1.44 1.69 4.32 -6.76 1.84 11.66 -4.78 0.93
Car 0.00 0 -3.88 409.51 180.63 567.53 240.68 1.51 1.68 4.63 -3.46 1.76 21.10 -4.04 0.84
Pedestrian 0.00 0 -7.87 452.39 179.74 487.95 268.14 1.60 0.64 0.80 -2.69 1.73 13.57 -8.07 0.75
Car 0.00 0 -4.59 645.70 178.42 682.72 207.56 1.51 1.59 3.90 3.04 1.84 40.32 -4.51 0.22
Pedestrian 0.00 0 -3.23 1157.90 154.02 1187.50 209.37 1.85 0.65 0.74 19.09 1.22 24.54 -2.57 0.22
Pedestrian 0.00 0 -5.36 1053.32 155.68 1073.60 191.76 1.92 0.62 0.71 24.30 1.01 38.73 -4.80 0.18
Pedestrian 0.00 0 -4.39 322.98 140.77 434.59 366.06 2.05 0.75 1.04 -2.29 1.76 7.08 -4.70 0.17
Cyclist 0.00 0 -5.66 899.58 165.40 955.96 221.46 1.68 0.57 1.56 9.80 1.46 22.41 -5.25 0.16
Pedestrian 0.00 0 -6.25 679.76 172.00 691.21 201.43 1.85 0.60 0.71 4.76 1.80 45.75 -6.15 0.16
Car 0.00 0 -2.09 0.00 182.48 17.55 208.37 1.57 1.68 3.89 -40.36 2.21 46.39 -2.81 0.14
Car 0.00 0 -4.74 1218.77 156.90 1241.00 182.90 1.63 1.62 3.90 40.85 0.63 47.15 -4.03 0.13
Cyclist 0.00 0 -8.00 789.92 170.15 799.30 197.38 1.70 0.35 1.60 11.70 1.53 45.87 -7.75 0.13
