Car 0.00 0 -2.47 0.00 195.57 242.26 336.56 1.46 1.64 3.92 -6.80 1.76 8.56 -3.14 0.97
Car 0.00 0 -9.06 1047.77 197.80 1241.00 374.00 1.43 1.58 3.63 6.74 1.76 7.42 -8.32 0.97
Car 0.00 0 -8.00 643.71 186.60 697.64 228.19 1.50 1.60 4.08 2.36 2.10 29.49 -7.92 0.96
Car 0.00 0 -8.12 674.69 191.09 764.22 250.31 1.39 1.55 3.49 2.87 1.94 19.87 -7.98 0.95
Car 0.00 0 -2.72 198.01 195.24 418.63 266.04 1.41 1.57 4.16 -6.52 1.92 15.73 -3.11 0.92
Car 0.00 0 -2.57 0.00 195.00 311.96 302.20 1.45 1.58 3.85 -6.81 1.81 10.90 -3.13 0.88
Car 0.00 0 -2.91 420.47 191.76 519.42 224.53 1.42 1.61 4.22 -6.44 2.32 33.25 -3.10 0.72
Car 0.00 0 -2.73 334.09 192.40 470.20 241.77 1.43 1.58 3.80 -6.54 2.07 22.72 -3.02 0.69
Car 0.00 0 -5.89 259.98 193.53 429.91 255.92 1.44 1.56 3.69 -6.62 1.99 18.12 -6.24 0.69
Car 0.00 0 -5.95 370.63 186.29 485.42 231.76 1.64 1.59 3.94 -6.93 2.17 27.51 -6.19 0.61
Car 0.00 0 -2.87 346.69 190.58 472.55 235.85 1.49 1.52 3.96 -6.96 2.13 25.15 -3.14 0.53
Car 0.00 0 -5.94 289.79 192.42 445.83 246.76 1.43 1.50 3.90 -6.80 2.01 20.36 -6.26 0.47
Car 0.00 0 -2.96 443.59 180.72 519.16 213.45 1.68 1.66 3.71 -6.82 2.11 38.29 -3.14 0.45
Car 0.00 0 -4.81 640.20 182.38 678.00 214.98 1.67 1.71 4.24 2.66 2.23 40.39 -4.74 0.44
Car 0.00 0 -4.85 623.92 182.87 650.36 204.08 1.63 1.62 4.19 2.19 2.49 59.77 -4.81 0.44
Car 0.00 0 -4.53 531.98 185.48 563.31 210.08 1.56 1.45 4.05 -4.31 2.47 50.01 -4.61 0.31
Pedestrian 0.00 0 -4.77 807.34 170.06 828.87 228.28 2.01 0.68 0.71 7.26 1.91 25.33 -4.50 0.26
Car 0.00 0 -3.10 738.01 174.51 791.04 194.96 1.59 1.63 4.07 12.30 1.72 57.51 -2.89 0.24
Pedestrian 0.00 0 -4.87 899.74 164.50 916.84 210.41 1.94 0.63 0.35 12.69 1.59 30.81 -4.48 0.22
Car 0.00 0 -2.79 456.39 181.94 535.50 210.98 1.67 1.74 4.40 -6.91 2.24 43.65 -2.95 0.21
Pedestrian 0.00 0 -6.14 985.64 162.25 996.54 207.94 1.92 0.58 0.33 16.16 1.48 30.67 -5.66 0.21
Car 0.00 0 -3.19 425.10 187.48 512.36 220.67 1.52 1.60 4.13 -7.01 2.27 35.52 -3.39 0.19
Car 0.00 0 -5.23 499.31 182.14 543.32 203.23 1.50 1.65 3.83 -6.83 2.23 55.09 -5.36 0.16
Pedestrian 0.00 0 -4.24 782.60 165.09 808.13 219.40 2.12 0.65 0.88 7.32 1.81 28.67 -3.99 0.15
Pedestrian 0.00 0 -4.94 952.04 162.14 999.07 262.14 2.00 0.69 0.84 7.48 1.78 14.89 -4.47 0.15
Pedestrian 0.00 0 -9.04 1091.02 161.88 1107.68 207.75 1.85 0.59 0.37 19.88 1.41 29.37 -8.45 0.13
Car 0.00 0 -6.24 495.72 177.57 545.46 193.79 1.46 1.56 4.48 -8.22 1.90 66.42 -6.36 0.12
Pedestrian 0.00 0 -8.40 1045.67 164.55 1090.99 247.51 1.93 0.66 0.66 10.81 1.74 17.10 -7.83 0.12
Pedestrian 0.00 0 -4.32 1150.88 153.09 1184.46 213.32 1.87 0.66 0.60 17.64 1.26 22.88 -3.66 0.12
Pedestrian 0.00 0 -4.65 262.29 168.79 287.49 238.50 1.98 0.63 0.64 -9.77 1.87 20.95 -5.09 0.11
