Car 0.00 0 -7.98 535.33 175.55 577.81 209.06 1.55 1.62 3.80 -2.60 1.11 35.38 -8.05 0.89
Car 0.00 0 -7.94 489.08 179.55 517.83 202.21 1.48 1.61 4.04 -7.16 1.11 48.96 -8.08 0.85
Car 0.00 0 -5.87 1229.14 217.22 1240.00 375.00 1.48 1.52 4.02 4.92 1.69 2.73 -4.81 0.65
Pedestrian 0.00 0 -5.07 438.69 197.58 569.53 375.00 1.65 0.58 0.63 -0.69 1.73 4.27 -5.23 0.25
Cyclist 0.00 0 -3.87 405.81 176.15 438.73 212.10 1.66 0.58 1.51 -8.79 1.24 33.98 -4.13 0.21
Cyclist 0.00 0 -3.82 721.40 167.86 766.26 214.64 1.75 0.57 1.71 5.19 1.10 27.61 -3.63 0.20
Car 0.00 0 -5.34 488.67 178.38 548.31 204.26 1.53 1.62 3.99 -5.58 1.12 44.40 -5.46 0.20
Car 0.00 0 -2.80 606.50 175.40 710.98 213.33 1.55 1.66 4.18 2.16 1.15 30.98 -2.73 0.15
Pedestrian 0.00 0 -2.10 0.00 170.00 23.11 336.30 1.85 0.65 0.79 -7.54 1.68 8.43 -2.83 0.14
Pedestrian 0.00 0 -3.14 691.69 179.74 709.62 219.70 1.42 0.46 0.63 3.28 1.22 25.72 -3.02 0.13
Car 0.00 0 -4.79 793.51 179.30 863.91 240.10 1.43 1.47 3.39 5.61 1.29 18.67 -4.50 0.13
Car 0.00 0 -2.77 250.83 186.71 378.78 226.70 1.41 1.59 4.04 -10.69 1.47 26.31 -3.15 0.10
