Car 0.00 0 -8.20 477.83 186.64 613.61 267.28 1.38 1.58 3.90 -1.54 1.71 15.20 -8.30 0.95
Car 0.00 0 -4.44 0.00 210.12 92.38 374.00 1.43 1.71 4.15 -7.30 1.97 8.08 -5.17 0.95
Car 0.00 0 -8.01 377.01 178.81 434.53 220.27 1.51 1.63 3.99 -8.32 1.77 29.02 -8.28 0.94
Car 0.00 0 -5.03 1055.97 153.75 1241.00 248.09 1.48 1.72 4.08 9.86 1.18 13.52 -4.40 0.93
Car 0.00 0 -4.53 0.00 200.59 128.35 308.26 1.41 1.59 3.75 -9.62 1.97 12.51 -5.18 0.92
Car 0.00 0 -7.96 364.62 180.32 407.87 213.88 1.45 1.56 3.76 -10.67 1.83 34.13 -8.26 0.77
Car 0.00 0 -2.87 552.19 169.14 649.76 207.71 1.61 1.68 3.96 -0.41 1.46 31.52 -2.88 0.72
Car 0.00 0 -5.91 1166.95 145.30 1241.00 230.84 1.50 1.75 4.48 14.57 1.01 15.02 -5.14 0.69
Car 0.00 0 -4.85 938.49 156.05 1045.55 236.47 1.50 1.51 3.60 7.99 1.19 15.45 -4.37 0.69
Car 0.00 0 -8.52 614.47 141.97 1024.23 374.00 1.93 1.82 4.73 1.85 1.68 8.28 -8.30 0.39
Car 0.00 0 -2.84 502.33 171.80 590.29 203.81 1.59 1.64 4.20 -3.29 1.54 37.05 -2.93 0.25
Car 0.00 0 -6.11 918.87 142.06 1053.67 188.30 1.57 1.61 4.16 13.65 0.52 26.36 -5.64 0.16
Car 0.00 0 -5.35 587.20 171.68 650.34 196.86 1.48 1.65 4.31 0.45 1.41 44.51 -5.34 0.12
Car 0.00 0 -7.61 830.59 177.31 1012.95 291.16 1.45 1.67 4.37 5.10 1.53 11.57 -7.20 0.10
Car 0.00 0 -6.27 553.85 171.22 637.86 203.31 1.48 1.60 3.88 -0.70 1.41 34.14 -6.29 0.10
