Car 0.00 0 -7.40 126.28 187.06 381.13 321.72 1.52 1.63 3.83 -4.68 1.55 10.07 -7.84 0.97
Car 0.00 0 -7.87 580.74 174.63 637.00 226.98 1.55 1.67 3.25 -0.04 1.24 22.97 -7.87 0.95
Car 0.00 0 -7.14 0.00 195.35 125.99 349.77 1.44 1.58 4.24 -8.32 1.60 9.12 -7.88 0.94
Car 0.00 0 -7.54 283.79 183.74 381.42 233.43 1.41 1.58 4.33 -8.54 1.37 22.59 -7.90 0.84
Car 0.00 0 -7.78 493.42 174.48 535.34 210.56 1.51 1.58 3.85 -4.14 1.06 32.02 -7.91 0.81
Car 0.00 0 -7.80 512.92 173.42 542.23 199.80 1.57 1.61 3.89 -4.97 0.87 44.65 -7.91 0.47
Car 0.00 0 -7.90 573.79 176.63 612.94 210.56 1.44 1.57 3.74 -0.73 1.08 32.46 -7.93 0.46
Car 0.00 0 -7.42 268.45 180.02 345.98 215.77 1.46 1.60 3.93 -13.00 1.24 31.25 -7.81 0.42
Car 0.00 0 -4.65 341.34 172.61 372.88 198.65 1.71 1.78 4.10 -17.16 0.88 49.28 -4.98 0.36
Car 0.00 0 -7.89 348.67 179.57 393.49 217.95 1.46 1.60 3.93 -9.80 1.25 29.51 -8.21 0.27
Car 0.00 0 -7.30 0.00 187.45 0.45 260.34 1.51 1.52 3.46 -16.25 1.57 16.89 -8.07 0.18
Car 0.00 0 -4.83 534.08 174.08 558.08 192.84 1.61 1.64 4.20 -5.53 0.66 64.00 -4.92 0.15
Car 0.00 0 -7.99 572.80 172.19 605.89 198.38 1.67 1.66 4.14 -1.30 0.84 48.04 -8.02 0.11
