Car 0.00 0 -4.50 360.47 175.57 484.08 260.61 1.52 1.66 4.09 -3.81 1.59 15.13 -4.75 0.93
Car 0.00 0 -4.56 491.94 176.18 545.14 212.81 1.50 1.69 4.39 -4.04 1.66 32.18 -4.68 0.92
Car 0.00 0 -4.77 646.66 174.68 698.70 222.70 1.57 1.60 3.65 2.11 1.64 25.58 -4.69 0.92
Car 0.00 0 -8.01 627.86 178.28 675.53 212.89 1.43 1.58 3.66 1.77 1.69 32.38 -7.95 0.68
Car 0.00 0 -5.09 884.38 192.37 1067.81 290.95 1.38 1.56 3.75 6.18 1.77 12.76 -4.64 0.38
Pedestrian 0.00 0 -4.31 813.76 176.02 851.15 249.24 1.72 0.63 0.72 5.33 1.80 17.45 -4.01 0.37
Car 0.00 0 -4.57 523.21 175.47 554.90 199.82 1.52 1.55 3.83 -4.66 1.70 47.51 -4.67 0.19
Cyclist 0.00 0 -7.40 469.27 176.35 487.92 204.29 1.63 0.44 1.61 -7.89 1.85 43.20 -7.59 0.19
Pedestrian 0.00 0 -3.68 1141.41 162.72 1241.00 368.13 1.75 0.57 0.87 5.38 1.67 6.51 -2.99 0.19
Car 0.00 0 -4.71 619.52 176.55 649.78 207.61 1.53 1.51 3.88 1.27 1.73 37.95 -4.67 0.18
Pedestrian 0.00 0 -7.73 842.50 177.96 863.33 226.04 1.60 0.61 0.51 8.20 1.78 24.49 -7.41 0.17
Pedestrian 0.00 0 -3.52 248.55 168.73 277.92 235.61 1.73 0.55 0.53 -9.19 1.62 19.01 -3.97 0.15
Pedestrian 0.00 0 -4.50 110.07 163.49 166.43 278.96 1.69 0.59 0.67 -7.23 1.56 11.01 -5.08 0.15
Pedestrian 0.00 0 -7.74 440.60 174.01 454.97 209.43 1.72 0.63 0.56 -7.99 1.78 35.38 -7.96 0.13
Car 0.00 0 -4.74 512.51 177.54 545.11 208.40 1.50 1.58 4.07 -4.34 1.76 37.84 -4.85 0.12
Car 0.00 0 -4.92 529.67 174.52 561.29 195.74 1.53 1.58 4.08 -4.94 1.66 54.55 -5.01 0.12
Car 0.00 0 -5.49 1218.87 183.79 1241.00 336.11 1.53 1.50 3.33 9.80 1.69 9.17 -4.67 0.11
Car 0.00 0 -4.35 457.92 179.30 508.19 207.31 1.43 1.51 3.63 -6.94 1.80 39.57 -4.52 0.10
Cyclist 0.00 0 -7.23 9.00 163.36 137.54 297.85 1.67 0.50 1.70 -7.27 1.55 9.80 -7.87 0.10
