Car 0.00 0 -4.43 737.01 183.60 803.84 222.32 1.46 1.64 4.40 6.90 1.96 30.88 -4.21 0.96
Car 0.00 0 -3.63 0.00 176.61 336.29 353.27 1.60 1.63 4.07 -5.62 1.66 8.80 -4.20 0.96
Car 0.00 0 -7.76 917.59 182.72 995.23 247.62 1.60 1.63 4.09 9.91 1.91 20.58 -7.31 0.95
Car 0.00 0 -4.22 557.20 183.56 685.44 250.14 1.53 1.65 4.24 0.39 1.86 19.57 -4.20 0.93
Car 0.00 0 -4.51 799.80 184.29 847.92 215.18 1.48 1.69 4.00 11.34 2.12 38.22 -4.22 0.88
Car 0.00 0 -7.86 979.71 185.84 1013.22 214.58 1.40 1.53 3.64 20.83 2.14 39.01 -7.37 0.68
Car 0.00 0 -4.59 855.65 180.65 884.82 203.15 1.52 1.53 3.89 18.80 2.10 52.12 -4.25 0.33
Car 0.00 0 -4.45 796.30 184.80 855.18 219.64 1.42 1.61 3.93 9.87 2.00 32.98 -4.16 0.21
Car 0.00 0 -4.70 881.29 180.56 907.89 204.55 1.57 1.68 4.23 20.05 2.13 50.85 -4.33 0.18
Car 0.00 0 -4.65 905.87 182.02 935.42 204.03 1.48 1.74 4.00 22.61 2.18 52.51 -4.25 0.15
Car 0.00 0 -6.76 1212.21 189.86 1241.00 254.52 1.46 1.60 4.04 18.10 1.92 18.35 -5.98 0.11
Car 0.00 0 -4.82 1090.29 173.93 1129.49 200.71 1.70 1.74 3.73 33.26 1.78 48.14 -4.22 0.11
Pedestrian 0.00 0 -4.78 1180.43 169.32 1207.86 232.55 1.91 0.62 0.56 17.89 1.80 22.17 -4.10 0.10
Pedestrian 0.00 0 -8.00 334.21 185.59 348.52 220.74 1.62 0.58 0.38 -12.60 2.22 33.73 -8.36 0.10
