Car 0.00 0 -6.83 816.02 182.95 1182.93 317.51 1.47 1.56 3.74 4.60 1.61 8.92 -6.36 0.95
Car 0.00 0 -2.56 0.00 186.38 255.32 304.73 1.52 1.65 3.84 -7.48 1.73 10.37 -3.19 0.86
Car 0.00 0 -6.63 758.18 183.46 1048.27 285.54 1.45 1.54 3.88 4.34 1.62 11.20 -6.26 0.69
Car 0.00 0 -8.57 1030.04 182.14 1101.33 208.38 1.49 1.68 3.69 27.81 2.08 44.22 -8.01 0.68
Car 0.00 0 -3.96 0.00 190.83 328.50 374.00 1.67 1.63 4.19 -2.83 1.79 2.96 -4.72 0.66
Car 0.00 0 -7.78 1140.17 186.88 1197.69 227.76 1.41 1.49 3.74 21.73 1.99 28.06 -7.12 0.56
Car 0.00 0 -2.62 0.00 183.61 276.85 277.81 1.53 1.64 3.91 -8.31 1.73 12.84 -3.20 0.49
Pedestrian 0.00 0 -5.94 270.33 179.66 310.55 259.44 1.62 0.50 0.63 -6.66 1.76 14.93 -6.36 0.32
Pedestrian 0.00 0 -4.72 882.39 152.52 915.33 235.05 2.03 0.76 1.06 7.31 1.53 18.40 -4.34 0.21
Car 0.00 0 -4.71 1105.76 179.34 1131.00 201.07 1.65 1.62 3.97 40.92 2.19 58.13 -4.10 0.17
Car 0.00 0 -5.37 1075.38 180.45 1146.82 207.30 1.59 1.65 3.94 31.65 2.09 45.75 -4.77 0.14
Cyclist 0.00 0 -3.76 1156.59 169.83 1241.00 250.70 1.65 0.72 1.86 12.63 1.59 15.12 -3.06 0.13
Car 0.00 0 -6.46 543.57 182.57 686.25 236.28 1.48 1.64 4.03 0.06 1.79 21.53 -6.46 0.11
Pedestrian 0.00 0 -3.16 633.24 169.09 649.18 211.07 1.89 0.64 0.71 1.38 1.72 32.84 -3.12 0.11
Pedestrian 0.00 0 -4.91 1122.12 165.88 1155.88 234.72 1.87 0.61 0.80 14.65 1.68 20.06 -4.28 0.11
Cyclist 0.00 0 -7.73 996.34 179.65 1007.40 205.56 1.71 0.46 1.63 26.50 2.18 48.84 -7.23 0.10
