Car 0.00 0 -7.89 598.29 175.13 627.19 202.20 1.59 1.64 4.42 0.09 1.74 44.96 -7.89 0.90
Car 0.00 0 -4.29 236.75 188.06 355.49 247.90 1.43 1.63 3.78 -8.65 1.90 20.13 -4.70 0.89
Car 0.00 0 -8.13 1071.77 155.48 1113.05 176.52 1.55 1.62 3.83 36.72 0.27 55.05 -7.55 0.19
Car 0.00 0 -2.60 288.93 186.95 434.24 235.93 1.44 1.64 4.16 -7.99 1.92 23.17 -2.93 0.19
Pedestrian 0.00 0 -7.37 1074.55 156.09 1132.97 248.41 1.67 0.59 0.82 9.18 1.37 13.49 -6.77 0.17
Pedestrian 0.00 0 -3.42 868.19 167.41 878.85 190.04 1.73 0.57 0.63 20.19 1.31 55.36 -3.07 0.17
Pedestrian 0.00 0 -6.20 868.47 140.39 939.27 276.03 1.90 0.66 0.91 4.27 1.44 10.60 -5.81 0.14
Pedestrian 0.00 0 -4.54 1180.75 158.45 1239.96 260.58 1.57 0.62 0.68 9.57 1.35 11.56 -3.85 0.14
Car 0.00 0 -4.51 431.74 177.65 487.24 217.48 1.62 1.62 4.09 -6.62 1.85 31.91 -4.72 0.13
Pedestrian 0.00 0 -7.97 875.78 162.62 899.71 218.15 1.82 0.66 0.79 9.25 1.49 24.17 -7.60 0.13
Car 0.00 0 -4.99 742.30 165.05 777.92 190.69 2.20 1.91 4.64 13.31 1.53 64.33 -4.78 0.10
