Car 0.00 0 -8.45 374.21 203.38 682.26 374.00 1.48 1.57 3.39 -1.08 1.88 7.69 -8.59 0.87
Car 0.00 0 -8.23 251.94 213.24 461.37 342.35 1.41 1.67 4.05 -4.13 2.15 11.22 -8.58 0.83
Car 0.00 0 -7.90 1241.57 166.30 1241.00 301.06 1.57 1.71 3.60 10.14 1.49 10.31 -7.12 0.82
Car 0.00 0 -8.09 180.50 217.46 309.54 310.01 1.41 1.51 3.50 -7.47 2.42 14.52 -8.57 0.72
Car 0.00 0 -4.84 1233.62 165.35 1241.00 265.78 1.58 1.57 3.57 12.61 1.46 13.25 -4.07 0.50
Car 0.00 0 -8.04 105.63 215.87 206.98 290.42 1.47 1.54 3.40 -11.45 2.65 18.05 -8.60 0.45
Car 0.00 0 -7.55 917.68 173.91 959.40 195.44 1.47 1.62 3.90 23.37 1.54 51.34 -7.13 0.38
Car 0.00 0 -4.73 39.82 212.80 94.22 261.11 1.46 1.54 3.80 -20.40 3.06 27.02 -5.37 0.33
Pedestrian 0.00 0 -3.65 719.27 156.20 784.01 259.33 2.05 0.70 1.10 2.85 1.72 14.83 -3.46 0.28
Car 0.00 0 -4.76 29.55 210.02 81.72 251.99 1.49 1.62 4.11 -24.20 3.21 31.39 -5.41 0.24
Car 0.00 0 -4.33 137.06 194.63 192.45 222.77 1.64 1.67 4.14 -29.32 3.14 47.60 -4.88 0.24
Car 0.00 0 -7.24 121.25 200.63 183.52 225.26 1.47 1.67 3.92 -31.46 3.46 49.69 -7.81 0.19
Pedestrian 0.00 0 -8.06 1166.18 164.86 1204.24 229.64 1.75 0.68 0.81 15.90 1.54 20.02 -7.38 0.19
Pedestrian 0.00 0 -5.86 308.51 179.38 333.06 235.36 2.04 0.75 0.59 -10.75 2.28 26.73 -6.24 0.18
Car 0.00 0 -9.10 971.53 157.31 1058.94 191.33 1.87 1.74 4.06 23.32 1.01 41.67 -8.59 0.16
Car 0.00 0 -4.37 103.88 195.69 152.88 219.41 1.53 1.67 4.30 -35.48 3.29 53.22 -4.96 0.16
Cyclist 0.00 0 -6.21 906.42 164.30 941.77 197.82 1.84 0.61 1.77 17.47 1.37 40.23 -5.80 0.15
Pedestrian 0.00 0 -5.62 211.82 186.93 231.15 217.92 1.88 0.59 0.87 -23.91 2.75 44.35 -6.12 0.15
Car 0.00 0 -3.53 0.00 215.38 121.05 305.27 1.57 1.68 4.06 -14.14 2.70 16.88 -4.22 0.14
Pedestrian 0.00 0 -4.98 1222.30 151.80 1241.00 206.51 1.92 0.70 0.70 22.36 1.18 25.74 -4.27 0.13
Car 0.00 0 -7.05 1217.31 168.87 1241.00 228.20 1.52 1.63 4.32 19.07 1.42 19.32 -6.27 0.12
Pedestrian 0.00 0 -8.43 824.23 162.03 841.40 208.42 1.93 0.60 0.33 9.29 1.48 30.21 -8.13 0.12
Pedestrian 0.00 0 -4.43 72.77 225.81 103.61 291.03 1.51 0.49 0.48 -12.71 2.82 17.52 -5.06 0.10
