Car 0.00 0 -6.74 1019.74 168.27 1241.00 284.64 1.68 1.72 4.37 9.29 1.61 11.71 -6.07 0.96
Pedestrian 0.00 0 -7.44 965.90 165.41 984.01 203.90 1.95 0.59 0.72 18.72 1.58 37.08 -6.97 0.27
Car 0.00 0 -5.73 179.95 180.34 248.26 201.55 1.43 1.57 3.93 -27.57 1.96 50.26 -6.23 0.21
Car 0.00 0 -7.29 23.75 187.30 263.06 295.23 1.42 1.50 3.74 -7.42 1.70 11.87 -7.85 0.20
Pedestrian 0.00 0 -4.46 352.17 146.45 426.00 311.01 1.93 0.65 1.01 -2.78 1.62 8.97 -4.76 0.20
Car 0.00 0 -4.85 1059.85 175.83 1107.91 206.85 1.55 1.62 3.95 25.21 1.72 38.55 -4.27 0.20
Cyclist 0.00 0 -5.95 0.00 177.16 47.15 214.66 1.63 0.66 1.75 -26.34 1.83 32.19 -6.64 0.16
Pedestrian 0.00 0 -6.33 288.10 145.34 398.57 355.54 1.89 0.46 0.96 -2.60 1.64 6.87 -6.69 0.15
Car 0.00 0 -5.09 1093.41 176.66 1241.00 262.22 1.52 1.60 4.06 11.76 1.61 15.16 -4.43 0.14
Cyclist 0.00 0 -2.73 30.36 171.77 107.94 239.58 1.74 0.64 1.51 -14.28 1.72 19.02 -3.38 0.12
Pedestrian 0.00 0 -4.13 964.94 166.99 997.20 220.43 1.79 0.64 0.81 12.64 1.59 24.66 -3.66 0.12
Car 0.00 0 -3.35 0.00 177.76 66.62 215.79 1.44 1.68 4.22 -25.53 1.66 30.10 -4.05 0.11
