Car 0.00 0 -8.11 714.24 192.03 888.79 317.57 1.48 1.61 3.52 2.60 1.81 10.80 -7.88 0.97
Car 0.00 0 -4.42 288.83 201.42 458.24 318.77 1.47 1.60 3.79 -3.72 2.02 11.88 -4.73 0.96
Car 0.00 0 -8.32 808.33 191.89 1219.72 374.00 1.56 1.65 3.33 2.98 1.77 6.26 -7.88 0.94
Car 0.00 0 -8.02 675.43 194.67 775.55 271.16 1.43 1.60 4.17 2.49 2.00 16.76 -7.87 0.85
Car 0.00 0 -4.46 390.67 201.93 499.34 272.80 1.37 1.64 4.00 -3.94 2.17 17.68 -4.68 0.83
Car 0.00 0 -2.52 0.00 191.98 202.57 349.60 1.64 1.72 4.14 -7.60 1.90 8.80 -3.23 0.70
Car 0.00 0 -3.32 816.48 170.11 904.34 201.15 1.49 1.60 3.89 12.33 1.36 35.81 -2.99 0.67
Car 0.00 0 -4.56 468.79 194.80 524.72 239.40 1.49 1.59 3.66 -4.33 2.39 27.77 -4.72 0.53
Car 0.00 0 -8.01 650.86 190.45 703.12 233.04 1.49 1.53 3.54 2.54 2.23 28.54 -7.92 0.48
Car 0.00 0 -7.99 665.44 191.90 737.70 247.43 1.47 1.65 4.24 2.73 2.13 22.70 -7.87 0.37
Pedestrian 0.00 0 -4.23 957.83 151.49 1013.80 252.71 2.06 0.66 1.00 7.90 1.63 15.27 -3.75 0.36
Car 0.00 0 -4.83 625.53 192.63 655.41 217.01 1.51 1.60 4.10 2.05 2.95 50.31 -4.79 0.32
Pedestrian 0.00 0 -7.87 178.89 152.96 198.75 194.97 1.77 0.72 0.59 -18.07 0.93 30.88 -8.40 0.31
Car 0.00 0 -4.52 433.52 197.77 507.68 251.84 1.44 1.60 3.89 -4.37 2.29 22.90 -4.71 0.27
Car 0.00 0 -2.24 0.00 177.05 11.44 262.41 1.66 1.67 4.32 -15.42 1.76 15.23 -3.03 0.15
Car 0.00 0 -7.56 866.25 154.99 909.70 181.55 1.66 1.63 3.76 18.18 0.55 47.18 -7.19 0.14
Pedestrian 0.00 0 -4.10 888.30 167.42 922.14 234.79 2.00 0.64 0.73 8.90 1.84 21.86 -3.71 0.14
Car 0.00 0 -7.87 588.15 192.75 606.30 212.32 1.59 1.57 4.02 -1.19 3.43 64.71 -7.88 0.10
Pedestrian 0.00 0 -4.94 400.84 182.06 422.30 236.22 1.98 0.63 0.72 -7.46 2.33 26.97 -5.21 0.10
Pedestrian 0.00 0 -8.19 1214.50 137.29 1241.00 229.66 1.76 0.61 0.70 12.36 1.08 14.19 -7.47 0.10
Pedestrian 0.00 0 -8.21 747.25 185.17 777.57 241.85 1.72 0.70 0.78 4.72 2.12 22.57 -8.01 0.10
