Car 0.00 0 -4.46 511.95 174.39 551.78 201.42 1.85 1.80 4.51 -5.59 1.96 51.88 -4.57 0.65
Car 0.00 0 -7.79 571.94 182.02 612.71 216.11 1.45 1.66 4.02 -0.81 1.91 33.91 -7.81 0.57
Cyclist 0.00 0 -6.04 346.27 176.92 375.57 205.33 1.79 0.60 1.67 -15.91 2.06 46.02 -6.37 0.43
Car 0.00 0 -7.88 686.55 181.20 715.87 207.07 1.44 1.63 3.82 5.42 1.97 43.47 -7.76 0.38
Car 0.00 0 -3.31 495.69 182.69 574.61 211.03 1.52 1.66 4.23 -4.29 2.09 40.89 -3.41 0.32
Car 0.00 0 -5.53 1095.87 187.37 1241.00 317.44 1.42 1.77 4.55 9.70 1.68 10.71 -4.79 0.26
Car 0.00 0 -7.90 1205.72 176.31 1241.00 219.49 1.49 1.70 3.94 23.61 1.63 27.25 -7.19 0.26
Car 0.00 0 -3.35 556.73 179.59 654.66 218.50 1.56 1.65 3.90 -0.25 1.86 30.63 -3.36 0.25
Cyclist 0.00 0 -4.50 74.90 174.47 257.70 374.00 1.83 0.51 1.67 -2.40 1.84 3.98 -5.04 0.23
Car 0.00 0 -6.70 500.52 182.19 573.08 207.38 1.50 1.66 4.30 -4.68 2.12 46.02 -6.80 0.21
Car 0.00 0 -7.94 570.44 179.53 623.81 226.49 1.57 1.63 3.79 -0.58 1.83 26.61 -7.96 0.21
Cyclist 0.00 0 -2.46 178.46 178.48 214.02 211.80 1.77 0.68 1.60 -22.42 2.08 39.04 -2.98 0.15
Cyclist 0.00 0 -8.22 866.30 174.90 888.16 210.86 1.64 0.40 1.62 12.45 1.74 33.76 -7.87 0.15
Car 0.00 0 -6.54 552.88 181.55 700.74 235.52 1.55 1.72 4.31 0.44 1.84 22.50 -6.52 0.12
Cyclist 0.00 0 -7.84 1104.23 170.77 1120.18 220.97 1.70 0.44 1.77 17.60 1.63 25.34 -7.24 0.12
Car 0.00 0 -4.73 742.08 173.96 764.13 195.84 1.65 1.63 3.59 11.16 1.74 56.53 -4.53 0.12
Pedestrian 0.00 0 -3.33 265.93 175.45 279.10 209.38 1.77 0.62 0.52 -17.83 1.91 38.04 -3.77 0.10
