Pedestrian 0.00 0 -4.12 612.26 174.58 654.41 236.55 1.57 0.73 0.89 0.81 1.40 18.78 -4.07 0.65
Pedestrian 0.00 0 -3.44 495.95 173.94 524.41 243.71 1.66 0.59 0.54 -2.25 1.48 17.45 -3.56 0.59
Pedestrian 0.00 0 -4.71 625.26 164.41 643.98 217.22 1.85 0.66 0.57 1.16 1.26 25.52 -4.67 0.56
Pedestrian 0.00 0 -8.22 612.13 163.01 629.44 204.13 1.91 0.61 0.69 0.90 1.05 33.77 -8.19 0.50
Cyclist 0.00 0 -8.25 544.85 171.50 579.07 229.57 1.73 0.43 1.68 -1.26 1.43 22.23 -8.31 0.49
Pedestrian 0.00 0 -7.99 59.61 155.10 168.40 373.00 1.78 0.60 0.76 -3.87 1.59 5.62 -8.59 0.44
Pedestrian 0.00 0 -5.32 319.02 161.52 376.65 263.17 1.81 0.62 0.86 -4.73 1.45 13.27 -5.66 0.42
Pedestrian 0.00 0 -7.61 398.97 178.58 439.02 244.09 1.51 0.75 0.77 -4.32 1.44 16.92 -7.86 0.40
Pedestrian 0.00 0 -4.79 664.22 163.87 677.22 201.08 1.86 0.60 0.72 3.50 0.98 36.34 -4.70 0.40
Pedestrian 0.00 0 -7.75 572.00 176.40 588.97 220.82 1.56 0.52 0.88 -0.77 1.38 25.65 -7.78 0.38
Pedestrian 0.00 0 -5.07 643.11 165.02 659.82 201.61 1.82 0.62 0.75 2.52 1.00 36.27 -5.00 0.38
Cyclist 0.00 0 -7.71 726.13 167.45 758.13 241.81 1.70 0.52 1.74 3.37 1.38 17.30 -7.52 0.37
Pedestrian 0.00 0 -3.78 718.75 164.29 738.62 199.14 1.89 0.66 0.85 6.99 0.96 39.50 -3.60 0.31
Pedestrian 0.00 0 -7.58 195.73 182.36 265.43 304.09 1.52 0.65 0.68 -4.86 1.53 9.35 -8.05 0.30
Cyclist 0.00 0 -6.05 441.89 179.98 507.25 235.62 1.57 0.64 1.75 -3.66 1.53 20.62 -6.23 0.27
Pedestrian 0.00 0 -5.89 649.25 162.97 666.92 199.33 1.87 0.57 0.75 2.94 0.92 37.33 -5.81 0.23
Pedestrian 0.00 0 -7.94 9.72 183.19 104.95 373.00 1.58 0.61 0.82 -4.92 1.60 6.42 -8.59 0.21
Cyclist 0.00 0 -5.13 701.99 172.30 732.29 218.11 1.61 0.45 1.66 4.17 1.29 26.12 -4.97 0.21
Car 0.00 0 -2.86 600.51 174.16 678.09 202.01 1.58 1.71 4.24 2.23 1.16 42.17 -2.81 0.19
Pedestrian 0.00 0 -8.10 534.72 181.57 554.57 224.42 1.48 0.55 0.66 -2.01 1.48 25.14 -8.18 0.19
Pedestrian 0.00 0 -4.17 0.00 147.13 71.68 298.45 1.97 0.67 0.85 -7.89 1.52 9.80 -4.85 0.18
Pedestrian 0.00 0 -5.48 1082.80 130.53 1237.00 373.00 1.86 0.60 0.78 3.60 1.56 4.57 -4.82 0.17
Car 0.00 0 -8.05 668.75 172.20 711.80 200.12 1.45 1.59 4.02 4.82 0.97 39.48 -7.93 0.16
Pedestrian 0.00 0 -5.10 639.52 165.97 652.72 193.79 1.87 0.62 0.85 3.05 0.83 48.90 -5.04 0.16
Pedestrian 0.00 0 -3.28 602.80 164.95 617.74 190.88 1.88 0.58 1.02 0.66 0.68 52.40 -3.26 0.15
Pedestrian 0.00 0 -8.07 680.58 165.80 696.29 200.96 1.78 0.65 0.77 4.43 0.98 36.67 -7.95 0.15
Pedestrian 0.00 0 -4.52 710.42 161.39 726.52 199.91 1.92 0.68 0.70 5.91 0.92 36.27 -4.36 0.15
Cyclist 0.00 0 -6.80 508.44 166.49 552.94 209.82 1.77 0.63 1.78 -2.98 1.16 30.19 -6.90 0.14
Pedestrian 0.00 0 -3.81 743.55 165.76 758.40 195.46 1.85 0.74 0.58 9.43 0.87 45.30 -3.61 0.13
Cyclist 0.00 0 -4.67 608.70 167.03 618.75 198.89 1.63 0.46 1.53 0.64 0.89 37.55 -4.65 0.12
Car 0.00 0 -5.04 927.87 173.84 1097.32 266.21 1.50 1.55 4.07 7.62 1.38 13.82 -4.53 0.12
Pedestrian 0.00 0 -8.52 579.51 169.34 596.41 202.48 1.67 0.62 0.60 -0.69 1.06 36.62 -8.53 0.11
Cyclist 0.00 0 -7.80 460.47 171.61 476.82 223.28 1.72 0.46 1.66 -4.60 1.39 24.81 -7.98 0.10
