Car 0.00 0 -7.11 0.00 206.71 306.15 369.00 1.52 1.63 3.93 -3.16 1.73 3.46 -7.85 0.95
Car 0.00 0 -6.72 964.20 157.93 1124.78 204.27 1.47 1.64 4.23 14.43 0.75 23.46 -6.17 0.91
Cyclist 0.00 0 -5.15 876.68 156.90 907.23 195.96 1.80 0.63 1.79 13.55 0.71 33.48 -4.77 0.52
Pedestrian 0.00 0 -7.61 277.38 176.62 316.10 254.91 1.56 0.59 0.62 -6.34 1.49 14.46 -8.02 0.48
Car 0.00 0 -7.67 49.97 185.25 96.66 209.42 1.41 1.61 4.19 -33.35 1.73 44.44 -8.31 0.43
Pedestrian 0.00 0 -3.23 994.41 156.47 1024.39 224.98 1.71 0.63 0.61 10.30 1.11 18.09 -2.72 0.35
Car 0.00 0 -5.04 425.74 175.91 477.40 204.18 1.43 1.58 3.68 -8.25 1.20 37.78 -5.26 0.24
Pedestrian 0.00 0 -4.02 789.16 162.57 807.47 195.71 1.74 0.61 0.74 10.29 0.80 37.67 -3.75 0.22
Pedestrian 0.00 0 -3.16 775.78 157.72 792.92 190.97 1.89 0.58 0.94 10.28 0.60 40.55 -2.91 0.21
Pedestrian 0.00 0 -7.56 909.80 163.24 922.01 195.14 1.70 0.52 0.36 16.68 0.78 37.96 -7.15 0.20
Pedestrian 0.00 0 -6.39 964.69 151.44 1008.02 220.64 1.81 0.51 0.97 10.15 1.05 18.91 -5.89 0.18
Pedestrian 0.00 0 -3.40 1166.95 160.03 1195.31 219.24 1.45 0.46 0.44 14.31 0.95 17.61 -2.71 0.17
Cyclist 0.00 0 -7.79 806.35 165.25 817.85 197.35 1.62 0.47 1.59 10.68 0.85 36.49 -7.51 0.15
Car 0.00 0 -4.69 68.58 173.87 95.66 195.01 1.59 1.62 4.08 -40.87 1.09 55.33 -5.33 0.14
Car 0.00 0 -8.03 583.90 168.10 607.45 184.43 1.54 1.61 4.03 -0.91 0.37 68.85 -8.04 0.14
Pedestrian 0.00 0 -8.04 540.99 166.10 552.66 196.89 1.84 0.58 0.67 -3.51 0.98 42.55 -8.12 0.12
Pedestrian 0.00 0 -5.66 1156.47 167.11 1197.00 236.12 1.35 0.41 0.48 11.36 1.09 14.10 -4.98 0.12
Pedestrian 0.00 0 -3.54 724.45 162.78 736.63 186.63 1.88 0.55 0.80 9.95 0.48 55.95 -3.36 0.11
