Car 0.00 0 -4.39 261.59 189.60 456.44 304.44 1.45 1.71 4.30 -3.89 1.77 11.87 -4.71 0.96
Car 0.00 0 -8.12 710.20 182.16 879.17 301.12 1.47 1.58 3.41 2.55 1.63 10.92 -7.89 0.96
Car 0.00 0 -7.98 651.22 178.92 723.56 236.11 1.52 1.63 4.14 2.17 1.72 21.65 -7.88 0.93
Car 0.00 0 -8.62 922.38 197.30 1241.00 374.00 1.48 1.69 4.24 2.84 1.65 2.75 -7.82 0.89
Car 0.00 0 -6.97 0.00 188.01 204.87 374.00 1.68 1.69 4.13 -3.20 1.77 2.25 -7.93 0.85
Car 0.00 0 -2.96 380.46 175.82 492.53 223.66 1.82 1.77 4.06 -6.84 1.94 28.59 -3.19 0.84
Pedestrian 0.00 0 -4.66 420.41 183.06 449.51 244.30 1.60 0.73 0.62 -4.72 1.87 19.29 -4.90 0.53
Pedestrian 0.00 0 -4.18 953.41 147.18 1024.85 273.27 1.84 0.58 0.92 5.72 1.46 10.99 -3.70 0.39
Car 0.00 0 -4.80 535.57 177.22 558.93 198.92 1.89 1.76 4.34 -5.79 2.30 65.98 -4.89 0.25
Pedestrian 0.00 0 -6.65 618.09 176.23 629.33 198.13 1.76 0.55 0.76 1.09 2.04 58.51 -6.63 0.23
Pedestrian 0.00 0 -9.12 1012.75 143.35 1071.06 232.68 1.84 0.55 0.95 9.18 1.24 15.42 -8.59 0.17
Pedestrian 0.00 0 -4.78 0.00 169.76 47.61 288.47 1.83 0.63 0.73 -9.53 1.78 11.60 -5.47 0.17
Pedestrian 0.00 0 -1.98 46.21 174.95 108.68 287.56 1.80 0.60 0.70 -8.90 1.84 11.99 -2.62 0.16
Pedestrian 0.00 0 -3.34 627.13 168.93 645.46 210.04 1.96 0.62 0.78 1.23 1.77 34.77 -3.31 0.15
Pedestrian 0.00 0 -8.64 1042.94 146.65 1115.84 261.07 1.77 0.60 0.79 7.48 1.36 11.59 -8.07 0.15
Car 0.00 0 -8.14 635.07 177.82 705.18 222.88 1.54 1.61 3.71 2.13 1.74 27.07 -8.07 0.13
Pedestrian 0.00 0 -5.34 1204.13 142.35 1241.00 217.90 1.68 0.58 0.62 13.95 1.00 16.34 -4.63 0.13
Pedestrian 0.00 0 -7.00 917.32 160.19 956.70 227.98 1.81 0.64 0.73 8.85 1.47 19.65 -6.57 0.12
Pedestrian 0.00 0 -6.03 788.87 169.27 804.96 205.80 1.89 0.66 0.67 9.74 1.70 37.73 -5.78 0.12
Pedestrian 0.00 0 -4.57 242.04 176.94 273.12 246.18 1.75 0.62 0.81 -9.19 1.86 18.74 -5.03 0.12
Cyclist 0.00 0 -8.62 856.21 165.52 916.41 231.16 1.73 0.60 1.60 7.53 1.54 19.86 -8.26 0.11
Pedestrian 0.00 0 -3.87 0.00 215.73 27.74 356.09 1.39 0.46 0.43 -6.56 1.86 7.55 -4.58 0.11
Cyclist 0.00 0 -7.88 720.57 174.95 730.83 212.97 1.72 0.42 1.66 5.33 1.82 33.55 -7.72 0.11
Cyclist 0.00 0 -6.82 1025.44 136.84 1122.39 216.67 1.77 0.68 1.75 10.46 0.97 16.39 -6.26 0.11
