Car 0.00 0 -7.84 579.29 176.31 617.17 212.48 1.56 1.63 3.59 -0.44 1.17 32.71 -7.85 0.92
Car 0.00 0 -7.53 325.05 183.70 403.18 229.16 1.38 1.47 3.21 -7.91 1.34 23.48 -7.85 0.90
Car 0.00 0 -8.00 629.99 176.36 666.79 204.19 1.51 1.56 3.85 2.24 1.03 40.93 -7.94 0.49
Car 0.00 0 -7.69 473.58 182.49 533.72 224.68 1.43 1.57 3.70 -3.75 1.34 26.17 -7.83 0.34
Pedestrian 0.00 0 -4.82 883.82 161.25 935.51 285.36 1.75 0.63 0.69 4.36 1.41 10.54 -4.42 0.29
Pedestrian 0.00 0 -3.80 0.00 101.46 35.56 375.00 1.84 0.64 0.87 -2.78 1.60 2.57 -4.63 0.26
Pedestrian 0.00 0 -5.68 802.85 158.40 858.41 270.94 1.80 0.55 0.69 3.64 1.37 11.92 -5.38 0.23
Car 0.00 0 -8.02 308.79 180.70 363.61 215.83 1.45 1.60 4.02 -12.07 1.26 31.71 -8.38 0.21
Pedestrian 0.00 0 -4.54 975.66 170.11 1061.65 346.31 1.63 0.64 0.70 4.03 1.49 7.13 -4.03 0.21
Cyclist 0.00 0 -8.27 1189.35 140.97 1240.00 375.00 1.80 0.55 1.76 4.57 1.56 4.84 -7.51 0.16
Car 0.00 0 -7.65 375.38 175.28 433.53 216.12 1.60 1.59 3.95 -8.50 1.21 30.20 -7.93 0.15
Pedestrian 0.00 0 -7.96 242.97 166.72 264.29 213.54 1.93 0.74 0.56 -14.82 1.17 30.01 -8.42 0.15
Pedestrian 0.00 0 -4.70 409.74 171.97 435.24 244.18 1.74 0.60 0.85 -4.62 1.42 17.78 -4.95 0.11
Pedestrian 0.00 0 -8.52 669.85 174.32 687.48 204.28 1.69 0.62 0.83 4.02 1.08 41.07 -8.43 0.11
Car 0.00 0 -7.90 350.96 161.50 381.09 189.95 1.78 1.69 4.04 -15.94 0.30 47.22 -8.23 0.10
