Cyclist 0.00 0 -4.95 707.21 159.63 743.55 229.84 1.81 0.55 1.81 3.05 1.47 19.51 -4.80 0.93
Car 0.00 0 -7.85 587.01 173.17 611.83 196.80 1.52 1.60 4.16 -0.72 1.54 48.49 -7.86 0.69
Pedestrian 0.00 0 -6.62 1195.77 172.58 1241.00 324.45 1.37 0.43 0.52 5.87 1.37 6.81 -5.90 0.26
Pedestrian 0.00 0 -7.74 743.24 164.78 759.52 205.44 1.82 0.66 0.65 6.39 1.46 32.79 -7.55 0.20
Pedestrian 0.00 0 -8.06 1155.28 145.03 1176.29 184.08 1.89 0.68 0.72 27.18 0.54 35.34 -7.40 0.17
Cyclist 0.00 0 -8.00 705.59 168.63 719.44 204.00 1.68 0.44 1.56 4.94 1.48 35.10 -7.86 0.15
Pedestrian 0.00 0 -3.23 1022.33 165.65 1089.86 286.55 1.50 0.57 0.70 5.73 1.41 9.38 -2.68 0.14
Car 0.00 0 -4.83 568.25 173.81 589.57 190.17 1.54 1.61 4.15 -3.07 1.63 70.14 -4.87 0.13
Pedestrian 0.00 0 -3.08 1166.07 152.00 1241.00 279.95 1.64 0.53 0.81 7.96 1.37 9.70 -2.39 0.11
Car 0.00 0 -4.81 613.97 170.00 644.08 195.33 1.67 1.67 3.97 1.24 1.48 49.56 -4.79 0.10
