Car 0.00 0 -7.53 260.61 185.90 445.90 298.96 1.47 1.60 3.68 -3.78 1.48 11.19 -7.86 0.97
Car 0.00 0 -8.06 706.01 187.79 827.52 270.37 1.39 1.58 3.43 2.89 1.45 13.93 -7.86 0.97
Car 0.00 0 -7.97 654.02 180.38 710.54 221.66 1.42 1.63 4.00 2.66 1.26 26.81 -7.87 0.96
Car 0.00 0 -7.32 23.75 181.29 249.85 280.58 1.51 1.62 3.88 -8.20 1.45 12.91 -7.89 0.94
Car 0.00 0 -4.53 444.45 183.83 514.82 234.21 1.42 1.54 3.35 -3.86 1.38 21.88 -4.71 0.87
Car 0.00 0 -7.85 584.77 175.27 610.00 199.22 1.63 1.72 4.50 -0.75 0.95 51.16 -7.87 0.78
Car 0.00 0 -7.66 480.34 176.99 537.42 216.47 1.54 1.62 3.93 -4.09 1.22 30.05 -7.79 0.78
Car 0.00 0 -7.57 379.12 179.59 440.73 215.44 1.46 1.57 3.78 -8.56 1.24 31.26 -7.83 0.59
Car 0.00 0 -7.99 624.21 177.08 651.79 197.85 1.49 1.57 3.68 2.20 0.91 53.46 -7.95 0.54
Car 0.00 0 -2.75 464.48 178.73 540.62 205.50 1.45 1.59 3.90 -5.90 1.10 40.23 -2.90 0.34
Car 0.00 0 -7.91 434.34 176.83 465.93 204.20 1.50 1.55 3.84 -9.14 1.04 41.41 -8.13 0.30
Car 0.00 0 -4.27 260.98 186.31 374.00 241.14 1.43 1.50 3.86 -8.28 1.46 20.77 -4.65 0.22
Car 0.00 0 -4.74 543.82 175.33 563.44 192.85 1.44 1.54 4.01 -4.64 0.63 61.15 -4.82 0.20
Car 0.00 0 -7.96 522.77 176.05 550.44 198.70 1.58 1.59 3.94 -5.24 0.94 52.38 -8.06 0.19
Car 0.00 0 -7.71 455.40 171.61 488.43 196.31 1.64 1.67 4.01 -9.36 0.74 49.66 -7.89 0.17
Car 0.00 0 -4.72 571.27 177.05 589.73 193.53 1.34 1.50 3.60 -2.32 0.68 60.36 -4.76 0.16
Car 0.00 0 -4.70 612.55 176.62 630.11 192.71 1.39 1.52 3.63 1.22 0.65 63.92 -4.68 0.15
Car 0.00 0 -7.32 140.22 186.90 360.94 290.44 1.43 1.52 3.80 -5.72 1.47 11.98 -7.76 0.13
