Car 0.00 0 -8.35 854.78 190.68 1241.00 374.00 1.47 1.68 3.69 3.66 1.68 6.67 -7.85 0.98
Car 0.00 0 -4.31 197.07 187.81 404.14 306.40 1.50 1.63 3.87 -4.74 1.78 11.56 -4.70 0.97
Car 0.00 0 -8.18 751.57 181.44 944.14 296.65 1.50 1.64 4.17 3.56 1.66 11.79 -7.89 0.96
Car 0.00 0 -4.08 0.00 198.09 253.07 374.00 1.54 1.66 3.97 -4.77 1.82 5.99 -4.75 0.94
Car 0.00 0 -8.07 719.41 181.44 826.18 253.13 1.45 1.61 3.81 3.63 1.67 16.93 -7.86 0.93
Car 0.00 0 -4.43 337.93 187.42 464.23 260.41 1.40 1.67 4.34 -4.76 1.79 16.90 -4.70 0.93
Car 0.00 0 -4.52 489.70 180.86 538.77 215.61 1.46 1.58 3.49 -4.34 1.84 32.83 -4.65 0.91
Car 0.00 0 -7.99 707.67 179.67 775.36 232.38 1.47 1.56 3.56 3.95 1.70 22.39 -7.82 0.84
Car 0.00 0 -8.03 687.82 178.63 747.08 220.84 1.49 1.60 3.95 4.05 1.73 28.04 -7.88 0.80
Car 0.00 0 -4.58 512.30 179.18 551.90 210.38 1.51 1.57 3.63 -4.03 1.85 37.46 -4.68 0.58
Car 0.00 0 -5.25 1111.68 167.45 1241.00 253.07 1.49 1.56 3.93 12.01 1.39 14.60 -4.56 0.53
Car 0.00 0 -5.47 973.45 159.74 1128.42 216.73 1.64 1.68 4.34 13.83 1.26 23.05 -4.93 0.47
Car 0.00 0 -5.42 1124.49 170.99 1241.00 221.04 1.43 1.47 3.76 18.14 1.38 22.53 -4.75 0.45
Cyclist 0.00 0 -6.99 217.94 179.56 266.10 223.10 1.66 0.57 1.77 -14.65 1.93 28.69 -7.47 0.41
Car 0.00 0 -5.83 1213.29 157.87 1241.00 249.14 1.62 1.68 4.26 15.49 1.35 15.07 -5.03 0.40
Car 0.00 0 -8.00 686.61 176.96 734.13 212.84 1.55 1.62 4.02 4.57 1.75 33.63 -7.86 0.18
Cyclist 0.00 0 -4.20 110.64 188.47 186.09 285.51 1.58 0.47 1.47 -8.18 1.88 12.76 -4.77 0.18
Car 0.00 0 -5.14 1001.19 161.52 1141.39 229.75 1.59 1.58 3.90 11.78 1.32 18.81 -4.58 0.14
Pedestrian 0.00 0 -6.13 464.29 173.86 478.49 207.80 1.83 0.63 0.67 -7.59 1.89 39.34 -6.32 0.13
Pedestrian 0.00 0 -8.03 549.27 175.59 558.52 195.74 1.74 0.71 0.57 -4.90 1.98 62.67 -8.10 0.13
Car 0.00 0 -4.88 618.92 175.27 643.45 194.24 1.60 1.54 3.75 1.80 1.82 63.20 -4.85 0.12
Pedestrian 0.00 0 -8.02 1098.47 166.32 1122.57 212.49 1.65 0.64 0.50 18.07 1.42 26.12 -7.42 0.11
