Car 0.00 0 -4.59 398.37 180.33 463.95 229.28 1.41 1.60 3.99 -5.78 1.68 23.52 -4.83 0.94
Pedestrian 0.00 0 -4.67 1097.24 146.83 1150.98 252.39 1.77 0.74 0.66 8.93 1.34 12.60 -4.05 0.71
Car 0.00 0 -4.58 437.09 179.13 482.21 213.05 1.38 1.48 3.59 -6.64 1.68 31.94 -4.78 0.69
Car 0.00 0 -4.89 447.87 175.07 491.32 205.32 1.50 1.58 4.00 -7.53 1.63 38.26 -5.08 0.48
Pedestrian 0.00 0 -4.23 172.50 192.29 232.19 292.72 1.55 0.56 0.74 -6.62 1.87 11.66 -4.75 0.28
Pedestrian 0.00 0 -7.15 0.00 184.63 41.24 272.65 1.68 0.64 0.50 -11.71 1.92 14.13 -7.84 0.24
Cyclist 0.00 0 -7.75 272.52 174.88 291.69 227.56 1.66 0.40 1.68 -10.81 1.73 23.71 -8.17 0.22
Pedestrian 0.00 0 -7.94 906.11 152.99 951.35 258.74 1.74 0.63 0.85 5.39 1.41 12.36 -7.53 0.20
Pedestrian 0.00 0 -5.56 593.83 169.28 611.57 203.76 1.81 0.57 0.76 -0.42 1.62 38.35 -5.57 0.19
Pedestrian 0.00 0 -7.42 876.24 155.26 923.21 237.78 1.73 0.63 0.91 6.24 1.36 15.66 -7.04 0.18
Pedestrian 0.00 0 -5.22 957.93 145.67 1006.19 229.12 1.79 0.63 0.80 8.12 1.21 15.87 -4.75 0.16
Car 0.00 0 -8.17 691.15 165.93 765.47 211.81 1.64 1.63 4.13 4.45 1.40 28.01 -8.01 0.16
Pedestrian 0.00 0 -6.51 526.24 168.05 539.82 192.77 1.84 0.49 0.92 -5.79 1.48 54.04 -6.62 0.15
Pedestrian 0.00 0 -4.35 341.67 171.48 369.18 226.23 1.74 0.61 0.75 -8.24 1.69 23.26 -4.69 0.15
Pedestrian 0.00 0 -2.03 295.52 187.20 330.75 252.46 1.52 0.57 0.61 -7.20 1.87 17.39 -2.43 0.14
Cyclist 0.00 0 -8.24 598.55 169.07 620.62 205.33 1.66 0.47 1.57 -0.07 1.49 33.83 -8.24 0.14
Car 0.00 0 -6.31 498.47 176.04 558.42 198.78 1.44 1.57 3.83 -5.37 1.66 47.15 -6.42 0.13
Pedestrian 0.00 0 -4.40 814.07 157.66 851.60 237.05 1.72 0.61 0.73 4.93 1.39 16.11 -4.10 0.13
Cyclist 0.00 0 -7.37 1112.53 143.30 1193.04 221.85 1.68 0.72 1.71 12.06 1.05 16.09 -6.72 0.11
