Car 0.00 0 -7.92 588.13 171.82 623.66 202.78 1.56 1.63 4.20 -0.31 1.51 38.57 -7.92 0.87
Cyclist 0.00 0 -6.97 878.83 160.77 926.18 207.36 1.82 0.71 1.68 11.60 1.35 28.72 -6.59 0.41
Pedestrian 0.00 0 -8.23 1135.30 148.71 1183.70 233.59 1.87 0.60 0.86 12.44 1.34 16.41 -7.58 0.34
Cyclist 0.00 0 -2.99 862.66 157.89 905.17 199.06 1.87 0.71 1.76 12.69 1.19 33.55 -2.63 0.28
Cyclist 0.00 0 -5.15 703.57 170.16 721.64 198.17 1.62 0.44 1.54 5.99 1.46 42.43 -5.01 0.17
Pedestrian 0.00 0 -8.88 1036.31 157.07 1080.63 230.50 1.79 0.61 0.73 11.16 1.40 18.04 -8.32 0.17
Pedestrian 0.00 0 -4.16 868.81 163.83 903.83 224.63 1.72 0.68 0.70 7.97 1.47 20.93 -3.80 0.15
Pedestrian 0.00 0 -4.93 1111.17 168.54 1150.52 241.42 1.52 0.54 0.73 11.11 1.43 15.47 -4.31 0.14
Car 0.00 0 -7.24 0.00 176.34 100.33 212.57 1.51 1.65 3.99 -25.21 1.68 32.57 -7.90 0.13
Car 0.00 0 -7.69 954.09 149.78 1002.12 183.92 1.63 1.61 3.42 18.55 0.53 36.38 -7.21 0.10
Cyclist 0.00 0 -2.79 661.22 169.44 700.58 208.76 1.70 0.61 1.62 3.09 1.56 31.87 -2.69 0.10
