Car 0.00 0 -4.22 0.00 201.57 382.31 374.00 1.34 1.66 4.38 -3.59 1.69 6.47 -4.73 0.95
Car 0.00 0 -4.97 679.35 183.03 811.35 267.46 1.46 1.66 4.13 2.60 1.70 15.12 -4.80 0.95
Car 0.00 0 -7.96 659.45 182.07 719.22 228.95 1.39 1.56 3.70 2.52 1.72 23.99 -7.86 0.94
Car 0.00 0 -4.45 362.68 174.33 491.38 267.77 1.62 1.57 3.62 -3.55 1.66 14.42 -4.69 0.92
Car 0.00 0 -4.56 469.55 175.76 534.59 226.56 1.52 1.55 3.76 -3.50 1.62 23.64 -4.71 0.85
Car 0.00 0 -4.88 634.17 178.32 681.29 212.98 1.52 1.60 3.92 2.18 1.80 34.40 -4.82 0.69
Car 0.00 0 -4.65 517.02 176.42 553.98 209.79 1.52 1.57 4.00 -3.63 1.70 35.28 -4.76 0.63
Car 0.00 0 -7.97 633.92 179.29 667.23 205.95 1.40 1.48 3.35 2.20 1.77 40.38 -7.91 0.47
Pedestrian 0.00 0 -8.03 1221.05 162.43 1241.00 249.47 1.84 0.66 0.69 13.73 1.62 15.68 -7.31 0.27
Pedestrian 0.00 0 -7.54 21.18 185.48 108.82 315.61 1.53 0.65 0.84 -6.88 1.70 9.07 -8.19 0.24
Car 0.00 0 -4.79 619.94 174.63 639.58 191.23 1.52 1.55 3.98 1.83 1.69 68.52 -4.76 0.21
Pedestrian 0.00 0 -3.50 1127.29 162.89 1211.00 305.68 1.78 0.67 0.66 7.20 1.65 9.39 -2.85 0.20
Pedestrian 0.00 0 -6.09 785.98 167.18 799.55 197.32 1.85 0.61 0.71 11.31 1.50 44.76 -5.84 0.20
Pedestrian 0.00 0 -4.85 839.66 157.18 871.72 231.25 1.97 0.73 0.74 6.63 1.56 19.65 -4.53 0.17
Pedestrian 0.00 0 -8.10 255.09 167.00 297.43 254.74 1.76 0.63 0.72 -6.96 1.64 14.92 -8.54 0.14
Pedestrian 0.00 0 -5.02 965.55 199.09 1003.57 285.64 1.29 0.39 0.48 5.73 1.70 11.15 -4.55 0.13
Car 0.00 0 -7.45 630.08 176.05 678.37 201.26 1.48 1.59 3.88 2.76 1.68 44.87 -7.38 0.11
Cyclist 0.00 0 -5.90 127.68 166.20 256.63 289.96 1.79 0.65 1.55 -6.32 1.70 10.89 -6.42 0.11
Cyclist 0.00 0 -2.43 141.80 157.99 213.60 226.64 1.80 0.50 1.75 -11.64 1.41 19.35 -2.97 0.11
