Car 0.00 0 -7.64 367.76 190.57 476.01 272.08 1.44 1.52 3.37 -3.88 1.85 15.16 -7.89 0.96
Car 0.00 0 -2.55 0.00 175.05 154.21 335.64 1.75 1.74 4.48 -8.67 1.78 9.14 -3.31 0.92
Car 0.00 0 -4.56 442.41 183.06 517.65 240.93 1.53 1.64 4.02 -3.86 1.86 21.76 -4.74 0.91
Car 0.00 0 -4.67 497.41 182.99 530.73 212.91 1.44 1.59 3.74 -5.05 2.00 38.02 -4.80 0.62
Pedestrian 0.00 0 -5.94 23.62 182.76 82.69 349.95 1.71 0.39 0.39 -5.97 1.82 7.67 -6.60 0.52
Car 0.00 0 -8.76 1162.38 167.85 1241.00 374.00 1.46 1.54 3.76 6.15 1.44 5.16 -7.89 0.38
Pedestrian 0.00 0 -7.68 663.68 171.81 680.95 213.15 1.81 0.67 0.61 2.72 1.76 31.90 -7.60 0.21
Pedestrian 0.00 0 -7.78 652.17 169.92 666.88 209.13 1.94 0.68 0.70 2.44 1.80 36.11 -7.71 0.15
Cyclist 0.00 0 -7.92 487.17 173.25 493.38 195.57 1.67 0.36 1.60 -9.15 1.71 54.96 -8.09 0.15
Cyclist 0.00 0 -6.55 956.86 156.10 1080.83 248.76 1.63 0.73 1.86 7.42 1.34 13.28 -6.04 0.14
Pedestrian 0.00 0 -4.96 693.66 166.67 720.57 226.08 1.91 0.69 0.80 3.13 1.71 23.64 -4.83 0.14
Pedestrian 0.00 0 -5.11 247.58 179.60 288.85 250.39 1.78 0.76 0.68 -8.93 1.96 18.74 -5.55 0.13
Car 0.00 0 -7.81 510.03 176.37 537.26 200.94 1.56 1.65 4.03 -5.81 1.81 48.61 -7.93 0.13
Pedestrian 0.00 0 -4.74 363.11 187.99 383.60 244.47 1.56 0.53 0.80 -6.84 2.01 20.70 -5.06 0.13
Pedestrian 0.00 0 -7.90 684.01 169.87 698.77 207.30 1.87 0.71 0.63 4.06 1.72 36.40 -7.79 0.11
Pedestrian 0.00 0 -5.15 1081.94 135.59 1141.61 235.70 1.78 0.61 0.83 9.16 1.12 13.26 -4.55 0.11
Pedestrian 0.00 0 -4.16 997.26 138.09 1117.23 362.29 1.81 0.73 0.49 3.80 1.53 6.25 -3.62 0.10
