Car 0.00 0 -8.10 700.69 174.11 812.84 248.55 1.46 1.55 3.65 3.08 1.49 16.04 -7.91 0.98
Car 0.00 0 -3.99 0.00 195.33 249.20 374.00 1.52 1.69 4.19 -5.63 1.81 7.19 -4.66 0.97
Car 0.00 0 -8.32 792.41 181.71 1166.14 374.00 1.46 1.60 4.02 3.21 1.58 7.38 -7.91 0.97
Car 0.00 0 -4.43 378.06 176.69 462.78 231.99 1.54 1.56 3.64 -5.76 1.66 22.13 -4.68 0.95
Car 0.00 0 -4.54 432.35 178.30 487.35 219.67 1.44 1.45 3.47 -5.66 1.66 27.31 -4.74 0.87
Car 0.00 0 -8.08 683.36 169.56 759.99 227.19 1.57 1.50 3.34 3.18 1.48 21.40 -7.94 0.79
Car 0.00 0 -5.79 82.41 170.64 227.48 218.73 1.53 1.57 3.76 -14.99 1.46 23.83 -6.35 0.62
Car 0.00 0 -7.57 388.23 173.26 428.78 197.85 1.60 1.62 3.94 -13.65 1.63 48.97 -7.85 0.30
Car 0.00 0 -8.04 676.76 175.53 735.52 216.38 1.40 1.52 3.57 3.45 1.50 26.72 -7.91 0.29
Car 0.00 0 -2.46 0.00 185.64 51.86 216.83 1.61 1.68 4.12 -32.89 2.32 38.94 -3.17 0.29
Car 0.00 0 -4.35 245.01 167.00 308.95 199.89 1.52 1.63 3.71 -16.19 1.25 35.18 -4.78 0.22
Pedestrian 0.00 0 -8.01 373.16 168.02 388.96 204.21 1.86 0.69 0.66 -11.95 1.61 37.54 -8.32 0.21
Cyclist 0.00 0 -4.40 478.87 176.88 499.97 214.22 1.57 0.49 1.42 -5.25 1.75 31.23 -4.56 0.19
Pedestrian 0.00 0 -3.06 303.81 166.23 306.89 190.29 1.88 0.41 0.19 -23.94 1.36 56.65 -3.46 0.15
Pedestrian 0.00 0 -3.16 291.85 166.31 298.13 201.87 1.82 0.51 0.29 -16.32 1.49 37.28 -3.57 0.15
Car 0.00 0 -8.04 537.64 158.79 566.95 186.14 2.38 1.83 4.66 -5.29 1.16 65.38 -8.12 0.13
Pedestrian 0.00 0 -5.87 164.08 155.93 178.34 191.76 1.85 0.57 0.44 -22.93 0.98 37.65 -6.41 0.12
Pedestrian 0.00 0 -3.44 677.83 159.74 691.51 201.51 1.92 0.55 0.49 3.41 1.31 33.39 -3.34 0.11
Pedestrian 0.00 0 -4.39 863.44 154.25 881.17 197.74 1.89 0.60 0.52 11.51 1.08 31.76 -4.04 0.11
Car 0.00 0 -5.60 0.00 184.05 12.65 255.42 1.46 1.56 3.87 -15.98 1.73 16.04 -6.38 0.11
Cyclist 0.00 0 -6.96 792.57 163.67 829.46 202.26 1.84 0.68 1.68 9.74 1.41 35.11 -6.69 0.10
Pedestrian 0.00 0 -4.09 796.44 137.34 864.24 264.63 1.92 0.60 0.92 3.43 1.39 11.41 -3.80 0.10
