Car 0.00 0 -8.25 786.29 178.45 1107.02 372.15 1.57 1.64 4.02 3.22 1.65 7.98 -7.86 0.98
Car 0.00 0 -4.36 384.01 186.64 480.58 238.22 1.42 1.65 4.20 -5.65 1.91 23.28 -4.59 0.97
Car 0.00 0 -4.05 0.00 198.13 279.80 374.00 1.46 1.67 4.40 -5.77 1.83 8.26 -4.66 0.97
Car 0.00 0 -4.94 705.70 181.54 801.66 250.83 1.48 1.50 3.57 3.36 1.72 17.69 -4.76 0.97
Car 0.00 0 -4.33 230.09 191.19 385.39 281.91 1.46 1.54 3.64 -5.78 1.86 14.14 -4.72 0.95
Car 0.00 0 -8.82 1024.60 205.11 1241.00 374.00 1.48 1.70 4.10 3.28 1.68 2.27 -7.86 0.90
Car 0.00 0 -8.00 657.46 177.72 705.99 216.05 1.58 1.62 3.70 3.09 1.81 32.12 -7.90 0.89
Car 0.00 0 -8.06 678.79 183.27 755.05 233.22 1.42 1.66 4.05 3.33 1.79 23.49 -7.91 0.77
Car 0.00 0 -4.51 483.08 183.39 524.01 212.74 1.42 1.47 3.54 -5.60 2.00 38.05 -4.66 0.55
Car 0.00 0 -2.70 525.29 175.94 575.75 194.90 1.59 1.56 4.08 -5.17 1.86 62.42 -2.78 0.32
Car 0.00 0 -5.87 30.77 161.46 132.85 193.35 1.62 1.67 4.00 -27.72 1.04 37.93 -6.50 0.30
Car 0.00 0 -7.57 286.70 173.14 337.99 201.02 1.50 1.66 3.88 -16.87 1.52 40.99 -7.96 0.29
Cyclist 0.00 0 -7.65 466.13 180.70 479.12 207.91 1.63 0.45 1.69 -8.50 2.12 44.51 -7.84 0.28
Pedestrian 0.00 0 -7.75 173.33 175.26 200.06 230.72 1.75 0.70 0.51 -13.67 1.83 23.22 -8.28 0.27
Car 0.00 0 -4.46 498.78 182.10 536.18 208.36 1.48 1.51 3.09 -5.55 2.05 43.33 -4.59 0.25
Car 0.00 0 -4.40 265.12 177.44 322.84 208.00 1.39 1.48 3.86 -15.49 1.63 35.46 -4.81 0.23
Cyclist 0.00 0 -4.21 0.00 178.11 82.92 283.73 1.77 0.61 1.76 -10.43 1.87 13.08 -4.88 0.19
Car 0.00 0 -8.07 650.20 178.97 693.60 209.96 1.52 1.58 3.35 3.16 1.85 37.79 -7.98 0.18
Car 0.00 0 -7.68 262.18 169.80 295.20 194.07 1.83 1.68 3.96 -25.92 1.60 56.50 -8.11 0.16
Car 0.00 0 -4.74 212.65 179.35 261.37 220.46 1.44 1.55 4.18 -14.70 1.72 28.25 -5.22 0.16
Car 0.00 0 -5.14 864.86 181.21 978.59 236.83 1.41 1.52 3.84 8.80 1.68 20.83 -4.74 0.15
Pedestrian 0.00 0 -3.05 780.14 165.11 787.64 192.13 1.78 0.62 0.43 11.53 1.27 47.96 -2.82 0.12
Pedestrian 0.00 0 -7.86 705.38 170.50 716.36 200.94 1.81 0.65 0.65 6.03 1.68 43.38 -7.72 0.11
Car 0.00 0 -3.11 0.00 178.20 74.57 246.37 1.55 1.64 4.31 -16.67 1.70 18.71 -3.84 0.11
Pedestrian 0.00 0 -1.83 0.00 176.78 4.05 298.91 1.77 0.57 0.96 -9.80 1.83 10.97 -2.56 0.10
Car 0.00 0 -8.51 1041.29 140.66 1241.00 293.83 1.83 1.78 4.42 8.61 1.44 10.84 -7.84 0.10
