Car 0.00 0 -8.04 707.32 187.34 819.28 269.52 1.39 1.56 3.46 2.91 1.72 14.58 -7.84 0.97
Car 0.00 0 -5.82 119.20 185.84 409.83 278.10 1.43 1.56 4.21 -5.78 1.67 12.26 -6.26 0.97
Car 0.00 0 -5.70 0.00 191.94 340.90 304.32 1.38 1.55 4.36 -6.23 1.66 9.93 -6.26 0.94
Car 0.00 0 -5.87 248.94 180.01 451.68 248.23 1.51 1.56 4.24 -6.10 1.69 17.06 -6.22 0.91
Car 0.00 0 -6.56 766.66 176.71 945.66 239.05 1.61 1.73 4.31 6.55 1.72 19.69 -6.24 0.90
Car 0.00 0 -7.91 639.35 179.92 666.99 205.55 1.61 1.64 3.54 2.81 2.10 48.09 -7.85 0.86
Car 0.00 0 -5.73 189.02 182.56 410.54 260.57 1.46 1.47 3.98 -6.32 1.67 14.74 -6.14 0.83
Car 0.00 0 -2.33 0.00 198.66 154.23 360.46 1.39 1.50 3.84 -7.02 1.68 7.27 -3.10 0.81
Car 0.00 0 -2.89 320.45 181.93 472.97 232.61 1.46 1.51 4.19 -6.42 1.74 21.86 -3.17 0.77
Car 0.00 0 -2.80 266.57 181.22 437.60 236.49 1.42 1.53 4.09 -6.95 1.66 19.56 -3.14 0.73
Car 0.00 0 -3.04 397.03 179.26 497.38 222.20 1.64 1.65 3.77 -6.49 1.91 28.89 -3.26 0.72
Car 0.00 0 -2.85 364.20 180.95 483.57 228.42 1.53 1.54 3.62 -6.28 1.81 24.38 -3.10 0.65
Car 0.00 0 -6.55 694.53 182.59 785.04 215.53 1.43 1.56 3.77 5.82 1.88 32.79 -6.38 0.64
Car 0.00 0 -2.93 477.37 182.08 547.74 207.77 1.56 1.57 4.15 -6.13 2.15 45.38 -3.07 0.51
Car 0.00 0 -6.47 693.45 177.59 773.69 213.12 1.68 1.60 3.62 5.95 1.92 35.20 -6.30 0.48
Pedestrian 0.00 0 -5.59 561.43 176.89 578.13 205.36 1.85 0.61 0.92 -2.68 2.12 47.61 -5.64 0.47
Car 0.00 0 -6.17 479.49 180.32 546.44 208.43 1.62 1.65 3.77 -5.75 2.07 42.82 -6.30 0.36
Car 0.00 0 -3.68 706.09 182.39 806.93 218.82 1.42 1.57 3.89 6.10 1.84 30.27 -3.48 0.33
Pedestrian 0.00 0 -3.63 901.18 163.88 917.33 202.45 1.93 0.65 0.50 15.07 1.48 36.42 -3.24 0.30
Pedestrian 0.00 0 -3.63 882.12 167.18 898.29 202.93 1.96 0.60 0.63 15.47 1.65 39.93 -3.26 0.30
Car 0.00 0 -8.45 1156.10 153.99 1241.00 268.85 1.80 1.64 3.80 12.07 1.50 13.29 -7.72 0.27
Pedestrian 0.00 0 -7.60 0.00 165.50 6.43 225.69 1.89 0.61 0.45 -19.73 1.66 22.99 -8.30 0.26
Car 0.00 0 -4.82 731.06 181.16 793.41 230.75 1.48 1.60 4.18 5.00 1.78 24.34 -4.62 0.24
Pedestrian 0.00 0 -7.05 130.14 163.94 160.07 213.69 1.94 0.70 0.71 -18.48 1.60 28.63 -7.62 0.20
Pedestrian 0.00 0 -5.47 110.86 156.56 140.90 213.82 1.81 0.61 0.52 -15.58 1.30 23.16 -6.06 0.19
Car 0.00 0 -7.71 529.83 176.27 558.96 200.80 1.86 1.73 4.13 -5.21 2.15 57.49 -7.80 0.18
Car 0.00 0 -6.09 398.06 173.31 501.84 217.38 1.87 1.75 4.18 -6.98 1.89 31.58 -6.31 0.18
Cyclist 0.00 0 -4.52 169.79 163.21 191.69 203.31 1.76 0.52 1.75 -19.42 1.34 32.60 -5.06 0.17
Cyclist 0.00 0 -7.48 490.93 182.46 513.49 222.16 1.65 0.43 1.55 -4.68 2.07 31.16 -7.63 0.15
Car 0.00 0 -7.72 352.06 172.93 377.59 191.43 1.61 1.65 3.97 -22.00 1.61 64.79 -8.04 0.14
Car 0.00 0 -4.91 663.70 183.20 701.88 209.93 1.47 1.55 3.69 4.25 2.11 42.95 -4.81 0.12
Pedestrian 0.00 0 -7.70 96.47 159.92 117.38 203.69 1.90 0.67 0.61 -22.21 1.34 31.81 -8.31 0.12
Car 0.00 0 -4.98 616.56 177.68 645.09 195.71 1.51 1.56 3.87 1.78 1.95 63.68 -4.95 0.11
Pedestrian 0.00 0 -3.03 321.52 163.79 339.44 199.02 1.91 0.62 0.86 -15.36 1.42 39.56 -3.40 0.10
Car 0.00 0 -7.65 8.85 146.76 63.42 175.89 1.59 1.67 4.00 -32.91 0.17 41.43 -8.32 0.10
