Car 0.00 0 -7.59 351.50 195.38 457.34 265.54 1.40 1.50 3.90 -4.92 2.01 17.60 -7.86 0.63
Pedestrian 0.00 0 -6.25 566.80 171.33 579.97 199.84 1.78 0.59 0.81 -2.33 1.69 45.34 -6.30 0.47
Cyclist 0.00 0 -8.01 644.80 156.41 691.52 266.84 1.99 0.61 1.81 1.04 1.69 13.91 -7.94 0.45
Car 0.00 0 -4.63 372.19 188.22 433.90 241.29 1.45 1.58 4.09 -6.60 1.99 23.16 -4.91 0.26
Cyclist 0.00 0 -7.92 602.88 172.89 607.41 190.88 1.61 0.30 1.56 -0.46 1.62 65.52 -7.93 0.15
Pedestrian 0.00 0 -5.19 677.76 149.72 729.62 258.74 1.98 0.61 0.93 1.70 1.56 13.61 -5.06 0.12
Cyclist 0.00 0 -7.87 1202.24 148.49 1240.43 261.93 1.64 0.42 1.67 9.44 1.29 11.22 -7.17 0.12
Pedestrian 0.00 0 -4.30 991.65 152.52 1040.04 250.39 1.79 0.61 0.59 7.61 1.42 13.62 -3.79 0.11
Pedestrian 0.00 0 -5.61 1205.02 144.35 1241.00 268.57 1.66 0.50 0.75 8.81 1.28 10.05 -4.89 0.10
Car 0.00 0 -7.82 1048.68 161.43 1227.30 298.14 1.46 1.64 4.22 7.20 1.34 9.87 -7.19 0.10
