Car 0.00 0 -4.47 198.84 185.84 453.78 373.33 1.53 1.65 4.45 -3.00 1.73 8.52 -4.81 0.93
Car 0.00 0 -4.48 446.41 170.77 544.97 240.54 1.68 1.69 4.30 -3.02 1.63 19.63 -4.63 0.90
Car 0.00 0 -7.52 644.55 170.29 694.51 201.14 1.51 1.61 3.15 3.07 1.39 37.21 -7.43 0.89
Car 0.00 0 -4.54 374.42 165.77 502.02 272.26 1.79 1.70 4.27 -3.26 1.67 14.30 -4.76 0.83
Pedestrian 0.00 0 -5.83 300.93 168.58 325.18 223.61 1.86 0.59 0.57 -10.21 1.72 24.70 -6.23 0.27
Car 0.00 0 -4.82 731.95 173.04 780.78 210.95 1.46 1.58 3.70 5.94 1.47 29.80 -4.62 0.18
Pedestrian 0.00 0 -6.87 346.41 171.53 371.27 234.50 1.76 0.54 0.44 -7.18 1.72 20.50 -7.21 0.13
Pedestrian 0.00 0 -6.11 563.39 163.87 578.28 194.98 1.80 0.60 0.78 -2.32 1.28 42.08 -6.17 0.13
Car 0.00 0 -7.91 513.62 173.83 546.96 201.76 1.45 1.60 3.78 -4.44 1.50 39.47 -8.02 0.12
Pedestrian 0.00 0 -3.94 1224.02 148.09 1241.00 326.05 1.78 0.68 0.49 6.93 1.53 7.57 -3.20 0.11
Car 0.00 0 -7.46 559.77 167.66 605.18 193.25 1.61 1.72 3.67 -1.79 1.28 47.39 -7.50 0.11
