Car 0.00 0 -7.98 528.16 187.63 587.40 232.32 1.43 1.67 3.77 -2.03 2.01 26.45 -8.06 0.98
Car 0.00 0 -4.25 0.00 216.40 140.87 374.00 1.45 1.71 4.25 -5.61 1.94 5.94 -5.00 0.97
Car 0.00 0 -8.22 633.92 192.07 821.55 309.08 1.43 1.63 3.83 1.62 1.80 11.56 -8.08 0.96
Car 0.00 0 -4.42 24.02 207.70 235.56 340.58 1.41 1.56 3.68 -6.87 2.02 10.67 -4.99 0.94
Car 0.00 0 -7.94 517.33 186.21 561.46 223.33 1.47 1.63 3.81 -3.23 2.11 32.11 -8.04 0.91
Car 0.00 0 -2.90 717.99 173.04 830.64 220.70 1.69 1.67 3.87 6.16 1.70 27.26 -2.68 0.87
Car 0.00 0 -4.62 347.34 190.32 385.79 221.89 1.56 1.66 3.87 -13.49 2.58 40.05 -4.94 0.79
Car 0.00 0 -2.86 657.26 179.27 754.17 215.24 1.56 1.62 4.16 4.38 1.87 33.40 -2.73 0.68
Car 0.00 0 -8.76 864.84 101.51 1241.00 374.00 1.92 1.76 4.47 3.37 1.75 4.00 -8.05 0.42
Car 0.00 0 -4.90 571.88 183.59 611.76 212.79 1.51 1.57 3.83 -1.11 2.15 40.83 -4.92 0.34
Car 0.00 0 -7.86 505.59 182.81 526.01 204.43 1.68 1.63 3.70 -7.86 2.54 59.93 -7.99 0.31
Car 0.00 0 -8.01 199.45 186.04 250.26 220.97 1.48 1.63 3.20 -18.10 2.13 33.78 -8.50 0.26
Car 0.00 0 -3.04 707.05 175.18 811.46 215.08 1.58 1.60 4.12 6.18 1.68 30.03 -2.84 0.26
Car 0.00 0 -4.28 0.00 207.78 108.29 269.62 1.41 1.64 3.76 -16.23 2.51 20.72 -4.94 0.19
Car 0.00 0 -4.49 364.04 187.66 406.58 215.98 1.60 1.68 4.04 -14.01 2.57 45.07 -4.79 0.18
Pedestrian 0.00 0 -8.50 1077.50 152.55 1104.24 198.11 1.85 0.65 0.66 19.71 1.03 29.65 -7.92 0.13
Car 0.00 0 -4.60 255.00 189.59 301.74 225.69 1.56 1.65 4.06 -16.22 2.43 35.35 -5.03 0.12
Car 0.00 0 -8.63 913.52 172.27 1015.18 213.12 1.49 1.62 3.43 13.69 1.47 28.16 -8.18 0.12
Cyclist 0.00 0 -8.51 1037.97 133.13 1069.77 168.73 1.72 0.45 1.62 22.04 -0.21 35.92 -7.96 0.12
Cyclist 0.00 0 -4.50 169.99 195.84 193.70 236.96 1.67 0.54 1.70 -18.50 2.69 31.12 -5.04 0.12
Cyclist 0.00 0 -4.38 895.14 170.74 957.83 280.43 1.75 0.51 1.54 5.33 1.71 12.23 -3.97 0.11
Car 0.00 0 -5.31 1236.61 110.18 1241.00 171.38 1.50 1.57 3.85 19.41 -0.04 19.87 -4.54 0.11
