Car 0.00 0 -7.89 564.43 174.44 585.98 193.54 1.53 1.67 4.07 -2.96 1.67 60.38 -7.93 0.29
Car 0.00 0 -8.76 858.62 179.54 930.29 206.86 1.50 1.55 3.79 16.73 1.92 42.67 -8.38 0.17
Pedestrian 0.00 0 -5.33 769.30 165.67 784.78 196.14 1.95 0.59 0.86 10.80 1.49 46.79 -5.10 0.17
Pedestrian 0.00 0 -4.99 1105.79 166.86 1136.44 218.96 1.69 0.64 0.76 16.83 1.49 23.84 -4.37 0.17
Cyclist 0.00 0 -8.19 812.00 169.92 831.63 204.80 1.71 0.43 1.62 10.55 1.56 36.09 -7.91 0.16
Cyclist 0.00 0 -8.30 850.19 172.23 874.20 207.20 1.67 0.44 1.66 12.29 1.64 35.32 -7.96 0.16
Pedestrian 0.00 0 -2.77 434.75 215.15 542.78 374.00 1.53 0.50 0.51 -0.79 1.81 4.45 -2.94 0.14
Car 0.00 0 -8.84 1087.12 179.02 1210.85 219.32 1.50 1.66 3.75 21.84 1.77 29.46 -8.20 0.14
Cyclist 0.00 0 -7.02 921.13 166.00 969.47 210.82 1.75 0.67 1.75 13.29 1.48 28.69 -6.58 0.13
Car 0.00 0 -7.79 580.56 180.27 618.42 212.81 1.42 1.58 3.67 -0.49 1.80 34.30 -7.81 0.13
Pedestrian 0.00 0 -2.15 95.44 181.88 253.20 374.00 1.68 0.55 0.70 -2.78 1.74 4.53 -2.71 0.12
Car 0.00 0 -5.38 1175.95 192.07 1241.00 244.55 1.48 1.63 3.66 20.61 2.15 23.53 -4.66 0.11
Cyclist 0.00 0 -5.75 69.52 176.46 108.47 210.25 1.76 0.57 1.59 -27.43 1.95 37.95 -6.37 0.11
Cyclist 0.00 0 -5.49 869.76 173.14 1192.94 374.00 1.74 0.54 1.60 2.11 1.74 3.97 -5.00 0.10
