Car 0.00 0 -4.50 422.87 180.04 475.12 212.76 1.46 1.66 4.03 -7.78 1.83 35.01 -4.72 0.95
Pedestrian 0.00 0 -3.12 119.41 179.49 148.72 263.93 1.67 0.68 0.49 -9.79 1.81 14.77 -3.70 0.29
Car 0.00 0 -4.21 132.74 192.88 205.58 224.81 1.41 1.58 3.57 -21.88 2.45 35.90 -4.76 0.22
Cyclist 0.00 0 -3.19 983.01 177.42 1131.98 295.53 1.66 0.80 1.87 6.68 1.73 10.97 -2.64 0.20
Pedestrian 0.00 0 -8.02 394.09 174.42 411.25 212.97 1.78 0.65 0.78 -9.76 1.85 33.82 -8.30 0.20
Car 0.00 0 -4.60 514.25 177.19 535.11 192.96 1.45 1.56 3.81 -8.18 1.88 69.27 -4.72 0.20
Pedestrian 0.00 0 -6.35 629.81 170.73 637.84 193.33 1.77 0.70 0.59 1.85 1.61 56.93 -6.31 0.20
Pedestrian 0.00 0 -5.22 1098.99 145.35 1241.00 374.00 1.84 0.69 0.88 3.64 1.68 4.57 -4.55 0.16
Pedestrian 0.00 0 -7.74 468.48 175.93 477.60 200.14 1.77 0.59 0.67 -10.13 2.00 53.21 -7.93 0.13
Pedestrian 0.00 0 -8.62 978.63 180.34 1045.52 284.48 1.64 0.63 0.74 6.56 1.77 11.88 -8.12 0.12
Cyclist 0.00 0 -7.51 318.55 180.88 333.81 208.84 1.61 0.34 1.53 -16.83 2.09 42.73 -7.88 0.11
