Car 0.00 0 -7.19 712.60 190.75 836.53 251.81 1.45 1.53 3.43 4.52 1.99 19.82 -6.96 0.93
Car 0.00 0 -7.68 433.14 184.43 488.16 226.02 1.48 1.51 3.75 -5.90 1.97 28.62 -7.88 0.32
Pedestrian 0.00 0 -3.79 808.65 180.21 837.73 238.45 1.78 0.69 0.57 6.63 2.02 22.62 -3.51 0.31
Car 0.00 0 -7.78 1012.96 166.54 1174.48 322.66 1.87 1.67 4.13 7.28 1.79 10.75 -7.18 0.27
Car 0.00 0 -2.46 32.33 195.53 247.00 265.00 1.48 1.66 4.12 -11.06 2.04 17.03 -3.04 0.23
Car 0.00 0 -3.25 447.59 166.96 518.26 194.43 1.70 1.67 4.29 -8.15 1.34 46.06 -3.42 0.22
Pedestrian 0.00 0 -7.77 637.95 181.56 651.51 217.32 1.55 0.56 0.39 1.48 1.93 31.58 -7.72 0.21
Car 0.00 0 -7.94 568.95 170.80 635.19 231.24 1.95 1.91 4.88 -0.43 1.88 25.77 -7.96 0.20
Pedestrian 0.00 0 -4.99 786.60 174.15 813.57 236.73 1.95 0.65 0.74 5.98 1.99 22.89 -4.74 0.20
Car 0.00 0 -3.72 503.47 173.27 573.29 199.51 1.52 1.65 3.96 -4.35 1.55 43.76 -3.82 0.19
Car 0.00 0 -5.33 0.00 222.41 879.16 374.00 1.54 1.69 4.20 -1.80 1.74 1.71 -6.14 0.17
Pedestrian 0.00 0 -4.44 225.47 174.31 256.52 242.09 1.86 0.60 0.77 -10.42 1.91 20.30 -4.92 0.12
Car 0.00 0 -7.85 551.68 173.56 571.82 191.74 1.45 1.61 4.05 -4.03 1.52 59.95 -7.92 0.11
Pedestrian 0.00 0 -7.73 494.24 163.90 507.07 195.15 1.84 0.68 0.67 -6.52 1.31 42.83 -7.88 0.11
Car 0.00 0 -5.77 820.39 185.35 959.19 241.27 1.50 1.55 3.66 8.42 1.91 22.06 -5.40 0.11
