Pedestrian 0.00 0 -6.05 306.20 159.71 400.87 304.66 1.77 0.57 1.03 -3.22 1.52 8.99 -6.39 0.88
Car 0.00 0 -8.95 1090.35 191.16 1223.00 369.00 1.48 1.54 3.21 5.01 1.58 4.35 -8.09 0.25
Car 0.00 0 -3.98 0.00 183.70 71.16 234.96 1.46 1.63 3.99 -19.26 1.57 22.35 -4.69 0.24
Pedestrian 0.00 0 -5.08 837.86 170.19 872.65 234.18 1.58 0.59 0.76 6.26 1.32 17.80 -4.74 0.23
Pedestrian 0.00 0 -8.07 258.42 162.98 304.26 257.51 1.76 0.62 0.94 -6.34 1.44 13.74 -8.50 0.18
Pedestrian 0.00 0 -5.05 986.27 228.81 1075.02 369.00 1.17 0.37 0.67 3.16 1.57 5.36 -4.52 0.16
Pedestrian 0.00 0 -4.30 0.00 173.89 53.73 259.65 1.66 0.68 0.82 -11.69 1.54 14.18 -4.99 0.15
Car 0.00 0 -6.23 653.78 141.57 720.01 169.33 1.50 1.62 3.66 4.68 -0.65 40.26 -6.11 0.15
Pedestrian 0.00 0 -7.92 524.52 161.43 559.84 260.57 1.74 0.58 0.87 -1.20 1.41 12.89 -8.01 0.11
Pedestrian 0.00 0 -4.60 1081.03 152.45 1132.57 266.37 1.78 0.61 0.75 8.16 1.35 11.55 -3.99 0.11
