Car 0.00 0 -7.87 587.17 177.12 621.65 211.52 1.65 1.69 4.53 -0.36 1.89 37.53 -7.88 0.92
Car 0.00 0 -4.74 578.28 182.24 635.97 238.31 1.52 1.63 4.34 -0.21 1.84 22.50 -4.75 0.54
Cyclist 0.00 0 -6.57 836.47 163.52 875.14 200.47 1.87 0.79 1.72 12.55 1.40 36.98 -6.25 0.29
Car 0.00 0 -7.80 588.07 182.95 635.70 226.83 1.50 1.60 3.68 0.09 1.92 27.49 -7.79 0.28
Car 0.00 0 -4.62 475.45 180.39 516.44 215.33 1.51 1.55 3.93 -5.36 1.88 34.01 -4.78 0.23
Pedestrian 0.00 0 -8.17 960.11 164.36 994.80 229.17 1.88 0.64 1.01 10.88 1.63 21.47 -7.70 0.22
Pedestrian 0.00 0 -3.99 934.53 158.88 962.93 213.63 2.02 0.63 0.74 12.64 1.50 27.02 -3.55 0.18
Pedestrian 0.00 0 -4.45 833.98 171.38 858.96 224.03 1.73 0.63 0.74 7.90 1.69 24.24 -4.13 0.18
Pedestrian 0.00 0 -8.25 1020.49 178.69 1055.06 237.77 1.50 0.53 0.74 11.09 1.66 18.79 -7.72 0.18
Car 0.00 0 -7.56 360.61 182.78 452.97 236.37 1.53 1.70 4.46 -6.56 1.88 23.64 -7.83 0.14
Car 0.00 0 -4.53 435.21 180.50 488.70 216.24 1.54 1.71 4.37 -6.99 1.93 34.26 -4.73 0.13
Cyclist 0.00 0 -5.10 813.61 174.22 842.82 219.67 1.66 0.49 1.59 8.18 1.72 27.25 -4.81 0.13
Cyclist 0.00 0 -5.02 1212.40 162.42 1241.00 249.87 1.72 0.48 1.52 13.04 1.51 14.98 -4.30 0.12
Pedestrian 0.00 0 -3.30 1068.84 146.24 1241.00 374.00 1.83 0.43 0.98 3.66 1.66 4.90 -2.66 0.12
Car 0.00 0 -6.13 909.53 168.72 996.76 200.14 1.61 1.72 4.02 18.38 1.40 38.78 -5.69 0.10
