Car 0.00 0 -7.69 395.63 187.57 477.53 243.80 1.40 1.65 3.46 -4.65 1.47 19.77 -7.92 0.98
Car 0.00 0 -8.26 756.15 181.74 1050.28 362.34 1.63 1.72 3.75 3.02 1.59 8.39 -7.91 0.98
Car 0.00 0 -7.44 125.51 183.14 383.66 332.01 1.58 1.65 3.75 -4.40 1.56 9.53 -7.88 0.97
Car 0.00 0 -7.09 0.00 193.74 71.38 363.42 1.46 1.57 3.81 -8.40 1.58 8.29 -7.89 0.97
Car 0.00 0 -7.86 576.48 180.94 616.40 218.74 1.57 1.65 3.51 -0.55 1.39 31.54 -7.88 0.93
Car 0.00 0 -7.72 455.98 184.24 512.84 225.61 1.42 1.56 3.90 -4.53 1.38 26.60 -7.89 0.87
Car 0.00 0 -7.96 616.43 180.18 643.68 201.83 1.52 1.63 3.39 1.57 1.17 52.26 -7.93 0.80
Car 0.00 0 -4.15 505.08 178.91 556.90 203.53 1.54 1.59 3.79 -4.99 1.14 46.93 -4.26 0.61
Car 0.00 0 -7.65 416.63 172.14 460.02 201.14 1.63 1.64 4.42 -9.99 0.89 42.57 -7.88 0.50
Car 0.00 0 -7.80 476.42 183.01 516.44 215.70 1.46 1.66 3.95 -5.27 1.36 34.19 -7.95 0.42
Car 0.00 0 -2.48 0.00 164.22 211.23 271.08 1.87 1.75 4.15 -10.07 1.51 13.53 -3.12 0.36
Car 0.00 0 -7.64 563.06 182.58 598.39 208.95 1.42 1.43 2.78 -1.51 1.28 40.29 -7.68 0.34
Car 0.00 0 -7.74 384.66 181.79 433.12 218.20 1.51 1.64 3.93 -8.80 1.37 31.94 -8.01 0.33
Car 0.00 0 -7.48 268.41 178.30 381.02 233.89 1.59 1.72 4.73 -8.86 1.39 22.87 -7.85 0.32
Cyclist 0.00 0 -4.66 779.01 177.25 791.58 214.67 1.69 0.48 1.67 8.23 1.33 33.42 -4.42 0.24
Pedestrian 0.00 0 -8.00 813.95 175.36 831.86 221.45 1.83 0.60 0.69 8.63 1.44 28.96 -7.71 0.15
Car 0.00 0 -4.89 811.85 185.27 927.85 264.19 1.52 1.67 4.28 5.63 1.52 16.07 -4.55 0.10
Car 0.00 0 -4.55 528.48 178.64 557.40 199.98 1.61 1.62 4.04 -5.04 1.11 56.16 -4.64 0.10
Pedestrian 0.00 0 -2.56 55.32 170.13 102.89 248.27 1.82 0.60 0.70 -12.61 1.47 17.10 -3.19 0.10
