Car 0.00 0 -7.50 203.81 191.01 421.07 338.71 1.53 1.57 3.25 -3.73 1.81 9.50 -7.87 0.99
Car 0.00 0 -4.54 387.66 182.05 495.74 265.52 1.57 1.66 3.95 -3.64 1.80 16.01 -4.76 0.96
Car 0.00 0 -4.58 484.40 179.85 532.92 216.54 1.50 1.64 4.26 -4.54 1.84 32.54 -4.72 0.88
Car 0.00 0 -4.67 508.67 180.55 536.50 206.57 1.40 1.44 3.21 -5.02 1.86 41.37 -4.79 0.37
Pedestrian 0.00 0 -6.22 480.30 172.95 494.19 199.37 1.77 0.55 0.89 -8.29 1.77 48.55 -6.39 0.35
Pedestrian 0.00 0 -4.67 670.61 169.50 686.43 214.33 1.86 0.63 0.82 2.84 1.72 30.34 -4.58 0.22
Pedestrian 0.00 0 -4.97 742.33 166.01 775.57 240.21 1.81 0.64 0.74 3.65 1.64 17.93 -4.77 0.18
Car 0.00 0 -4.48 528.72 171.74 559.46 192.51 1.62 1.62 3.97 -5.31 1.53 58.32 -4.57 0.18
Pedestrian 0.00 0 -7.81 685.52 169.18 703.75 220.61 1.84 0.63 0.70 3.03 1.71 26.15 -7.70 0.17
Pedestrian 0.00 0 -4.39 760.63 154.24 806.21 252.79 1.91 0.65 0.87 3.45 1.55 14.55 -4.16 0.15
Pedestrian 0.00 0 -8.34 713.22 169.32 734.77 216.39 1.82 0.65 0.55 4.42 1.68 28.25 -8.19 0.13
Car 0.00 0 -4.89 627.16 172.87 660.26 197.15 1.56 1.58 3.75 2.18 1.56 48.27 -4.84 0.13
Pedestrian 0.00 0 -7.85 728.05 158.91 745.93 209.91 2.01 0.70 0.80 5.05 1.46 28.92 -7.68 0.11
Pedestrian 0.00 0 -8.08 701.55 170.23 727.23 228.47 1.76 0.62 0.78 3.16 1.68 22.19 -7.94 0.10
Car 0.00 0 -7.29 338.35 182.80 411.61 216.43 1.48 1.58 3.85 -11.38 2.00 35.09 -7.61 0.10
Pedestrian 0.00 0 -5.73 1210.25 138.39 1241.00 316.57 1.74 0.62 0.79 6.86 1.41 7.53 -4.99 0.10
