Car 0.00 0 -7.69 475.71 185.23 523.50 218.91 1.43 1.56 3.55 -4.83 1.43 32.26 -7.84 0.94
Car 0.00 0 -7.70 419.92 188.68 495.47 243.02 1.42 1.56 4.12 -4.35 1.53 21.14 -7.90 0.92
Car 0.00 0 -7.90 573.98 180.86 606.75 209.51 1.55 1.66 4.10 -1.06 1.31 40.91 -7.93 0.91
Car 0.00 0 -7.75 427.29 182.10 463.39 210.36 1.54 1.63 3.71 -9.26 1.37 41.08 -7.97 0.66
Car 0.00 0 -7.71 373.53 186.85 425.80 222.69 1.41 1.59 3.80 -8.77 1.48 30.41 -7.99 0.61
Car 0.00 0 -7.07 0.00 195.45 203.07 331.26 1.47 1.64 4.00 -7.89 1.64 10.16 -7.73 0.60
Car 0.00 0 -7.56 404.79 179.16 442.77 202.65 1.59 1.61 3.62 -12.89 1.18 50.45 -7.81 0.54
Car 0.00 0 -7.70 497.85 182.14 535.60 208.40 1.48 1.63 4.00 -5.36 1.31 42.51 -7.83 0.52
Cyclist 0.00 0 -7.95 688.15 181.31 715.14 246.93 1.64 0.54 1.71 2.40 1.55 18.84 -7.82 0.41
Car 0.00 0 -3.21 485.10 181.73 542.18 203.93 1.52 1.65 3.86 -6.63 1.28 50.33 -3.34 0.28
Car 0.00 0 -4.78 451.98 180.53 480.18 203.90 1.54 1.61 4.10 -9.80 1.23 49.43 -4.98 0.22
Cyclist 0.00 0 -2.78 639.90 180.73 689.13 228.97 1.69 0.61 1.65 1.99 1.53 25.73 -2.70 0.22
Car 0.00 0 -2.84 629.40 181.46 703.52 208.77 1.52 1.67 3.95 3.37 1.31 41.56 -2.76 0.14
Car 0.00 0 -4.78 631.34 178.37 661.71 206.38 1.68 1.62 4.19 2.37 1.27 45.23 -4.73 0.11
