Car 0.00 0 -8.30 595.24 176.03 644.72 201.83 1.54 1.62 3.88 0.55 1.76 45.81 -8.29 0.62
Car 0.00 0 -6.95 666.68 176.97 740.09 205.04 1.46 1.56 3.88 5.12 1.70 39.68 -6.82 0.48
Car 0.00 0 -7.79 550.71 179.17 602.50 225.41 1.43 1.53 3.62 -1.12 1.66 24.66 -7.83 0.38
Pedestrian 0.00 0 -6.09 632.40 172.68 641.15 195.75 1.85 0.63 0.60 2.14 1.83 58.16 -6.06 0.33
Car 0.00 0 -4.93 661.51 177.79 735.98 230.35 1.51 1.52 4.11 2.71 1.68 23.20 -4.81 0.31
Car 0.00 0 -3.94 838.47 182.13 890.53 203.81 1.61 1.64 3.85 19.95 2.36 56.62 -3.61 0.23
Car 0.00 0 -7.43 543.96 177.84 588.40 200.87 1.49 1.61 3.87 -2.99 1.84 49.59 -7.49 0.23
Cyclist 0.00 0 -7.92 680.31 175.02 685.46 193.75 1.67 0.36 1.62 6.57 1.87 65.25 -7.82 0.22
Car 0.00 0 -3.92 0.00 233.46 290.19 374.00 1.44 1.55 3.67 -2.96 1.84 2.94 -4.71 0.22
Cyclist 0.00 0 -5.77 472.26 175.52 494.22 199.73 1.77 0.61 1.50 -9.42 1.97 53.49 -5.95 0.21
Car 0.00 0 -6.66 780.69 180.56 934.20 235.15 1.48 1.57 3.85 6.96 1.71 20.65 -6.33 0.18
Car 0.00 0 -5.56 1096.93 200.95 1241.00 374.00 1.45 1.49 3.94 6.54 1.79 6.57 -4.77 0.17
Cyclist 0.00 0 -2.51 144.79 174.30 187.43 215.18 1.80 0.62 1.55 -19.81 1.86 32.15 -3.06 0.14
Cyclist 0.00 0 -8.03 932.09 184.65 946.71 218.63 1.62 0.38 1.55 16.27 2.22 35.74 -7.61 0.13
Cyclist 0.00 0 -2.55 71.28 172.06 116.98 214.94 1.80 0.59 1.50 -21.89 1.77 30.57 -3.17 0.12
Pedestrian 0.00 0 -2.85 525.65 206.43 656.59 374.00 1.60 0.51 0.66 -0.15 1.81 4.27 -2.88 0.12
Car 0.00 0 -6.10 451.09 178.57 563.19 219.12 1.52 1.68 4.12 -4.02 1.76 28.29 -6.24 0.11
Pedestrian 0.00 0 -8.44 949.66 180.14 970.90 222.35 1.86 0.66 0.54 15.59 2.19 32.21 -7.99 0.10
