Pedestrian 0.00 0 -4.83 723.61 175.10 739.86 213.70 1.86 0.68 0.91 5.91 1.97 35.30 -4.66 0.64
Pedestrian 0.00 0 -4.81 876.96 170.25 902.25 225.97 1.80 0.69 0.88 9.20 1.72 23.88 -4.45 0.55
Pedestrian 0.00 0 -3.34 1183.38 193.63 1224.85 273.17 1.44 0.51 0.51 11.13 1.84 13.59 -2.65 0.53
Car 0.00 0 -3.04 419.57 183.78 569.16 240.94 1.58 1.69 4.20 -3.36 1.92 21.29 -3.19 0.47
Car 0.00 0 -7.73 467.28 184.31 520.54 228.87 1.51 1.52 3.99 -4.39 1.98 27.48 -7.89 0.37
Car 0.00 0 -3.03 470.39 183.10 572.69 219.61 1.52 1.67 4.25 -3.82 1.97 31.31 -3.15 0.26
Pedestrian 0.00 0 -5.18 700.11 175.89 712.93 201.88 1.86 0.62 0.81 6.96 2.08 52.23 -5.05 0.24
Cyclist 0.00 0 -8.88 1037.36 170.92 1153.19 269.91 1.75 0.60 1.77 9.12 1.72 13.71 -8.29 0.20
Cyclist 0.00 0 -8.83 1192.59 171.94 1241.00 308.35 1.66 0.60 1.61 8.79 1.65 9.64 -8.09 0.19
Pedestrian 0.00 0 -3.14 787.24 168.52 808.82 208.15 1.91 0.55 1.01 9.11 1.70 35.12 -2.88 0.17
Pedestrian 0.00 0 -4.64 746.79 175.74 758.66 206.04 1.93 0.70 0.76 9.15 2.11 46.40 -4.45 0.14
Pedestrian 0.00 0 -3.67 1170.31 163.28 1233.46 261.71 1.93 0.66 0.75 11.84 1.74 14.51 -2.99 0.14
Cyclist 0.00 0 -7.85 1041.51 172.00 1052.67 210.29 1.78 0.44 1.72 20.79 1.74 34.37 -7.31 0.14
Pedestrian 0.00 0 -3.67 710.88 171.46 722.63 192.99 1.88 0.41 0.94 9.36 1.76 63.42 -3.52 0.14
Cyclist 0.00 0 -5.71 169.20 178.09 210.98 209.48 1.69 0.78 1.84 -22.92 1.98 39.34 -6.24 0.13
Cyclist 0.00 0 -5.66 76.43 177.14 120.97 214.49 1.76 0.68 1.65 -24.45 1.97 34.47 -6.27 0.13
Pedestrian 0.00 0 -3.70 721.16 171.06 730.86 193.60 1.79 0.65 0.49 9.22 1.64 57.52 -3.54 0.12
Car 0.00 0 -2.60 233.18 184.32 393.66 239.85 1.56 1.70 4.22 -8.98 1.92 21.87 -2.99 0.11
Car 0.00 0 -7.81 551.75 180.46 581.50 207.59 1.56 1.66 3.86 -2.68 2.06 44.64 -7.87 0.11
Car 0.00 0 -3.11 526.08 182.69 587.02 205.56 1.54 1.65 4.16 -3.72 2.23 50.18 -3.18 0.10
