Car 0.00 0 -4.21 92.06 197.21 321.05 317.80 1.48 1.57 3.67 -6.17 1.93 11.45 -4.71 0.96
Car 0.00 0 -8.00 685.21 179.39 775.19 246.81 1.46 1.59 4.14 2.84 1.64 18.12 -7.85 0.96
Car 0.00 0 -7.58 365.29 183.78 455.31 243.04 1.63 1.66 4.10 -6.19 2.00 22.66 -7.84 0.94
Car 0.00 0 -3.79 983.66 159.18 1241.00 266.07 1.49 1.70 4.59 8.34 1.30 10.92 -3.13 0.93
Car 0.00 0 -3.51 815.37 160.75 993.97 222.33 1.65 1.69 4.31 8.10 1.33 20.20 -3.13 0.85
Car 0.00 0 -4.49 452.63 185.12 506.69 219.25 1.43 1.62 4.10 -6.06 2.04 33.75 -4.67 0.83
Car 0.00 0 -3.69 900.56 150.18 1169.72 246.31 1.76 1.72 4.29 8.14 1.35 14.14 -3.17 0.82
Car 0.00 0 -4.40 319.09 194.69 421.39 256.84 1.37 1.53 3.51 -6.21 2.00 18.93 -4.72 0.66
Car 0.00 0 -4.51 490.96 176.83 530.98 208.33 1.82 1.64 4.08 -6.05 2.07 44.24 -4.64 0.40
Car 0.00 0 -7.09 1150.45 137.56 1241.00 178.85 1.47 1.56 3.88 22.34 0.21 26.63 -6.39 0.38
Car 0.00 0 -5.53 1187.51 142.60 1241.00 188.28 1.41 1.46 3.35 21.27 0.47 23.93 -4.80 0.36
Car 0.00 0 -4.50 473.94 182.95 518.77 212.70 1.47 1.57 4.04 -6.14 2.05 39.13 -4.65 0.36
Car 0.00 0 -4.67 524.04 179.47 545.56 197.99 1.39 1.54 3.87 -5.99 1.94 57.53 -4.77 0.35
Car 0.00 0 -3.49 713.19 170.13 785.84 195.56 1.58 1.69 4.23 8.85 1.41 46.06 -3.30 0.22
Car 0.00 0 -7.95 632.38 175.23 657.86 196.38 1.62 1.65 4.27 2.75 1.81 57.77 -7.90 0.21
Car 0.00 0 -4.74 553.72 178.72 575.47 197.48 1.42 1.63 4.04 -3.70 1.90 57.88 -4.80 0.19
Car 0.00 0 -7.90 639.69 174.30 664.62 198.18 1.64 1.59 4.10 2.97 1.75 51.89 -7.84 0.16
Car 0.00 0 -7.38 641.92 177.05 693.51 201.60 1.52 1.65 4.23 3.84 1.81 47.78 -7.30 0.12
Car 0.00 0 -5.13 982.09 144.26 1034.73 170.60 1.67 1.72 3.66 26.45 -0.16 48.08 -4.63 0.11
Car 0.00 0 -5.30 965.18 150.21 1102.11 210.10 1.58 1.57 3.81 12.06 0.98 20.92 -4.77 0.10
