Car 0.00 0 -7.93 542.05 170.18 577.97 201.76 1.66 1.68 4.37 -2.57 1.12 39.49 -7.99 0.58
Pedestrian 0.00 0 -4.86 450.56 162.05 483.80 242.84 1.94 0.68 0.92 -3.46 1.50 17.50 -5.06 0.53
Pedestrian 0.00 0 -7.62 409.84 166.90 431.31 214.04 1.91 0.72 0.66 -7.59 1.36 29.05 -7.88 0.41
Pedestrian 0.00 0 -3.00 428.43 175.38 441.19 200.56 1.61 0.50 0.74 -10.96 1.29 45.54 -3.24 0.26
Pedestrian 0.00 0 -7.58 400.64 174.90 417.36 208.70 1.61 0.66 0.52 -9.43 1.35 33.98 -7.85 0.24
Car 0.00 0 -7.05 1028.12 193.47 1223.00 369.00 1.51 1.63 3.80 5.23 1.62 4.80 -6.22 0.24
Pedestrian 0.00 0 -4.67 390.67 187.34 410.97 246.30 1.34 0.44 0.49 -4.78 1.51 16.44 -4.96 0.23
Car 0.00 0 -7.95 548.38 164.80 592.09 204.16 1.80 1.71 4.40 -1.78 1.08 34.55 -8.00 0.23
Pedestrian 0.00 0 -7.66 405.28 172.17 417.54 200.98 1.75 0.61 0.64 -11.82 1.24 43.18 -7.93 0.21
Pedestrian 0.00 0 -6.07 393.17 170.38 403.87 201.24 1.79 0.73 0.46 -12.11 1.21 41.44 -6.35 0.17
Pedestrian 0.00 0 -5.12 787.00 152.21 852.57 290.77 1.88 0.61 0.81 2.98 1.49 10.01 -4.83 0.17
Pedestrian 0.00 0 -4.31 318.43 210.38 351.59 286.08 1.10 0.36 0.36 -4.10 1.56 10.61 -4.68 0.16
Pedestrian 0.00 0 -5.37 226.38 156.95 293.80 264.58 1.87 0.65 0.95 -6.26 1.46 12.75 -5.83 0.14
Cyclist 0.00 0 -6.15 398.75 167.08 431.36 204.09 1.85 0.62 1.52 -9.58 1.18 35.65 -6.41 0.13
Pedestrian 0.00 0 -3.14 376.90 167.48 390.16 203.34 1.85 0.55 0.66 -11.57 1.18 36.90 -3.44 0.13
Pedestrian 0.00 0 -5.24 695.19 152.10 743.13 245.24 1.94 0.58 1.03 2.42 1.35 15.32 -5.09 0.13
Pedestrian 0.00 0 -3.05 192.67 184.38 231.06 252.86 1.48 0.52 0.70 -8.78 1.57 15.73 -3.56 0.13
Car 0.00 0 -6.82 1018.86 97.33 1199.85 157.63 1.50 1.62 3.72 13.59 -0.65 19.27 -6.21 0.11
Pedestrian 0.00 0 -4.54 364.33 198.93 388.88 259.88 1.14 0.39 0.37 -4.42 1.50 13.57 -4.86 0.11
Car 0.00 0 -4.59 413.02 175.02 446.69 200.90 1.49 1.57 3.45 -10.52 1.18 42.61 -4.83 0.11
