Car 0.00 0 -4.45 335.15 188.51 485.32 284.05 1.48 1.70 4.38 -3.74 1.84 14.12 -4.71 0.98
Car 0.00 0 -4.50 438.19 175.86 516.59 236.15 1.69 1.59 4.03 -4.07 1.79 22.49 -4.68 0.94
Car 0.00 0 -4.62 522.20 175.79 556.73 204.47 1.48 1.55 3.64 -3.84 1.65 39.39 -4.72 0.69
Pedestrian 0.00 0 -8.28 929.71 145.20 1039.05 335.04 1.79 0.67 0.88 3.68 1.53 7.26 -7.82 0.33
Car 0.00 0 -7.79 563.98 169.62 583.04 185.54 1.45 1.55 4.07 -3.43 1.16 67.97 -7.84 0.24
Car 0.00 0 -7.78 636.33 162.71 656.69 180.22 1.57 1.59 3.95 3.38 0.66 66.60 -7.73 0.22
Car 0.00 0 -4.69 504.55 174.42 531.44 198.68 1.51 1.64 3.65 -6.00 1.62 47.06 -4.81 0.17
Pedestrian 0.00 0 -3.33 980.68 147.06 1052.14 287.68 1.75 0.57 0.71 5.21 1.43 9.37 -2.82 0.15
Car 0.00 0 -4.81 644.56 167.73 671.44 190.40 1.57 1.58 3.57 3.39 1.22 51.93 -4.75 0.11
Pedestrian 0.00 0 -4.42 1003.59 140.66 1069.00 276.04 1.79 0.60 0.73 5.87 1.37 10.02 -3.89 0.11
Cyclist 0.00 0 -2.76 319.57 177.41 366.65 221.04 1.80 0.70 1.71 -11.20 1.99 30.20 -3.12 0.10
Pedestrian 0.00 0 -3.49 251.06 169.06 262.45 211.56 1.81 0.51 0.28 -15.19 1.65 30.94 -3.95 0.10
