Car 0.00 0 -8.22 755.76 181.24 1033.48 350.90 1.50 1.64 3.90 2.95 1.62 8.56 -7.89 0.97
Car 0.00 0 -8.11 707.69 176.93 844.07 269.83 1.58 1.64 4.17 3.11 1.68 14.58 -7.90 0.95
Car 0.00 0 -4.37 224.50 179.65 425.16 309.58 1.66 1.63 4.10 -4.30 1.78 11.47 -4.73 0.94
Car 0.00 0 -4.10 0.00 181.55 279.28 374.00 1.72 1.59 3.67 -4.45 1.81 6.10 -4.73 0.93
Car 0.00 0 -7.87 505.04 183.81 531.28 208.37 1.45 1.61 3.95 -5.99 2.19 46.59 -8.00 0.78
Car 0.00 0 -8.06 627.39 177.41 663.81 204.61 1.56 1.50 3.64 2.10 1.86 44.06 -8.01 0.70
Car 0.00 0 -4.88 607.80 176.50 639.88 201.30 1.66 1.64 3.94 0.91 1.93 51.00 -4.86 0.46
Car 0.00 0 -4.80 655.47 174.75 704.32 219.69 1.71 1.62 4.08 2.77 1.80 29.69 -4.71 0.40
Car 0.00 0 -5.00 646.99 177.45 698.79 211.20 1.53 1.56 3.59 2.96 1.76 35.09 -4.91 0.38
Car 0.00 0 -8.02 580.28 181.51 606.08 201.24 1.62 1.64 3.70 -1.51 2.39 62.79 -8.05 0.37
Car 0.00 0 -7.92 478.15 184.01 504.98 207.05 1.51 1.63 3.86 -8.49 2.34 51.33 -8.08 0.37
Pedestrian 0.00 0 -4.69 214.13 185.91 254.23 284.85 1.57 0.57 0.48 -6.23 1.79 11.87 -5.17 0.27
Car 0.00 0 -6.65 416.31 184.94 498.49 215.45 1.51 1.69 4.00 -8.25 2.19 38.94 -6.86 0.17
Car 0.00 0 -8.21 649.52 161.10 694.38 198.34 2.54 1.80 4.29 4.34 1.74 51.55 -8.13 0.16
Pedestrian 0.00 0 -7.90 524.78 177.76 532.65 201.25 1.87 0.59 0.73 -6.57 2.27 58.10 -8.01 0.13
Pedestrian 0.00 0 -4.57 421.04 179.34 436.04 214.74 1.94 0.73 0.59 -10.09 2.30 40.01 -4.82 0.12
Pedestrian 0.00 0 -4.67 788.83 160.00 812.76 227.66 1.95 0.65 0.95 5.59 1.58 21.29 -4.42 0.11
Cyclist 0.00 0 -4.03 62.66 170.01 178.94 300.54 1.77 0.50 1.65 -7.20 1.73 10.64 -4.63 0.11
