Car 0.00 0 -7.98 655.70 178.48 704.75 223.36 1.82 1.68 3.72 2.97 2.08 31.57 -7.88 0.96
Car 0.00 0 -4.57 438.00 192.87 544.27 282.64 1.47 1.58 3.73 -2.30 1.92 14.51 -4.73 0.95
Car 0.00 0 -8.21 768.35 174.58 1043.72 345.10 1.72 1.75 4.59 3.47 1.75 9.64 -7.87 0.95
Car 0.00 0 -7.80 537.41 184.90 581.79 224.65 1.54 1.68 4.26 -2.17 2.10 31.45 -7.86 0.91
Pedestrian 0.00 0 -5.99 477.04 179.06 495.70 216.76 1.89 0.62 0.79 -6.32 2.21 36.70 -6.16 0.28
Car 0.00 0 -4.87 642.70 182.75 682.91 212.67 1.58 1.66 4.33 2.97 2.18 41.81 -4.80 0.18
Cyclist 0.00 0 -5.64 476.36 182.93 514.95 218.90 1.72 0.75 1.79 -5.68 2.23 35.62 -5.80 0.18
Pedestrian 0.00 0 -5.03 895.56 167.85 950.81 271.85 1.95 0.74 0.89 6.00 1.85 13.97 -4.62 0.13
Pedestrian 0.00 0 -4.66 828.25 163.20 858.55 247.53 2.01 0.67 0.91 5.69 1.78 17.70 -4.35 0.11
Pedestrian 0.00 0 -8.02 415.60 180.87 441.59 241.45 1.73 0.64 0.69 -5.38 1.98 21.21 -8.27 0.11
Cyclist 0.00 0 -7.70 708.99 178.85 722.06 213.32 1.70 0.42 1.63 5.33 2.01 36.63 -7.56 0.10
