Car 0.00 0 -4.84 637.02 174.41 664.84 196.00 1.56 1.59 3.92 3.03 1.69 54.57 -4.79 0.18
Car 0.00 0 -3.92 0.00 233.10 342.48 374.00 1.41 1.50 3.82 -2.71 1.83 2.99 -4.66 0.17
Pedestrian 0.00 0 -4.66 1195.45 144.26 1240.52 242.40 1.78 0.61 0.83 11.41 1.26 13.60 -3.96 0.17
Pedestrian 0.00 0 -8.14 950.57 163.53 972.16 211.02 1.92 0.66 0.58 14.31 1.54 29.48 -7.68 0.14
Cyclist 0.00 0 -1.88 0.00 179.88 9.91 214.72 1.73 0.68 1.72 -31.54 2.10 36.94 -2.59 0.13
Car 0.00 0 -6.21 0.00 183.15 70.09 215.23 1.46 1.60 4.02 -29.29 1.99 35.70 -6.89 0.13
Car 0.00 0 -2.67 0.00 181.71 70.30 232.68 1.51 1.67 4.31 -20.30 1.82 23.23 -3.38 0.12
Car 0.00 0 -8.06 477.37 179.74 526.62 213.77 1.42 1.52 3.51 -4.99 1.75 32.74 -8.21 0.12
Car 0.00 0 -7.60 251.46 182.10 287.08 202.14 1.48 1.63 3.99 -27.10 2.25 57.44 -8.04 0.11
Car 0.00 0 -2.96 449.54 178.87 592.12 232.52 1.50 1.65 3.95 -2.61 1.69 21.31 -3.09 0.11
Car 0.00 0 -4.75 850.06 167.39 870.30 187.03 1.82 1.68 4.33 23.91 1.31 69.11 -4.41 0.11
Car 0.00 0 -7.35 0.00 179.35 9.89 223.20 1.43 1.61 3.52 -23.62 1.68 25.98 -8.08 0.11
