Car 0.00 0 -4.48 469.33 179.42 509.13 204.69 1.55 1.67 4.21 -7.94 2.00 47.57 -4.65 0.85
Cyclist 0.00 0 -7.84 104.52 178.93 138.11 265.69 1.78 0.58 1.93 -10.83 1.93 15.94 -8.43 0.23
Cyclist 0.00 0 -5.00 844.96 174.37 883.28 240.94 1.76 0.49 1.82 6.98 1.80 20.01 -4.67 0.23
Cyclist 0.00 0 -8.21 968.45 174.23 1067.47 324.14 1.70 0.53 1.66 5.01 1.72 9.06 -7.70 0.21
Pedestrian 0.00 0 -4.62 0.00 202.50 15.90 253.09 1.39 0.56 0.69 -17.49 2.25 20.71 -5.32 0.21
Car 0.00 0 -4.25 104.53 191.39 193.37 232.47 1.53 1.71 3.70 -19.43 2.36 30.53 -4.82 0.19
Cyclist 0.00 0 -4.91 262.75 183.36 278.00 213.91 1.60 0.44 1.62 -18.49 2.19 39.19 -5.35 0.17
Pedestrian 0.00 0 -5.87 467.46 178.42 480.36 201.71 1.75 0.56 0.81 -10.37 2.18 54.83 -6.05 0.15
Car 0.00 0 -4.86 664.17 179.85 693.21 203.04 1.62 1.60 3.93 5.05 2.17 53.77 -4.76 0.15
Cyclist 0.00 0 -7.17 185.64 180.85 228.49 222.40 1.75 0.57 1.91 -17.78 2.12 31.81 -7.68 0.13
Car 0.00 0 -3.07 625.73 179.52 693.28 204.88 1.50 1.65 4.05 3.04 1.93 44.48 -3.00 0.13
Pedestrian 0.00 0 -8.13 391.44 175.22 408.39 215.02 1.93 0.62 0.74 -10.38 2.05 35.52 -8.41 0.12
Pedestrian 0.00 0 -5.62 366.52 174.47 379.62 200.04 1.87 0.47 0.79 -17.45 1.99 53.07 -5.94 0.12
Pedestrian 0.00 0 -4.92 843.06 178.98 864.35 232.93 1.58 0.49 0.62 7.24 1.77 21.58 -4.59 0.12
Cyclist 0.00 0 -5.28 714.43 174.09 756.81 231.62 1.69 0.47 1.62 3.77 1.73 22.03 -5.12 0.11
Pedestrian 0.00 0 -5.11 1117.48 184.96 1219.90 374.00 1.59 0.49 0.62 4.73 1.70 6.21 -4.46 0.11
Car 0.00 0 -7.76 275.56 183.59 314.37 213.03 1.48 1.61 3.95 -17.42 2.11 39.96 -8.17 0.11
Pedestrian 0.00 0 -6.63 1185.37 175.90 1241.00 374.00 1.78 0.64 0.66 5.94 1.81 6.85 -5.92 0.11
Pedestrian 0.00 0 -4.57 926.33 174.36 956.31 241.83 1.77 0.64 0.69 8.85 1.81 19.37 -4.14 0.11
Cyclist 0.00 0 -3.79 150.30 184.63 195.33 226.87 1.65 0.54 1.57 -17.89 2.15 29.48 -4.34 0.11
Pedestrian 0.00 0 -8.88 798.52 179.38 835.07 246.63 1.72 0.56 0.74 5.39 1.89 18.98 -8.60 0.10
Car 0.00 0 -2.40 0.00 184.63 74.10 241.54 1.68 1.69 3.80 -19.31 2.06 22.56 -3.10 0.10
