Car 0.00 0 -7.84 581.04 177.88 619.39 213.04 1.53 1.67 3.44 -0.35 1.21 33.00 -7.85 0.88
Car 0.00 0 -8.07 622.92 175.74 664.67 203.37 1.57 1.62 4.12 2.07 1.03 42.88 -8.02 0.51
Car 0.00 0 -4.18 314.53 179.86 420.14 226.90 1.48 1.60 4.07 -8.20 1.31 24.78 -4.50 0.34
Car 0.00 0 -7.83 396.39 173.37 435.59 210.95 1.57 1.59 3.63 -8.51 1.08 31.96 -8.09 0.27
Pedestrian 0.00 0 -3.76 0.00 149.29 191.83 375.00 1.78 0.61 0.83 -2.79 1.62 3.69 -4.40 0.22
Car 0.00 0 -4.62 480.77 181.84 532.42 222.67 1.45 1.61 3.72 -3.83 1.33 27.39 -4.76 0.22
Pedestrian 0.00 0 -4.24 475.34 169.58 510.36 237.98 1.77 0.61 0.83 -3.09 1.37 19.08 -4.40 0.20
Pedestrian 0.00 0 -6.27 560.58 171.50 569.37 199.35 1.82 0.66 0.57 -2.83 0.92 47.23 -6.33 0.18
Pedestrian 0.00 0 -4.17 418.51 170.43 456.68 237.29 1.74 0.63 0.89 -4.59 1.36 19.22 -4.41 0.18
Pedestrian 0.00 0 -4.71 904.34 178.48 962.44 309.74 1.58 0.65 0.69 4.07 1.50 9.11 -4.29 0.17
Pedestrian 0.00 0 -5.47 774.79 164.30 824.43 261.08 1.80 0.58 0.73 3.63 1.41 13.82 -5.21 0.17
Pedestrian 0.00 0 -7.45 378.75 177.23 395.26 212.08 1.57 0.58 0.48 -10.04 1.21 32.57 -7.75 0.15
Pedestrian 0.00 0 -6.40 666.84 174.83 680.94 203.45 1.70 0.59 0.78 3.93 1.08 43.03 -6.31 0.15
Pedestrian 0.00 0 -3.92 999.76 154.89 1094.78 324.05 1.83 0.61 0.69 4.92 1.50 8.15 -3.38 0.14
Car 0.00 0 -7.25 1021.91 149.28 1240.00 364.39 1.64 1.64 3.79 6.06 1.37 6.72 -6.52 0.14
Pedestrian 0.00 0 -4.87 1091.40 140.19 1240.00 375.00 1.77 0.68 0.82 3.67 1.50 4.86 -4.22 0.11
