Car 0.00 0 -4.48 313.03 192.78 469.91 294.42 1.45 1.78 4.32 -3.86 1.88 13.36 -4.76 0.96
Car 0.00 0 -7.92 639.71 178.59 678.66 211.92 1.46 1.60 3.58 2.23 1.75 34.02 -7.85 0.90
Car 0.00 0 -4.22 91.06 203.59 321.03 309.13 1.37 1.71 4.21 -6.82 2.00 12.69 -4.72 0.87
Car 0.00 0 -4.51 432.38 188.96 507.60 242.33 1.39 1.54 3.60 -4.17 1.92 21.72 -4.70 0.86
Car 0.00 0 -6.42 744.91 166.89 872.06 212.90 1.67 1.77 4.44 7.39 1.46 27.37 -6.16 0.72
Car 0.00 0 -6.39 714.09 172.81 799.95 203.97 1.53 1.59 4.09 7.32 1.53 36.40 -6.20 0.61
Car 0.00 0 -3.62 1016.82 153.20 1142.70 189.79 1.46 1.61 4.06 19.20 0.67 29.68 -3.05 0.47
Car 0.00 0 -7.03 1030.52 148.39 1136.22 184.20 1.60 1.67 4.05 21.86 0.51 33.43 -6.45 0.31
Car 0.00 0 -4.45 381.85 185.38 455.73 231.06 1.46 1.59 4.05 -6.87 1.95 26.13 -4.71 0.27
Car 0.00 0 -8.44 965.58 151.15 1037.09 184.33 1.64 1.62 3.43 20.16 0.57 37.38 -7.95 0.25
Car 0.00 0 -6.39 677.41 174.37 725.14 192.35 1.52 1.63 3.93 7.81 1.66 62.14 -6.26 0.24
Pedestrian 0.00 0 -5.72 0.00 178.47 89.30 327.06 1.86 0.55 0.83 -7.42 1.93 9.35 -6.39 0.21
Car 0.00 0 -7.01 958.06 151.15 1040.96 180.21 1.57 1.68 3.95 21.64 0.40 40.19 -6.52 0.19
Car 0.00 0 -3.42 744.36 167.73 849.42 206.12 1.57 1.62 3.98 7.76 1.36 30.33 -3.17 0.17
Pedestrian 0.00 0 -5.88 262.60 170.45 301.01 232.69 1.99 0.71 0.94 -10.71 1.92 23.46 -6.31 0.16
Car 0.00 0 -4.70 298.73 192.26 363.19 251.43 1.39 1.55 3.61 -7.85 1.99 20.26 -5.07 0.15
Car 0.00 0 -5.40 678.50 174.34 730.66 196.14 1.59 1.63 4.23 7.14 1.71 55.05 -5.27 0.15
Pedestrian 0.00 0 -8.25 1213.49 136.74 1241.00 182.34 1.81 0.73 0.62 24.79 0.38 28.98 -7.54 0.15
Pedestrian 0.00 0 -5.87 352.37 172.62 376.09 216.33 1.97 0.66 0.83 -11.21 1.95 32.80 -6.20 0.14
Car 0.00 0 -5.24 536.27 181.54 583.08 204.73 1.41 1.50 3.50 -3.36 2.01 47.26 -5.31 0.13
Car 0.00 0 -8.22 957.02 157.08 1030.10 191.20 1.53 1.76 3.96 18.13 0.82 34.37 -7.74 0.13
Car 0.00 0 -7.98 859.11 155.57 888.36 181.61 2.19 1.81 4.73 22.99 0.74 63.09 -7.63 0.11
Cyclist 0.00 0 -7.67 433.78 176.26 447.31 202.91 1.69 0.51 1.96 -11.06 1.92 47.02 -7.90 0.11
Car 0.00 0 -4.69 938.72 152.68 970.36 180.38 1.62 1.66 3.71 21.06 0.44 44.11 -4.24 0.11
Pedestrian 0.00 0 -8.37 1162.50 140.08 1189.57 187.54 1.89 0.74 0.44 22.69 0.58 28.99 -7.71 0.10
