Car 0.00 0 -3.72 970.42 137.55 1141.48 188.74 1.51 1.60 4.23 13.68 0.24 21.64 -3.16 0.83
Cyclist 0.00 0 -6.45 603.24 167.50 633.09 195.68 1.72 0.60 1.77 0.81 0.93 43.69 -6.43 0.77
Cyclist 0.00 0 -6.14 661.37 164.95 694.00 196.28 1.77 0.60 1.80 4.16 0.90 40.56 -6.04 0.60
Car 0.00 0 -7.77 512.66 174.65 549.31 203.45 1.38 1.54 3.65 -3.71 1.10 35.79 -7.87 0.58
Car 0.00 0 -7.36 180.62 178.14 228.11 198.48 1.46 1.57 3.58 -29.71 1.29 52.55 -7.88 0.39
Car 0.00 0 -4.15 104.10 194.25 303.57 284.95 1.42 1.56 3.74 -7.50 1.73 13.59 -4.66 0.38
Car 0.00 0 -4.79 1122.22 140.75 1176.74 177.08 1.47 1.58 3.89 23.89 -0.16 31.14 -4.14 0.36
Car 0.00 0 -8.46 967.16 142.28 1062.08 179.76 1.55 1.64 3.99 18.03 -0.03 31.38 -7.94 0.35
Pedestrian 0.00 0 -5.15 996.14 137.08 1020.43 181.82 1.88 0.70 0.62 17.07 0.06 29.97 -4.63 0.34
Pedestrian 0.00 0 -5.00 975.16 132.51 1011.97 201.92 1.85 0.66 0.89 10.61 0.57 19.39 -4.50 0.34
Car 0.00 0 -7.51 33.08 182.97 91.42 207.79 1.44 1.63 3.87 -33.36 1.60 43.56 -8.16 0.29
Pedestrian 0.00 0 -5.10 1130.19 125.11 1182.87 216.03 1.77 0.59 0.76 11.01 0.69 14.19 -4.44 0.26
Pedestrian 0.00 0 -4.49 776.15 157.25 790.62 190.21 1.91 0.64 0.89 10.47 0.56 41.51 -4.24 0.26
Cyclist 0.00 0 -9.25 1154.82 136.70 1223.00 233.39 1.59 0.62 1.61 10.75 0.87 12.48 -8.54 0.25
Car 0.00 0 -8.21 940.53 152.55 975.90 173.41 1.89 1.71 4.06 33.75 -0.70 67.60 -7.75 0.23
Car 0.00 0 -3.45 828.22 158.60 891.39 180.23 1.56 1.69 4.03 18.64 -0.02 51.82 -3.11 0.21
Pedestrian 0.00 0 -7.40 905.01 151.54 927.01 201.82 1.72 0.59 0.38 10.75 0.73 24.51 -6.99 0.21
Pedestrian 0.00 0 -9.01 1027.42 146.57 1060.26 213.14 1.64 0.60 0.50 10.98 0.80 17.75 -8.46 0.19
Car 0.00 0 -4.93 808.58 160.31 862.78 194.52 1.51 1.62 3.79 10.70 0.62 33.08 -4.62 0.16
Cyclist 0.00 0 -2.87 540.79 167.24 565.58 194.10 1.87 0.67 1.62 -3.65 0.95 49.83 -2.95 0.15
Cyclist 0.00 0 -5.40 853.68 148.47 893.10 194.47 1.78 0.48 1.73 10.66 0.54 28.21 -5.04 0.15
Cyclist 0.00 0 -5.33 936.80 143.13 992.50 200.39 1.65 0.64 1.67 10.74 0.57 21.24 -4.86 0.14
Car 0.00 0 -7.43 166.22 185.23 271.99 236.57 1.43 1.52 3.58 -11.81 1.59 21.83 -7.93 0.14
Car 0.00 0 -6.70 0.00 183.61 98.38 216.55 1.42 1.62 4.29 -26.60 1.58 33.18 -7.38 0.14
Cyclist 0.00 0 -8.18 897.99 152.89 919.22 189.16 1.67 0.44 1.60 14.28 0.40 33.32 -7.77 0.13
Car 0.00 0 -4.85 1185.71 135.27 1223.00 178.77 1.47 1.59 3.45 22.56 -0.07 25.95 -4.14 0.12
Cyclist 0.00 0 -2.28 323.72 176.44 348.85 201.63 1.68 0.68 1.65 -18.21 1.41 47.91 -2.64 0.12
Pedestrian 0.00 0 -2.97 829.34 158.58 843.59 185.61 1.90 0.50 0.89 16.40 0.36 50.08 -2.65 0.12
Car 0.00 0 -5.31 684.72 167.48 723.14 184.50 1.61 1.69 4.12 9.67 0.38 69.19 -5.17 0.11
Pedestrian 0.00 0 -4.60 685.31 162.35 697.76 193.17 1.83 0.69 0.54 5.18 0.75 42.37 -4.48 0.11
Car 0.00 0 -6.75 893.25 152.42 962.47 174.17 1.56 1.68 4.35 23.76 -0.47 52.09 -6.32 0.11
