Car 0.00 0 -6.74 1023.38 173.78 1241.00 280.78 1.56 1.70 4.46 9.49 1.58 11.85 -6.06 0.98
Car 0.00 0 -3.97 0.00 194.92 334.48 374.00 1.62 1.67 4.33 -2.80 1.78 2.94 -4.73 0.33
Car 0.00 0 -5.39 154.15 185.87 334.39 263.22 1.43 1.47 3.57 -7.77 1.73 15.21 -5.86 0.29
Pedestrian 0.00 0 -4.30 344.57 145.41 432.06 312.82 1.95 0.66 1.08 -2.78 1.63 8.97 -4.60 0.25
Cyclist 0.00 0 -6.20 591.43 168.36 635.59 214.56 1.90 0.65 1.79 0.11 1.71 30.00 -6.20 0.23
Pedestrian 0.00 0 -3.18 289.13 147.15 394.93 352.76 1.85 0.43 0.92 -2.60 1.62 6.87 -3.54 0.14
Car 0.00 0 -7.32 16.81 190.66 258.18 300.05 1.39 1.51 3.82 -7.40 1.73 11.71 -7.88 0.14
Pedestrian 0.00 0 -3.53 591.38 169.68 603.54 192.20 1.86 0.50 0.88 -1.06 1.59 59.87 -3.55 0.12
Car 0.00 0 -6.74 0.00 183.61 93.23 217.41 1.41 1.54 3.38 -26.12 1.94 33.23 -7.41 0.12
Cyclist 0.00 0 -4.58 194.39 174.14 211.05 214.07 1.69 0.44 1.52 -17.75 1.75 31.38 -5.10 0.11
