Pedestrian 0.00 0 -5.56 444.51 164.24 480.07 226.94 1.70 0.57 0.78 -4.13 1.46 19.97 -5.77 0.32
Car 0.00 0 -5.06 730.04 159.74 774.89 187.43 1.90 1.76 4.40 10.13 1.00 51.78 -4.86 0.27
Car 0.00 0 -8.18 766.36 161.92 806.91 187.57 1.81 1.71 3.99 12.90 1.04 53.04 -7.94 0.26
Car 0.00 0 -8.07 1100.58 162.81 1138.25 183.07 1.53 1.60 3.96 39.79 0.77 56.47 -7.45 0.21
Pedestrian 0.00 0 -2.85 338.68 143.89 424.56 292.71 1.81 0.66 0.89 -2.93 1.46 9.13 -3.16 0.17
Pedestrian 0.00 0 -3.65 793.31 164.50 807.04 192.44 1.83 0.61 0.66 12.52 1.28 47.63 -3.39 0.16
Pedestrian 0.00 0 -3.99 1087.71 160.62 1101.34 187.40 1.84 0.50 0.61 33.46 1.00 49.87 -3.40 0.16
Car 0.00 0 -5.48 886.64 224.22 1241.00 374.00 1.48 1.62 3.67 2.66 1.82 2.96 -4.75 0.15
Car 0.00 0 -2.38 0.00 177.11 9.31 220.41 1.51 1.63 4.04 -24.49 1.67 26.14 -3.13 0.14
Car 0.00 0 -7.45 240.04 181.52 281.36 200.66 1.43 1.64 3.68 -27.83 2.15 57.54 -7.90 0.13
Car 0.00 0 -6.42 306.04 177.79 368.82 201.57 1.46 1.56 3.59 -17.55 1.78 46.38 -6.78 0.12
Pedestrian 0.00 0 -4.19 538.20 161.31 569.05 220.46 1.87 0.60 0.95 -1.87 1.51 23.42 -4.27 0.11
Car 0.00 0 -6.67 827.40 167.07 899.47 190.08 1.60 1.65 4.52 17.88 1.20 51.09 -6.33 0.11
Pedestrian 0.00 0 -2.80 634.34 165.60 643.91 191.65 1.90 0.65 0.52 2.11 1.37 53.01 -2.76 0.10
Car 0.00 0 -3.47 842.02 168.63 904.35 189.89 1.63 1.65 4.25 20.44 1.31 56.21 -3.12 0.10
