Car 0.00 0 -7.23 0.00 191.70 210.83 295.08 1.44 1.61 3.42 -8.40 1.56 11.94 -7.85 0.98
Car 0.00 0 -7.65 435.54 182.07 502.24 223.93 1.41 1.64 3.78 -5.01 1.31 26.17 -7.84 0.96
Car 0.00 0 -7.38 209.95 179.98 310.77 226.44 1.61 1.68 4.23 -12.98 1.43 27.08 -7.83 0.90
Car 0.00 0 -7.84 573.95 175.37 621.80 219.69 1.53 1.65 3.45 -0.38 1.19 26.50 -7.85 0.74
Car 0.00 0 -7.66 416.60 178.48 460.72 206.55 1.44 1.58 4.03 -9.10 1.09 38.83 -7.89 0.70
Car 0.00 0 -4.19 52.59 190.65 202.78 250.73 1.40 1.56 3.91 -12.58 1.56 19.08 -4.77 0.37
Car 0.00 0 -7.76 524.67 176.21 552.20 198.11 1.44 1.54 3.72 -4.71 0.85 49.03 -7.86 0.29
Car 0.00 0 -7.50 252.41 170.01 437.56 279.84 1.70 1.80 4.35 -4.65 1.47 13.33 -7.84 0.20
Car 0.00 0 -7.87 568.50 174.60 592.06 197.38 1.57 1.60 4.02 -2.02 0.84 51.52 -7.91 0.20
Car 0.00 0 -7.36 540.77 176.44 604.14 206.88 1.50 1.61 3.99 -1.81 1.07 37.57 -7.41 0.16
Pedestrian 0.00 0 -5.95 639.00 178.75 654.45 208.52 1.52 0.51 0.67 1.98 1.19 37.03 -5.90 0.14
Cyclist 0.00 0 -5.33 1027.67 153.88 1167.12 299.59 1.73 0.64 1.69 6.26 1.36 9.38 -4.74 0.11
Pedestrian 0.00 0 -6.03 748.32 168.94 786.23 244.86 1.70 0.54 0.74 3.62 1.34 16.49 -5.81 0.11
