Car 0.00 0 -4.61 271.00 187.63 403.14 292.23 1.42 1.70 4.09 -4.62 1.72 12.60 -4.96 0.95
Car 0.00 0 -3.65 626.10 174.86 724.02 206.86 1.51 1.66 4.66 3.23 1.62 36.04 -3.57 0.87
Car 0.00 0 -3.74 478.06 178.42 578.41 213.56 1.46 1.62 4.34 -3.67 1.72 32.55 -3.85 0.82
Car 0.00 0 -5.98 243.87 182.69 371.03 226.99 1.50 1.62 3.90 -10.80 1.87 25.87 -6.37 0.77
Pedestrian 0.00 0 -7.98 870.67 155.61 921.09 270.91 1.80 0.65 0.97 4.61 1.53 11.80 -7.60 0.68
Pedestrian 0.00 0 -8.06 535.23 174.38 555.42 225.88 1.64 0.55 0.52 -2.13 1.69 23.28 -8.15 0.47
Pedestrian 0.00 0 -8.18 1232.60 143.90 1241.00 252.54 1.77 0.57 0.82 11.07 1.30 12.27 -7.45 0.25
Pedestrian 0.00 0 -3.53 923.96 150.69 992.62 264.23 1.82 0.63 0.85 5.69 1.47 11.92 -3.09 0.17
Car 0.00 0 -5.19 833.89 173.77 885.04 198.60 1.46 1.48 3.59 15.27 1.52 44.44 -4.86 0.12
Car 0.00 0 -4.51 662.70 176.85 698.92 199.63 1.41 1.61 4.05 4.68 1.69 47.60 -4.41 0.12
Pedestrian 0.00 0 -3.29 898.21 150.33 954.41 257.49 1.87 0.59 0.84 5.62 1.47 12.96 -2.88 0.12
Car 0.00 0 -2.96 259.92 184.90 405.09 232.30 1.44 1.68 4.23 -9.07 1.86 23.77 -3.32 0.12
Pedestrian 0.00 0 -3.65 817.08 160.54 829.99 202.08 1.92 0.53 0.37 9.89 1.35 33.57 -3.36 0.11
Pedestrian 0.00 0 -4.86 1127.53 142.93 1212.61 317.68 1.76 0.62 0.72 5.91 1.46 7.72 -4.20 0.10
