Car 0.00 0 -7.26 995.01 182.99 1222.10 272.50 1.37 1.47 3.54 8.69 1.40 12.37 -6.65 0.92
Pedestrian 0.00 0 -1.93 138.12 203.80 294.34 373.00 1.72 0.60 0.83 -2.47 1.88 4.49 -2.43 0.80
Pedestrian 0.00 0 -8.23 1118.45 158.70 1151.28 211.46 1.81 0.75 0.60 18.56 1.03 25.03 -7.59 0.65
Pedestrian 0.00 0 -8.31 753.14 161.79 772.89 203.73 1.90 0.62 0.74 7.41 1.01 33.01 -8.09 0.52
Pedestrian 0.00 0 -8.26 1102.29 154.67 1131.75 200.68 1.80 0.67 0.85 20.53 0.75 28.64 -7.64 0.45
Car 0.00 0 -8.46 764.74 176.72 906.71 242.39 1.47 1.58 3.65 5.71 1.36 18.06 -8.15 0.34
Cyclist 0.00 0 -7.94 1136.31 153.99 1160.10 202.44 1.73 0.54 1.79 20.19 0.75 26.57 -7.29 0.24
Pedestrian 0.00 0 -1.94 0.00 189.54 8.24 248.99 1.75 0.71 0.78 -18.62 2.00 21.76 -2.65 0.23
Car 0.00 0 -4.07 1028.35 170.99 1170.68 226.25 1.47 1.54 3.48 14.06 1.19 20.35 -3.47 0.21
Pedestrian 0.00 0 -8.48 805.50 158.06 846.69 241.95 1.85 0.60 0.69 5.05 1.34 16.29 -8.18 0.17
Pedestrian 0.00 0 -3.87 1080.58 154.03 1105.87 198.44 1.83 0.56 0.66 20.44 0.70 29.88 -3.27 0.16
Cyclist 0.00 0 -8.68 969.68 159.25 1006.33 193.11 1.60 0.56 1.60 18.66 0.55 34.71 -8.19 0.15
Cyclist 0.00 0 -5.04 934.62 163.84 977.26 224.57 1.70 0.63 1.58 10.29 1.21 20.95 -4.59 0.15
Pedestrian 0.00 0 -7.94 835.22 157.36 850.75 197.06 1.89 0.65 0.78 11.63 0.74 34.62 -7.61 0.15
Pedestrian 0.00 0 -4.70 189.88 164.17 214.54 228.79 1.91 0.64 0.49 -12.03 1.40 21.59 -5.21 0.13
Pedestrian 0.00 0 -5.15 257.62 177.61 268.22 204.71 1.69 0.51 0.34 -21.24 1.45 45.09 -5.59 0.13
Pedestrian 0.00 0 -7.93 578.27 169.37 594.42 213.83 1.85 0.64 0.56 -0.65 1.35 30.26 -7.95 0.12
Pedestrian 0.00 0 -6.91 902.18 169.96 935.68 247.18 1.66 0.63 0.37 6.94 1.41 15.79 -6.49 0.12
Pedestrian 0.00 0 -4.81 939.11 160.27 971.41 234.25 1.76 0.62 0.85 8.64 1.26 17.62 -4.36 0.12
Car 0.00 0 -3.42 944.40 161.08 1006.20 183.14 1.70 1.74 3.98 29.36 0.13 56.46 -2.94 0.10
Pedestrian 0.00 0 -7.23 1000.01 157.41 1023.11 213.57 1.74 0.53 0.34 12.84 0.99 22.54 -6.72 0.10
