Car 0.00 0 -7.85 594.29 174.57 617.61 197.36 1.62 1.66 4.08 -0.33 1.75 53.54 -7.86 0.77
Car 0.00 0 -5.29 934.97 209.24 1241.00 374.00 1.50 1.53 3.23 2.67 1.74 3.13 -4.59 0.47
Car 0.00 0 -3.40 869.68 175.87 933.53 199.94 1.55 1.65 3.60 19.16 1.75 47.60 -3.02 0.40
Car 0.00 0 -7.26 1155.70 157.89 1241.00 248.60 1.78 1.71 3.85 14.00 1.49 15.46 -6.52 0.33
Car 0.00 0 -6.20 22.13 172.96 140.33 212.21 1.45 1.56 3.62 -20.65 1.46 28.30 -6.83 0.30
Car 0.00 0 -7.84 608.02 177.06 653.15 218.98 1.53 1.67 4.16 0.82 1.71 28.84 -7.81 0.17
Car 0.00 0 -4.70 940.80 174.63 973.36 204.74 1.62 1.60 3.94 19.81 1.73 41.23 -4.25 0.14
Pedestrian 0.00 0 -5.72 420.40 173.88 455.62 243.38 1.68 0.61 0.62 -4.29 1.70 17.80 -5.96 0.12
Cyclist 0.00 0 -5.30 1001.70 170.52 1039.00 210.30 1.79 0.59 1.82 18.88 1.68 33.30 -4.78 0.12
Pedestrian 0.00 0 -8.59 929.98 173.79 950.55 205.27 1.65 0.66 0.75 17.52 1.70 38.37 -8.16 0.11
Pedestrian 0.00 0 -5.26 549.26 207.87 667.42 374.00 1.50 0.49 0.53 -0.07 1.72 4.24 -5.27 0.10
