Car 0.00 0 -7.70 411.56 180.07 509.73 251.13 1.49 1.62 4.34 -3.42 1.38 17.22 -7.89 0.95
Car 0.00 0 -7.85 558.48 175.49 626.55 238.52 1.54 1.67 3.37 -0.46 1.31 19.32 -7.88 0.95
Car 0.00 0 -7.56 256.83 191.10 471.85 316.58 1.41 1.68 4.43 -3.28 1.52 10.52 -7.86 0.93
Car 0.00 0 -7.47 268.27 178.71 382.40 235.60 1.45 1.60 4.02 -7.90 1.29 20.39 -7.84 0.89
Car 0.00 0 -7.53 342.62 177.61 395.60 206.20 1.47 1.60 3.80 -12.87 1.08 38.88 -7.85 0.87
Car 0.00 0 -7.79 397.55 172.38 441.66 210.28 1.59 1.65 4.03 -8.44 1.06 32.37 -8.04 0.60
Car 0.00 0 -7.72 451.60 173.41 485.56 198.98 1.55 1.60 3.78 -8.78 0.83 45.46 -7.91 0.59
Car 0.00 0 -7.77 257.83 181.63 308.34 218.86 1.37 1.53 3.38 -12.74 1.24 28.27 -8.19 0.57
Car 0.00 0 -4.68 515.87 175.14 552.54 208.87 1.49 1.59 3.72 -3.43 1.05 33.64 -4.78 0.54
Car 0.00 0 -7.70 467.06 175.79 534.01 224.87 1.52 1.62 4.23 -3.57 1.23 24.34 -7.85 0.52
Car 0.00 0 -7.92 625.59 172.63 663.30 205.85 1.60 1.65 4.32 1.79 0.99 36.73 -7.87 0.17
Car 0.00 0 -5.41 1212.05 162.88 1240.00 375.00 1.55 1.57 3.69 6.25 1.45 5.04 -4.52 0.17
Car 0.00 0 -4.50 389.51 173.91 425.93 197.28 1.56 1.61 4.15 -13.93 0.81 50.18 -4.77 0.14
Car 0.00 0 -3.65 0.00 199.37 42.29 373.61 1.44 1.53 3.91 -9.19 1.65 8.37 -4.48 0.14
Pedestrian 0.00 0 -2.67 124.30 149.46 319.46 375.00 1.86 0.56 0.92 -2.43 1.65 4.50 -3.17 0.11
Car 0.00 0 -4.95 680.52 172.71 733.02 206.88 1.55 1.60 3.99 4.67 0.98 34.61 -4.82 0.11
Car 0.00 0 -4.50 371.45 177.89 404.65 200.27 1.64 1.62 3.94 -16.66 1.10 54.59 -4.80 0.10
