Cyclist 0.00 0 -7.57 425.69 175.13 441.04 202.14 1.66 0.47 1.74 -11.14 1.81 45.42 -7.81 0.18
Pedestrian 0.00 0 -5.87 548.31 172.50 557.61 193.68 1.90 0.63 0.64 -5.15 1.86 64.95 -5.95 0.18
Cyclist 0.00 0 -7.47 783.33 169.40 814.24 218.93 1.69 0.45 1.72 6.61 1.57 25.39 -7.22 0.18
Pedestrian 0.00 0 -5.83 769.82 166.78 790.46 208.44 1.81 0.77 0.61 7.45 1.54 31.77 -5.60 0.18
Car 0.00 0 -6.26 391.70 178.44 548.79 234.05 1.55 1.71 4.43 -4.17 1.73 21.57 -6.45 0.16
Pedestrian 0.00 0 -4.01 1127.17 135.49 1213.68 280.41 1.80 0.62 0.64 7.19 1.34 9.34 -3.36 0.16
Pedestrian 0.00 0 -2.88 516.53 212.78 656.43 374.00 1.57 0.50 0.73 -0.18 1.82 4.27 -2.92 0.15
Cyclist 0.00 0 -2.53 552.16 171.27 581.00 202.63 1.80 0.66 1.59 -2.57 1.71 42.14 -2.59 0.14
Pedestrian 0.00 0 -6.02 862.26 159.95 902.63 233.75 1.73 0.57 0.79 6.52 1.43 17.39 -5.66 0.12
Pedestrian 0.00 0 -8.31 395.92 170.38 416.17 212.72 1.75 0.61 0.61 -8.59 1.65 30.25 -8.59 0.11
Pedestrian 0.00 0 -4.69 311.36 197.05 332.59 253.84 1.23 0.44 0.48 -6.50 1.78 16.16 -5.08 0.11
Cyclist 0.00 0 -2.95 601.55 171.37 626.73 197.93 1.87 0.74 1.68 0.27 1.76 51.21 -2.95 0.11
Cyclist 0.00 0 -7.48 0.00 164.88 30.13 305.71 1.80 0.47 1.67 -8.81 1.70 10.10 -8.20 0.10
