Pedestrian 0.00 0 -2.85 878.40 185.04 919.51 290.93 1.41 0.51 0.40 3.97 1.59 10.03 -2.47 0.21
Pedestrian 0.00 0 -3.30 1233.74 171.97 1241.00 262.76 1.79 0.59 0.89 13.32 1.78 14.73 -2.57 0.21
Pedestrian 0.00 0 -3.73 1095.45 164.45 1157.78 256.51 1.85 0.60 0.85 10.54 1.68 14.80 -3.12 0.21
Cyclist 0.00 0 -2.48 0.00 177.51 22.80 219.97 1.68 0.71 1.71 -24.78 1.87 28.97 -3.19 0.15
Car 0.00 0 -4.20 207.42 189.26 310.89 235.68 1.43 1.53 4.03 -12.43 2.06 25.75 -4.65 0.14
Pedestrian 0.00 0 -3.95 992.79 161.15 1024.65 220.81 1.88 0.60 0.66 12.73 1.51 23.12 -3.44 0.13
Car 0.00 0 -5.67 466.68 182.37 526.12 205.63 1.59 1.60 4.06 -8.25 2.30 52.17 -5.82 0.13
Car 0.00 0 -7.72 278.98 186.45 305.16 204.78 1.48 1.59 3.80 -27.83 2.71 63.18 -8.13 0.13
Car 0.00 0 -7.73 477.69 182.39 510.97 208.30 1.50 1.61 3.77 -7.21 2.12 45.03 -7.89 0.12
Car 0.00 0 -4.22 386.92 181.25 422.19 198.30 1.49 1.53 3.84 -19.13 2.30 67.28 -4.50 0.11
Pedestrian 0.00 0 -5.09 264.22 179.09 273.25 201.99 1.78 0.52 0.42 -26.80 2.27 56.60 -5.54 0.10
Cyclist 0.00 0 -2.01 0.00 172.75 36.33 210.81 1.73 0.66 1.74 -27.54 1.73 33.50 -2.70 0.10
