Car 0.00 0 -4.55 540.56 171.25 598.78 212.17 1.52 1.70 4.10 -1.21 1.14 28.77 -4.60 0.92
Pedestrian 0.00 0 -4.33 235.00 164.71 350.64 366.68 1.82 0.74 0.92 -2.99 1.67 6.94 -4.74 0.87
Pedestrian 0.00 0 -8.29 786.32 171.17 890.81 352.69 1.66 0.64 0.93 2.26 1.57 7.08 -7.98 0.87
Pedestrian 0.00 0 -7.94 700.32 167.72 745.76 276.18 1.65 0.63 0.85 1.86 1.44 11.35 -7.78 0.79
Pedestrian 0.00 0 -5.24 713.56 169.78 780.78 296.79 1.65 0.59 0.76 1.92 1.50 9.76 -5.05 0.75
Pedestrian 0.00 0 -5.17 1058.41 140.69 1214.71 373.00 1.80 0.66 0.83 4.03 1.51 5.54 -4.54 0.74
Pedestrian 0.00 0 -8.29 1168.51 136.90 1237.00 373.00 1.76 0.64 1.00 4.65 1.48 5.18 -7.56 0.62
Pedestrian 0.00 0 -8.09 721.35 164.87 746.00 216.62 1.75 0.66 0.82 4.52 1.19 24.72 -7.91 0.57
Pedestrian 0.00 0 -4.80 116.56 171.65 201.72 353.33 1.71 0.66 0.84 -4.56 1.62 7.31 -5.36 0.52
Cyclist 0.00 0 -8.04 622.09 161.54 661.41 242.49 1.81 0.59 1.85 0.90 1.36 17.01 -7.98 0.51
Pedestrian 0.00 0 -5.09 683.70 162.44 707.89 211.58 1.81 0.62 0.88 3.51 1.11 26.93 -4.96 0.50
Pedestrian 0.00 0 -4.94 746.85 177.38 793.68 279.43 1.51 0.55 0.71 2.53 1.45 10.98 -4.72 0.48
Pedestrian 0.00 0 -6.12 203.20 163.47 262.43 256.60 1.82 0.60 0.98 -7.46 1.47 14.49 -6.59 0.47
Pedestrian 0.00 0 -8.43 735.99 158.72 784.29 249.41 1.81 0.72 0.67 3.22 1.35 14.75 -8.21 0.39
Pedestrian 0.00 0 -8.83 801.73 160.20 845.28 244.77 1.74 0.62 0.65 4.68 1.31 15.25 -8.54 0.37
Pedestrian 0.00 0 -8.30 985.87 151.83 1039.51 254.24 1.70 0.57 0.64 6.95 1.21 12.23 -7.79 0.37
Pedestrian 0.00 0 -8.18 666.27 163.52 690.10 211.64 1.77 0.66 0.79 2.84 1.11 26.84 -8.08 0.36
Pedestrian 0.00 0 -8.02 781.13 157.86 835.02 266.90 1.80 0.75 0.84 3.48 1.41 12.29 -7.75 0.34
Pedestrian 0.00 0 -8.44 777.19 176.95 844.44 319.93 1.58 0.50 0.60 2.37 1.53 8.31 -8.17 0.33
Pedestrian 0.00 0 -8.08 569.04 161.95 583.00 193.25 1.83 0.67 0.78 -1.50 0.69 42.49 -8.11 0.29
Pedestrian 0.00 0 -5.54 483.42 164.27 525.83 233.18 1.78 0.63 0.94 -2.60 1.34 19.07 -5.68 0.28
Pedestrian 0.00 0 -3.66 314.61 163.76 355.00 231.30 1.81 0.56 0.88 -7.36 1.34 19.76 -4.02 0.27
Pedestrian 0.00 0 -4.56 704.21 163.59 716.52 196.49 1.91 0.61 0.72 6.40 0.87 42.17 -4.41 0.24
Pedestrian 0.00 0 -5.37 344.86 157.26 429.16 296.98 1.81 0.70 0.90 -2.98 1.49 9.82 -5.67 0.21
Pedestrian 0.00 0 -5.54 999.20 154.11 1055.80 239.97 1.75 0.58 0.86 8.92 1.19 15.12 -5.00 0.20
Pedestrian 0.00 0 -4.59 662.99 161.54 676.44 196.60 1.87 0.67 0.50 3.68 0.81 38.70 -4.50 0.19
Pedestrian 0.00 0 -7.74 735.95 163.29 765.89 235.03 1.74 0.67 0.55 3.68 1.30 17.82 -7.54 0.19
Pedestrian 0.00 0 -4.34 0.00 176.91 27.48 255.10 1.72 0.63 0.80 -13.63 1.62 16.31 -5.04 0.16
Pedestrian 0.00 0 -4.38 0.00 169.82 54.12 266.71 1.77 0.62 0.83 -10.97 1.56 13.65 -5.05 0.16
Pedestrian 0.00 0 -3.83 710.86 160.24 728.94 195.89 1.89 0.65 0.70 6.34 0.76 38.49 -3.66 0.16
Pedestrian 0.00 0 -5.75 282.43 148.61 339.76 262.16 1.94 0.67 0.70 -5.15 1.38 12.65 -6.14 0.15
Pedestrian 0.00 0 -9.00 960.72 146.30 1012.38 244.35 1.79 0.58 0.68 7.23 1.15 13.57 -8.51 0.15
Car 0.00 0 -6.55 679.63 174.59 785.27 210.62 1.43 1.64 3.98 5.33 1.16 29.54 -6.38 0.15
Pedestrian 0.00 0 -4.41 478.52 165.56 492.03 195.39 1.86 0.62 0.84 -7.29 0.87 45.15 -4.57 0.14
Pedestrian 0.00 0 -7.62 654.94 168.02 667.29 197.93 1.73 0.59 0.64 3.50 0.95 42.06 -7.53 0.14
Car 0.00 0 -7.69 0.00 180.54 108.22 256.00 1.48 1.61 3.73 -12.32 1.46 16.10 -8.34 0.14
Car 0.00 0 -6.99 682.16 173.02 770.88 204.76 1.42 1.58 4.05 5.89 1.04 33.79 -6.81 0.14
Pedestrian 0.00 0 -3.86 696.57 162.75 712.06 191.86 1.87 0.58 0.81 6.68 0.67 46.61 -3.71 0.13
Pedestrian 0.00 0 -5.99 513.69 166.19 541.50 219.49 1.74 0.63 0.77 -2.48 1.24 23.88 -6.09 0.12
Pedestrian 0.00 0 -5.28 1117.14 128.51 1209.97 275.53 1.83 0.63 0.78 7.25 1.17 9.36 -4.62 0.11
