Pedestrian 0.00 0 -5.33 1166.00 152.65 1223.00 369.00 1.65 0.61 0.87 4.65 1.47 5.13 -4.59 0.90
Pedestrian 0.00 0 -5.32 1052.43 147.51 1223.00 369.00 1.68 0.62 0.88 3.75 1.46 5.09 -4.68 0.80
Pedestrian 0.00 0 -5.17 514.50 150.63 620.67 363.09 1.75 0.58 0.97 -0.41 1.51 6.39 -5.23 0.79
Pedestrian 0.00 0 -5.15 869.50 143.39 993.53 368.41 1.73 0.62 0.86 2.62 1.45 5.86 -4.73 0.72
Pedestrian 0.00 0 -4.78 685.00 134.87 728.26 242.76 1.84 0.70 0.86 1.75 1.07 12.54 -4.64 0.65
Pedestrian 0.00 0 -4.85 511.96 139.15 555.35 245.45 1.76 0.65 0.72 -1.28 1.08 12.14 -4.95 0.65
Pedestrian 0.00 0 -5.10 758.51 144.01 836.13 305.91 1.69 0.56 0.81 2.06 1.31 7.84 -4.84 0.61
Pedestrian 0.00 0 -4.89 704.89 142.47 768.36 297.20 1.72 0.59 0.79 1.47 1.30 8.23 -4.71 0.59
Pedestrian 0.00 0 -5.35 771.00 141.11 902.72 369.00 1.79 0.61 0.92 1.85 1.49 5.89 -5.04 0.54
Pedestrian 0.00 0 -5.22 575.05 137.81 678.18 323.21 1.78 0.72 0.90 0.16 1.37 7.35 -5.20 0.49
Pedestrian 0.00 0 -4.88 588.52 137.72 638.21 246.32 1.79 0.71 0.95 0.08 1.09 12.16 -4.87 0.40
Pedestrian 0.00 0 -4.75 656.86 140.83 678.23 200.74 1.84 0.64 0.85 1.93 0.62 22.20 -4.66 0.37
Pedestrian 0.00 0 -8.06 488.70 146.19 503.77 180.71 1.78 0.64 0.75 -5.71 0.01 37.01 -8.21 0.33
Pedestrian 0.00 0 -4.79 248.34 146.93 295.74 258.56 1.76 0.64 0.84 -5.54 1.23 11.64 -5.23 0.32
Cyclist 0.00 0 -4.53 811.91 144.49 847.77 217.28 1.75 0.58 1.62 5.65 0.88 17.83 -4.22 0.32
Car 0.00 0 -4.58 406.69 148.81 446.78 178.11 1.49 1.62 3.95 -9.60 -0.13 38.28 -4.83 0.27
Pedestrian 0.00 0 -3.64 495.82 148.40 508.72 182.02 1.71 0.53 0.46 -5.29 0.08 36.33 -3.78 0.27
Car 0.00 0 -4.41 0.00 35.90 229.32 369.00 1.75 1.80 4.59 -3.05 1.56 3.41 -5.14 0.26
Pedestrian 0.00 0 -7.69 293.06 144.48 320.19 206.97 1.75 0.60 0.77 -8.55 0.74 20.20 -8.09 0.25
Pedestrian 0.00 0 -4.36 236.47 142.44 269.68 204.42 1.77 0.64 0.79 -10.26 0.68 20.57 -4.83 0.24
Pedestrian 0.00 0 -8.03 299.41 149.79 346.04 248.91 1.69 0.65 0.77 -5.07 1.17 12.58 -8.41 0.24
Pedestrian 0.00 0 -8.12 443.00 147.06 458.43 179.22 1.76 0.70 0.61 -8.56 -0.07 39.17 -8.33 0.22
Car 0.00 0 -4.57 66.06 140.05 126.90 177.24 1.52 1.65 3.87 -22.50 -0.15 31.38 -5.19 0.20
Cyclist 0.00 0 -5.79 368.30 154.09 481.65 251.90 1.62 0.67 1.79 -3.15 1.18 12.22 -6.04 0.20
Pedestrian 0.00 0 -7.66 110.58 140.85 166.33 252.26 1.79 0.66 0.70 -7.84 1.16 11.83 -8.25 0.20
Car 0.00 0 -7.71 320.56 147.74 370.18 184.08 1.56 1.61 3.84 -11.84 0.16 32.37 -8.06 0.18
Car 0.00 0 -5.59 0.00 132.95 60.02 249.96 1.59 1.66 4.09 -10.99 0.94 10.63 -6.40 0.17
Pedestrian 0.00 0 -7.81 520.15 144.90 531.79 176.33 1.78 0.64 0.67 -4.53 -0.24 40.51 -7.92 0.17
Pedestrian 0.00 0 -7.64 95.81 142.97 127.79 199.03 1.70 0.69 0.62 -15.23 0.56 21.80 -8.25 0.16
Pedestrian 0.00 0 -7.71 355.95 144.99 372.15 182.88 1.84 0.64 0.84 -11.86 0.12 34.75 -8.04 0.16
Cyclist 0.00 0 -5.10 603.95 145.07 634.06 191.91 1.70 0.58 1.55 0.48 0.42 26.46 -5.08 0.15
Cyclist 0.00 0 -7.58 255.30 155.30 281.07 200.60 1.63 0.48 1.49 -12.52 0.73 26.26 -8.02 0.15
Car 0.00 0 -7.53 0.00 141.86 55.31 180.85 1.47 1.58 3.87 -24.01 0.01 28.72 -8.22 0.14
Pedestrian 0.00 0 -5.16 646.35 144.76 726.52 310.39 1.71 0.67 0.60 0.82 1.34 7.68 -5.05 0.14
Car 0.00 0 -2.21 0.00 159.91 70.90 208.11 1.54 1.66 4.03 -20.45 0.88 23.82 -2.92 0.14
Pedestrian 0.00 0 -3.69 380.20 156.39 415.34 223.51 1.55 0.63 0.55 -4.95 1.00 16.75 -3.98 0.14
Pedestrian 0.00 0 -1.98 173.45 147.80 206.84 211.05 1.72 0.61 0.61 -11.54 0.83 19.61 -2.51 0.13
Pedestrian 0.00 0 -7.79 550.22 139.29 568.73 185.85 1.88 0.71 0.77 -1.88 0.22 28.87 -7.85 0.13
Pedestrian 0.00 0 -4.70 505.26 143.00 517.28 175.75 1.84 0.67 0.65 -5.33 -0.27 40.15 -4.83 0.13
Car 0.00 0 -7.83 433.50 146.71 462.49 175.22 1.63 1.66 4.11 -9.61 -0.34 43.47 -8.05 0.13
Cyclist 0.00 0 -4.44 540.81 143.23 557.97 174.52 1.75 0.56 1.68 -3.20 -0.35 40.77 -4.52 0.13
Pedestrian 0.00 0 -7.51 579.40 148.86 600.01 188.08 1.62 0.69 0.65 -0.66 0.31 29.61 -7.54 0.13
Pedestrian 0.00 0 -5.71 253.40 142.69 266.88 181.51 1.82 0.54 0.34 -16.31 0.05 33.41 -6.17 0.12
Car 0.00 0 -2.24 79.20 150.79 261.57 215.54 1.45 1.62 4.10 -10.69 0.79 17.34 -2.79 0.12
Cyclist 0.00 0 -7.14 339.37 150.58 411.22 229.80 1.64 0.52 1.69 -5.04 1.02 15.49 -7.45 0.12
Car 0.00 0 -4.50 305.30 156.46 399.04 217.66 1.39 1.51 3.63 -6.35 0.85 18.00 -4.84 0.11
Car 0.00 0 -5.75 503.72 148.72 593.82 178.65 1.48 1.71 4.43 -2.96 -0.10 36.87 -5.83 0.11
Car 0.00 0 -4.38 360.78 145.44 401.10 169.36 1.62 1.63 3.88 -16.33 -0.84 51.73 -4.68 0.11
Pedestrian 0.00 0 -6.12 82.17 144.13 108.88 206.20 1.74 0.69 0.52 -14.65 0.72 20.29 -6.75 0.11
Pedestrian 0.00 0 -4.86 468.17 146.50 482.21 178.86 1.79 0.69 0.62 -7.27 -0.09 39.53 -5.04 0.11
Pedestrian 0.00 0 -7.74 370.48 146.44 384.86 179.39 1.78 0.67 0.69 -12.41 -0.06 38.57 -8.05 0.11
Cyclist 0.00 0 -4.41 2.42 144.88 49.49 210.04 1.72 0.56 1.59 -15.94 0.78 19.45 -5.10 0.11
Car 0.00 0 -7.55 558.78 146.93 604.93 173.77 1.44 1.61 3.89 -1.30 -0.41 41.16 -7.59 0.11
