Car 0.00 0 -4.24 0.00 200.04 391.68 374.00 1.43 1.68 4.41 -3.77 1.79 7.34 -4.72 0.96
Car 0.00 0 -4.47 446.91 179.09 530.92 232.61 1.47 1.66 4.00 -3.69 1.69 22.40 -4.64 0.94
Car 0.00 0 -7.92 643.10 172.93 708.87 233.86 1.55 1.58 3.79 1.72 1.55 20.27 -7.83 0.92
Pedestrian 0.00 0 -5.16 760.96 169.22 793.74 229.59 1.65 0.61 0.79 4.63 1.55 20.21 -4.93 0.20
Pedestrian 0.00 0 -4.85 712.14 160.36 733.34 215.25 1.93 0.63 0.92 3.98 1.49 25.81 -4.70 0.17
Car 0.00 0 -2.71 370.67 177.63 478.63 215.43 1.47 1.62 3.97 -7.60 1.68 29.56 -2.96 0.16
Pedestrian 0.00 0 -6.94 181.94 173.57 225.44 248.49 1.88 0.73 0.67 -10.52 1.90 18.60 -7.45 0.15
Car 0.00 0 -7.67 514.14 169.71 545.35 195.66 1.94 1.75 3.75 -6.20 1.70 55.83 -7.78 0.13
Pedestrian 0.00 0 -4.72 840.79 148.70 885.38 274.83 1.84 0.62 0.80 3.80 1.49 11.00 -4.39 0.12
Car 0.00 0 -4.68 518.59 174.94 547.79 201.56 1.44 1.55 3.73 -4.38 1.56 41.14 -4.79 0.12
Cyclist 0.00 0 -4.03 144.06 168.15 238.25 272.70 1.91 0.61 1.78 -8.20 1.83 14.14 -4.56 0.11
Pedestrian 0.00 0 -3.41 419.47 173.50 447.53 223.50 1.70 0.65 0.80 -6.18 1.73 25.06 -3.66 0.10
