Car 0.00 0 -5.24 1098.90 167.51 1180.09 199.04 1.52 1.60 3.90 26.93 1.27 36.90 -4.61 0.74
Car 0.00 0 -7.94 574.67 180.43 608.79 207.68 1.48 1.65 4.02 -1.15 1.95 42.44 -7.97 0.39
Car 0.00 0 -8.34 554.38 179.28 598.58 199.22 1.41 1.61 4.04 -2.59 1.91 54.40 -8.39 0.22
Car 0.00 0 -7.10 828.42 190.37 1182.49 331.39 1.47 1.57 4.16 5.00 1.73 9.27 -6.60 0.21
Car 0.00 0 -6.97 0.00 179.51 111.14 246.01 1.45 1.61 3.90 -15.01 1.63 18.19 -7.66 0.21
Pedestrian 0.00 0 -7.41 1115.53 158.51 1139.55 197.43 1.89 0.73 0.71 25.44 1.19 35.52 -6.79 0.20
Car 0.00 0 -7.93 397.12 175.84 432.99 204.67 1.49 1.61 3.55 -10.78 1.66 39.63 -8.20 0.18
Cyclist 0.00 0 -3.67 752.30 172.68 814.22 231.21 1.79 0.72 1.77 5.39 1.78 22.65 -3.43 0.17
Car 0.00 0 -8.17 846.43 162.37 884.52 191.09 2.36 1.78 4.46 21.73 1.50 61.61 -7.83 0.16
Cyclist 0.00 0 -6.16 144.54 178.37 205.43 226.72 1.63 0.75 1.75 -15.21 1.83 25.21 -6.71 0.14
Car 0.00 0 -6.88 1175.64 145.47 1241.00 184.06 1.58 1.63 3.83 26.56 0.46 30.59 -6.17 0.14
Pedestrian 0.00 0 -4.27 619.50 167.86 657.87 245.85 1.99 0.66 0.96 0.71 1.86 18.98 -4.23 0.13
Cyclist 0.00 0 -6.25 202.16 176.17 251.75 220.45 1.65 0.68 1.66 -14.71 1.78 27.68 -6.74 0.13
Car 0.00 0 -7.21 0.00 209.34 288.20 374.00 1.44 1.61 4.12 -5.27 1.93 7.68 -7.81 0.13
Car 0.00 0 -8.04 599.85 181.94 638.39 208.41 1.44 1.62 3.69 0.46 2.00 42.62 -8.03 0.12
Pedestrian 0.00 0 -4.51 927.98 165.70 973.77 258.60 1.84 0.69 0.91 6.98 1.70 14.87 -4.07 0.11
Car 0.00 0 -6.14 312.04 188.50 464.25 242.13 1.52 1.65 4.28 -6.75 2.02 22.19 -6.43 0.10
Car 0.00 0 -4.88 662.32 189.09 730.14 240.83 1.46 1.55 3.77 2.67 2.03 23.44 -4.77 0.10
