Car 0.00 0 -7.38 177.06 188.65 323.85 256.27 1.45 1.63 3.76 -8.54 1.54 17.46 -7.83 0.97
Car 0.00 0 -7.74 467.20 183.12 513.26 218.10 1.41 1.54 3.69 -5.01 1.32 30.81 -7.90 0.96
Car 0.00 0 -7.84 573.91 177.19 619.96 220.19 1.55 1.66 3.33 -0.43 1.26 27.60 -7.85 0.95
Car 0.00 0 -7.59 357.45 172.16 474.24 250.00 1.74 1.74 4.38 -4.73 1.45 18.22 -7.84 0.81
Car 0.00 0 -7.51 273.40 183.48 343.51 218.25 1.43 1.56 4.04 -13.11 1.36 31.63 -7.90 0.72
Car 0.00 0 -7.24 350.45 182.36 442.40 222.52 1.48 1.65 3.75 -8.34 1.38 28.57 -7.53 0.28
Car 0.00 0 -4.03 0.00 164.38 202.91 325.38 1.91 1.74 4.42 -8.27 1.66 10.76 -4.68 0.21
Car 0.00 0 -8.03 527.83 176.75 557.99 199.45 1.63 1.59 3.85 -4.90 1.02 53.73 -8.12 0.21
Cyclist 0.00 0 -2.54 125.91 176.20 201.59 238.13 1.80 0.74 1.81 -13.20 1.54 21.32 -3.10 0.18
Pedestrian 0.00 0 -4.65 41.19 146.77 169.35 375.00 1.90 0.67 0.94 -3.47 1.66 4.96 -5.26 0.14
Car 0.00 0 -3.97 0.00 192.99 10.36 354.50 1.57 1.54 4.05 -10.07 1.69 9.25 -4.80 0.13
Car 0.00 0 -7.41 555.61 176.41 600.46 199.62 1.63 1.70 4.04 -2.14 1.01 52.55 -7.45 0.12
Cyclist 0.00 0 -2.34 437.90 176.10 466.01 207.49 1.80 0.69 1.59 -9.10 1.27 41.83 -2.55 0.12
