Car 0.00 0 -8.27 773.60 199.73 1142.24 374.00 1.42 1.63 4.14 2.94 1.77 7.29 -7.88 0.97
Car 0.00 0 -7.99 654.40 177.03 719.77 230.34 1.78 1.78 4.52 2.71 1.95 26.70 -7.89 0.96
Car 0.00 0 -2.28 0.00 164.73 37.78 374.00 1.72 1.69 3.84 -6.79 1.67 5.19 -3.19 0.92
Car 0.00 0 -2.83 312.50 182.29 459.91 235.78 1.51 1.57 3.89 -6.61 1.80 21.42 -3.13 0.92
Car 0.00 0 -7.94 643.86 183.00 679.31 213.09 1.44 1.54 3.60 2.61 2.00 37.59 -7.87 0.78
Car 0.00 0 -6.15 414.03 175.21 520.66 217.00 1.87 1.77 4.65 -6.56 1.98 33.38 -6.34 0.69
Pedestrian 0.00 0 -7.47 0.00 162.49 76.37 297.94 1.80 0.68 0.91 -8.14 1.67 10.13 -8.14 0.67
Car 0.00 0 -7.97 631.48 180.95 660.98 204.99 1.55 1.58 3.88 2.43 2.13 49.73 -7.92 0.58
Car 0.00 0 -2.82 355.13 186.09 489.64 231.59 1.41 1.54 4.02 -6.18 1.87 23.81 -3.07 0.58
Car 0.00 0 -2.89 410.49 181.52 502.90 220.56 1.60 1.65 3.58 -6.56 1.99 30.92 -3.10 0.57
Car 0.00 0 -2.83 457.08 178.92 532.25 209.75 1.66 1.67 3.84 -6.48 2.01 40.47 -2.99 0.53
Car 0.00 0 -2.92 428.25 179.17 511.98 215.21 1.72 1.60 3.79 -6.89 2.04 35.53 -3.11 0.53
Car 0.00 0 -8.73 734.15 187.70 978.45 306.10 1.47 1.60 3.36 3.63 1.74 11.28 -8.42 0.52
Pedestrian 0.00 0 -4.63 208.07 165.94 234.43 229.25 1.89 0.67 0.45 -11.85 1.69 21.92 -5.13 0.45
Car 0.00 0 -5.67 380.20 183.44 494.16 227.42 1.48 1.56 3.84 -6.35 1.88 26.33 -5.91 0.44
Car 0.00 0 -2.84 216.09 185.18 445.39 259.26 1.47 1.61 4.33 -5.93 1.75 15.57 -3.21 0.43
Car 0.00 0 -2.48 20.57 173.89 332.28 304.63 1.66 1.61 3.53 -6.05 1.68 10.18 -3.02 0.42
Pedestrian 0.00 0 -4.04 1009.80 161.93 1085.61 287.56 1.92 0.71 0.77 6.91 1.75 11.50 -3.50 0.35
Pedestrian 0.00 0 -3.88 1068.67 146.10 1171.01 286.86 2.06 0.66 1.11 7.67 1.67 10.96 -3.27 0.32
Pedestrian 0.00 0 -7.84 229.93 169.60 251.52 222.37 1.83 0.67 0.67 -13.07 1.72 25.46 -8.32 0.26
Pedestrian 0.00 0 -7.26 1178.86 173.48 1203.72 210.70 1.77 0.66 0.68 27.88 1.80 34.66 -6.58 0.23
Cyclist 0.00 0 -3.51 1195.77 188.75 1241.00 249.31 1.65 0.80 1.81 18.02 2.12 20.69 -2.79 0.21
Car 0.00 0 -2.75 61.47 182.25 357.43 282.57 1.54 1.59 4.11 -6.67 1.72 12.28 -3.24 0.21
Car 0.00 0 -2.84 793.64 177.98 867.66 206.91 1.49 1.53 3.58 12.01 1.79 39.46 -2.54 0.19
Car 0.00 0 -8.04 621.86 178.70 650.81 200.41 1.73 1.68 4.30 2.16 2.24 60.83 -8.00 0.19
Car 0.00 0 -7.72 523.14 177.03 552.32 202.47 1.81 1.68 3.90 -5.40 2.14 54.08 -7.82 0.15
Car 0.00 0 -4.82 507.51 182.03 538.21 206.63 1.54 1.63 3.84 -5.95 2.18 48.71 -4.95 0.15
Cyclist 0.00 0 -8.05 1214.00 174.22 1232.14 208.13 1.71 0.40 1.66 31.65 1.78 37.31 -7.35 0.14
Car 0.00 0 -3.08 276.16 184.43 454.82 249.91 1.51 1.57 4.13 -6.14 1.82 18.34 -3.40 0.14
Cyclist 0.00 0 -4.60 816.81 182.46 834.17 225.19 1.62 0.48 1.65 8.52 2.02 28.63 -4.31 0.13
Car 0.00 0 -6.84 796.04 187.26 948.49 240.75 1.45 1.67 3.99 7.72 1.91 21.49 -6.50 0.12
Car 0.00 0 -2.85 438.44 178.61 526.21 211.64 1.67 1.72 4.22 -6.70 1.98 37.89 -3.03 0.12
