Car 0.00 0 -8.05 708.61 177.36 828.66 261.75 1.45 1.59 4.05 3.01 1.56 14.68 -7.84 0.96
Car 0.00 0 -7.53 322.54 183.59 434.84 251.11 1.54 1.62 4.05 -6.04 1.86 19.19 -7.83 0.96
Car 0.00 0 -4.06 0.00 202.47 225.55 374.00 1.50 1.58 3.67 -6.13 1.90 8.08 -4.71 0.95
Car 0.00 0 -4.00 1147.25 138.25 1241.00 312.84 1.57 1.70 4.45 8.28 1.26 7.38 -3.16 0.94
Car 0.00 0 -4.46 436.29 180.49 499.23 220.00 1.50 1.64 4.05 -5.92 1.84 30.28 -4.66 0.88
Car 0.00 0 -3.61 864.69 153.47 1096.07 228.42 1.65 1.67 4.50 8.39 1.22 16.69 -3.15 0.82
Car 0.00 0 -3.83 994.72 138.22 1241.00 269.67 1.74 1.70 4.30 8.13 1.29 10.50 -3.17 0.80
Car 0.00 0 -4.64 487.94 180.63 519.62 207.45 1.41 1.53 3.45 -5.99 1.87 40.73 -4.79 0.34
Car 0.00 0 -4.38 245.40 194.63 380.43 274.20 1.39 1.57 3.52 -6.20 1.90 15.35 -4.76 0.33
Car 0.00 0 -4.56 467.98 181.41 512.69 212.65 1.41 1.59 4.15 -5.93 1.87 35.90 -4.73 0.32
Car 0.00 0 -4.49 503.07 179.35 539.85 203.45 1.45 1.51 3.99 -5.70 1.89 46.57 -4.61 0.29
Car 0.00 0 -6.44 736.98 161.31 802.52 188.61 1.66 1.63 3.76 9.84 0.96 44.78 -6.23 0.28
Car 0.00 0 -2.70 682.80 169.46 758.53 197.93 1.64 1.67 4.18 6.58 1.44 43.31 -2.55 0.24
Pedestrian 0.00 0 -4.87 780.33 151.54 808.30 216.90 1.97 0.67 1.10 5.64 1.33 22.29 -4.62 0.16
Car 0.00 0 -8.05 940.24 148.15 983.51 176.65 1.72 1.66 4.27 22.20 0.23 45.73 -7.60 0.16
Car 0.00 0 -4.47 518.22 177.64 552.51 199.89 1.57 1.65 4.00 -5.57 1.95 54.02 -4.58 0.16
Car 0.00 0 -8.00 640.19 173.18 670.30 196.00 1.63 1.64 4.23 3.31 1.66 53.93 -7.94 0.13
Car 0.00 0 -4.74 780.84 163.93 809.00 192.88 1.58 1.47 3.58 10.49 1.09 41.22 -4.49 0.11
Pedestrian 0.00 0 -2.77 0.00 177.56 55.74 281.97 1.89 0.60 0.91 -11.11 1.98 13.52 -3.46 0.10
