Car 0.00 0 -4.00 0.00 225.46 267.93 374.00 1.47 1.51 3.64 -2.94 1.82 2.91 -4.79 0.73
Car 0.00 0 -5.02 1092.17 193.74 1144.95 219.95 1.50 1.61 4.12 32.97 2.92 46.93 -4.41 0.21
Pedestrian 0.00 0 -8.41 1171.31 168.11 1207.50 227.11 1.77 0.66 0.56 17.57 1.63 21.95 -7.73 0.21
Car 0.00 0 -7.12 365.50 182.11 440.30 209.80 1.44 1.67 4.28 -11.79 1.99 41.22 -7.40 0.21
Car 0.00 0 -4.34 123.80 195.52 297.01 290.47 1.37 1.48 3.77 -7.17 1.85 13.28 -4.83 0.19
Car 0.00 0 -4.69 742.51 181.37 765.71 206.36 1.81 1.66 4.11 11.16 2.49 55.83 -4.49 0.19
Pedestrian 0.00 0 -7.97 991.95 180.76 1009.54 220.28 1.82 0.66 0.63 18.23 2.19 33.74 -7.47 0.18
Pedestrian 0.00 0 -5.48 965.74 175.79 992.33 225.58 1.83 0.59 0.66 13.73 1.94 26.94 -5.01 0.16
Car 0.00 0 -4.10 341.26 177.69 380.06 194.67 1.55 1.63 3.82 -23.92 2.03 69.29 -4.44 0.16
Cyclist 0.00 0 -8.07 644.99 175.56 659.60 206.58 1.59 0.44 1.55 2.18 1.74 37.98 -8.01 0.15
Cyclist 0.00 0 -3.45 885.83 178.50 930.93 219.28 1.84 0.68 1.79 13.62 2.10 33.06 -3.06 0.14
Cyclist 0.00 0 -7.79 789.01 180.21 797.05 209.66 1.64 0.35 1.55 10.46 2.07 41.34 -7.55 0.14
Pedestrian 0.00 0 -6.27 1053.55 176.90 1075.13 227.68 1.97 0.75 0.72 17.96 2.13 28.58 -5.71 0.13
Pedestrian 0.00 0 -3.20 912.35 176.38 931.49 221.18 1.79 0.63 0.68 12.63 1.94 29.31 -2.79 0.12
Pedestrian 0.00 0 -7.20 1141.22 162.75 1176.84 221.92 1.82 0.67 0.58 17.10 1.51 22.54 -6.55 0.11
