Pedestrian 0.00 0 -5.28 727.57 172.79 750.13 213.84 1.87 0.69 0.84 5.93 1.87 33.43 -5.10 0.65
Pedestrian 0.00 0 -4.77 898.23 164.80 923.96 227.52 1.88 0.68 0.91 9.19 1.64 22.16 -4.38 0.59
Car 0.00 0 -2.86 138.03 181.28 241.56 213.12 1.51 1.60 4.20 -20.98 1.94 36.12 -3.38 0.34
Pedestrian 0.00 0 -3.05 672.48 174.22 685.42 197.90 1.88 0.52 0.99 5.48 1.99 57.58 -2.96 0.33
Car 0.00 0 -7.09 963.03 181.01 1186.27 257.41 1.53 1.66 4.32 10.25 1.73 16.07 -6.52 0.22
Car 0.00 0 -7.79 539.06 179.90 575.24 211.49 1.52 1.63 3.62 -2.72 1.90 37.29 -7.86 0.21
Car 0.00 0 -2.85 448.87 182.93 519.91 208.06 1.44 1.57 3.90 -7.52 2.06 43.13 -3.02 0.21
Pedestrian 0.00 0 -8.08 752.72 173.84 765.73 203.74 1.83 0.65 0.71 9.19 1.89 44.60 -7.87 0.16
Pedestrian 0.00 0 -6.04 701.43 173.03 715.52 200.48 1.91 0.63 0.85 6.88 1.92 50.63 -5.91 0.14
Pedestrian 0.00 0 -4.38 798.64 170.33 819.02 209.99 1.81 0.66 0.88 9.18 1.69 33.44 -4.12 0.13
Pedestrian 0.00 0 -6.67 712.90 170.30 724.81 192.80 1.91 0.47 0.90 9.28 1.70 61.69 -6.52 0.13
Car 0.00 0 -6.11 41.21 180.73 173.21 217.85 1.45 1.61 4.38 -21.18 1.80 30.55 -6.72 0.13
Cyclist 0.00 0 -4.42 556.19 176.62 580.06 220.77 1.76 0.59 1.48 -1.76 1.92 29.73 -4.48 0.10
Cyclist 0.00 0 -7.88 1062.52 170.47 1075.88 211.07 1.79 0.47 1.76 20.79 1.69 32.75 -7.31 0.10
