Car 0.00 0 -7.76 393.50 161.38 467.33 222.84 1.52 1.61 3.64 -4.86 1.24 19.74 -8.00 0.94
Car 0.00 0 -7.80 440.85 155.00 487.43 195.74 1.52 1.63 4.14 -5.84 0.85 29.04 -8.00 0.55
Pedestrian 0.00 0 -3.58 843.51 149.21 885.98 224.54 1.65 0.55 0.73 5.65 1.14 16.15 -3.24 0.35
Pedestrian 0.00 0 -5.16 999.84 131.82 1065.35 249.98 1.79 0.58 0.84 6.59 1.17 11.38 -4.64 0.30
Pedestrian 0.00 0 -5.43 1121.32 141.17 1188.82 240.44 1.62 0.61 0.68 9.13 1.11 12.17 -4.78 0.19
Pedestrian 0.00 0 -3.43 1087.13 151.44 1206.66 341.65 1.53 0.34 0.74 4.46 1.36 6.10 -2.80 0.17
Pedestrian 0.00 0 -4.86 1098.57 135.93 1147.45 240.21 1.67 0.58 0.61 8.45 1.08 11.97 -4.24 0.16
Pedestrian 0.00 0 -6.48 967.73 140.39 1009.63 232.08 1.72 0.49 0.63 7.22 1.11 13.87 -6.00 0.14
Cyclist 0.00 0 -8.66 922.34 144.79 1022.27 243.59 1.62 0.50 1.70 6.28 1.16 12.72 -8.20 0.14
Car 0.00 0 -4.56 565.96 149.25 596.34 171.80 1.61 1.66 4.08 -2.14 -0.08 53.82 -4.60 0.14
Car 0.00 0 -5.23 624.18 155.38 770.96 225.98 1.56 1.71 4.37 2.00 1.17 18.25 -5.12 0.12
Cyclist 0.00 0 -8.27 589.39 151.18 607.30 179.07 1.72 0.48 1.69 -0.77 0.38 45.41 -8.29 0.12
Car 0.00 0 -8.07 367.97 148.22 421.40 181.49 1.50 1.63 4.07 -10.44 0.39 34.69 -8.36 0.11
Pedestrian 0.00 0 -5.63 1066.08 134.37 1132.86 244.13 1.71 0.58 0.68 7.84 1.11 11.64 -5.04 0.11
Pedestrian 0.00 0 -4.71 891.97 144.17 921.26 220.90 1.67 0.60 0.68 6.60 1.05 16.17 -4.33 0.11
Pedestrian 0.00 0 -5.44 756.29 148.73 801.83 237.03 1.73 0.56 0.72 3.36 1.26 14.59 -5.21 0.10
Car 0.00 0 -8.39 513.95 150.27 560.70 172.51 1.64 1.69 4.12 -5.64 -0.03 55.35 -8.49 0.10
