Car 0.00 0 -3.98 0.00 201.63 114.10 361.15 1.42 1.66 4.23 -8.71 1.87 9.31 -4.73 0.96
Car 0.00 0 -4.49 374.63 179.04 432.28 216.11 1.57 1.69 4.15 -9.49 1.87 33.31 -4.77 0.89
Car 0.00 0 -7.88 589.11 175.30 616.30 200.16 1.54 1.65 4.29 -0.55 1.70 47.15 -7.89 0.78
Car 0.00 0 -7.84 550.65 176.67 571.32 195.97 1.46 1.57 3.81 -3.89 1.77 57.27 -7.90 0.58
Car 0.00 0 -4.61 459.31 175.48 485.29 196.24 1.59 1.63 3.94 -10.99 1.80 57.65 -4.79 0.53
Cyclist 0.00 0 -6.65 1121.59 136.61 1193.82 194.35 1.81 0.69 1.71 17.48 0.67 23.13 -6.00 0.27
Car 0.00 0 -4.48 388.14 178.32 457.28 224.47 1.63 1.67 4.13 -7.21 1.85 28.00 -4.73 0.21
Car 0.00 0 -4.76 459.70 178.54 493.34 208.94 1.50 1.57 3.78 -7.18 1.82 38.43 -4.95 0.18
Pedestrian 0.00 0 -8.05 1115.91 133.38 1150.60 203.04 1.92 0.70 0.54 14.66 0.83 20.30 -7.42 0.16
Pedestrian 0.00 0 -3.53 812.63 153.79 876.19 263.66 1.77 0.59 0.84 3.81 1.46 11.93 -3.22 0.14
Car 0.00 0 -4.50 420.07 180.43 474.26 215.85 1.49 1.62 3.97 -7.47 1.86 33.26 -4.72 0.12
Pedestrian 0.00 0 -7.10 944.56 148.51 963.36 178.87 1.73 0.63 0.76 19.81 0.34 41.63 -6.65 0.12
