Cyclist 0.00 0 -8.10 690.30 167.16 711.27 209.22 1.88 0.53 1.82 4.13 1.63 33.21 -7.97 0.73
Car 0.00 0 -6.74 940.24 196.93 1009.62 220.12 1.54 1.57 4.06 25.50 3.26 50.55 -6.27 0.69
Pedestrian 0.00 0 -4.97 803.18 159.41 835.54 230.08 1.90 0.64 0.90 5.70 1.54 19.83 -4.69 0.63
Cyclist 0.00 0 -3.23 1059.50 145.50 1206.18 264.46 1.78 0.57 1.85 8.20 1.37 11.49 -2.61 0.34
Cyclist 0.00 0 -8.02 675.92 171.49 687.89 198.76 1.78 0.52 1.71 4.75 1.70 48.07 -7.92 0.34
Pedestrian 0.00 0 -4.57 771.23 167.78 787.15 205.78 1.83 0.65 0.84 8.24 1.59 35.29 -4.34 0.31
Pedestrian 0.00 0 -3.75 745.44 164.47 762.10 193.68 1.89 0.57 0.90 9.33 1.34 47.00 -3.55 0.17
Pedestrian 0.00 0 -3.86 851.24 155.74 917.91 264.11 1.82 0.60 0.92 4.73 1.53 12.57 -3.50 0.15
Cyclist 0.00 0 -6.51 195.01 176.42 218.95 198.43 1.82 0.66 1.66 -33.99 2.13 60.82 -7.02 0.14
Car 0.00 0 -4.77 93.89 181.37 121.00 201.80 1.55 1.58 4.01 -40.80 2.26 58.51 -5.38 0.14
Pedestrian 0.00 0 -6.50 728.83 167.94 741.29 191.32 1.91 0.47 0.93 10.22 1.51 59.09 -6.33 0.12
