Pedestrian 0.00 0 -5.68 214.27 190.40 330.58 362.83 1.63 0.55 0.90 -3.32 1.72 7.17 -6.12 0.66
Pedestrian 0.00 0 -7.05 907.07 139.70 1137.11 373.00 1.80 0.67 0.98 2.39 1.59 4.22 -6.53 0.54
Pedestrian 0.00 0 -7.45 1140.79 160.18 1237.00 358.66 1.57 0.60 0.67 5.05 1.41 6.11 -6.76 0.36
Car 0.00 0 -8.11 1099.36 161.27 1201.24 215.43 1.49 1.61 3.35 16.32 0.93 21.57 -7.47 0.35
Pedestrian 0.00 0 -7.24 1031.53 157.08 1145.29 320.77 1.65 0.64 0.84 5.15 1.40 7.68 -6.65 0.34
Pedestrian 0.00 0 -5.81 1025.28 169.46 1050.86 220.71 1.45 0.42 0.49 12.52 1.11 20.65 -5.26 0.30
Car 0.00 0 -5.94 0.00 189.93 61.05 234.43 1.51 1.61 4.24 -22.76 1.84 26.47 -6.65 0.26
Pedestrian 0.00 0 -5.47 1068.56 147.16 1198.00 339.70 1.73 0.63 0.79 5.02 1.42 6.89 -4.84 0.24
Pedestrian 0.00 0 -6.43 915.29 130.25 1067.27 373.00 1.84 0.68 0.98 3.05 1.46 5.80 -5.95 0.19
Cyclist 0.00 0 -4.89 936.32 160.29 973.42 222.97 1.69 0.64 1.71 9.93 1.12 20.28 -4.44 0.18
Pedestrian 0.00 0 -3.53 807.06 164.33 835.57 219.94 1.65 0.63 0.63 6.58 1.14 21.62 -3.24 0.17
Pedestrian 0.00 0 -4.96 881.44 152.58 910.35 215.17 1.86 0.62 0.84 8.90 1.00 21.80 -4.57 0.16
Car 0.00 0 -7.71 45.90 186.91 142.53 253.33 1.56 1.60 3.81 -13.52 1.73 19.30 -8.33 0.15
Car 0.00 0 -8.56 993.23 149.05 1094.73 190.84 1.64 1.70 3.56 18.36 0.37 30.02 -8.01 0.15
Car 0.00 0 -8.34 1099.54 165.05 1237.00 287.49 1.49 1.57 3.75 9.17 1.29 10.76 -7.64 0.15
Pedestrian 0.00 0 -7.24 0.00 171.31 17.54 235.32 2.01 0.62 0.88 -19.36 1.69 22.98 -7.94 0.14
Car 0.00 0 -3.48 548.05 169.18 672.72 222.63 1.60 1.69 3.62 0.24 1.23 22.89 -3.47 0.14
Pedestrian 0.00 0 -6.59 923.24 153.65 987.65 288.38 1.76 0.65 0.62 4.74 1.40 9.74 -6.13 0.13
Pedestrian 0.00 0 -3.46 944.38 133.21 1013.65 264.91 1.96 0.68 0.77 5.76 1.24 11.08 -2.98 0.12
Cyclist 0.00 0 -2.08 0.00 165.58 63.72 373.00 1.77 0.58 1.83 -2.92 1.72 2.43 -2.96 0.12
Car 0.00 0 -5.88 1153.92 155.42 1237.00 233.63 1.48 1.57 4.14 14.92 0.99 15.85 -5.12 0.11
Car 0.00 0 -7.25 985.28 162.89 1090.93 207.04 1.44 1.53 3.24 15.02 0.83 24.74 -6.70 0.11
Car 0.00 0 -5.91 0.00 181.51 83.83 215.79 1.55 1.69 4.02 -27.18 1.56 33.98 -6.59 0.10
