Car 0.00 0 -8.10 616.33 198.29 702.31 259.09 1.40 1.55 3.40 1.22 2.17 19.93 -8.04 0.95
Car 0.00 0 -8.48 815.48 193.22 1241.00 374.00 1.57 1.65 3.51 2.91 1.77 5.17 -7.97 0.87
Car 0.00 0 -7.23 752.41 188.23 832.04 223.66 1.51 1.63 4.05 8.69 2.29 34.42 -6.99 0.82
Car 0.00 0 -7.12 683.79 190.00 773.13 229.12 1.51 1.63 3.92 5.15 2.31 31.41 -6.96 0.79
Car 0.00 0 -6.93 552.21 192.48 633.35 226.76 1.49 1.62 3.75 -0.85 2.50 35.25 -6.96 0.79
Car 0.00 0 -7.18 818.94 187.20 884.12 218.65 1.49 1.48 3.25 12.39 2.26 37.08 -6.86 0.72
Car 0.00 0 -2.05 118.16 190.87 194.18 227.72 1.52 1.49 3.48 -20.70 2.38 32.82 -2.61 0.54
Car 0.00 0 -7.84 978.87 180.87 1022.29 216.90 1.51 1.68 4.14 18.09 1.91 33.47 -7.35 0.34
Car 0.00 0 -7.39 860.46 186.71 917.70 217.15 1.54 1.57 3.46 15.41 2.34 39.87 -7.02 0.33
Car 0.00 0 -4.27 955.58 183.68 1009.23 209.78 1.56 1.65 3.70 23.91 2.28 46.35 -3.80 0.31
Car 0.00 0 -4.60 996.61 183.03 1028.85 206.50 1.51 1.55 3.49 27.77 2.23 49.77 -4.09 0.30
Cyclist 0.00 0 -7.76 403.75 188.88 419.30 228.85 1.74 0.53 1.74 -9.13 2.50 33.08 -8.03 0.30
Car 0.00 0 -6.61 703.17 187.59 773.24 213.81 1.48 1.59 3.82 7.60 2.39 43.11 -6.43 0.30
Pedestrian 0.00 0 -5.60 351.34 196.28 371.73 234.43 1.59 0.55 0.62 -10.70 2.61 30.97 -5.93 0.28
Car 0.00 0 -4.72 987.86 181.32 1020.78 210.50 1.58 1.64 4.38 23.33 2.11 42.81 -4.22 0.27
Cyclist 0.00 0 -5.20 460.67 191.48 484.94 223.85 1.66 0.51 1.77 -7.43 2.68 38.83 -5.39 0.25
Cyclist 0.00 0 -4.92 347.79 187.05 365.03 221.21 1.76 0.51 1.84 -13.72 2.55 38.90 -5.26 0.24
Pedestrian 0.00 0 -5.00 910.92 200.70 936.61 260.62 1.28 0.42 0.39 6.85 1.91 15.88 -4.59 0.23
Pedestrian 0.00 0 -4.08 385.34 187.83 406.39 229.44 1.85 0.67 0.64 -9.79 2.55 32.88 -4.37 0.21
Car 0.00 0 -4.21 658.84 190.07 718.07 220.27 1.48 1.58 3.82 4.32 2.47 39.64 -4.10 0.19
Pedestrian 0.00 0 -4.45 317.47 184.12 339.02 226.26 1.90 0.73 0.82 -12.99 2.42 33.19 -4.82 0.18
Pedestrian 0.00 0 -5.33 175.30 197.37 198.04 241.79 1.71 0.60 0.51 -16.84 2.70 28.63 -5.86 0.18
Cyclist 0.00 0 -7.07 55.63 188.72 147.64 286.48 1.79 0.48 1.63 -10.08 2.12 14.30 -7.68 0.16
Pedestrian 0.00 0 -5.51 542.04 182.10 562.50 220.96 1.96 0.71 0.77 -3.00 2.44 37.10 -5.59 0.15
Pedestrian 0.00 0 -3.05 827.42 177.35 841.40 203.73 1.82 0.57 0.88 15.65 2.14 50.41 -2.75 0.15
Car 0.00 0 -4.98 287.03 193.64 340.22 226.47 1.56 1.65 4.11 -16.17 2.75 39.19 -5.37 0.14
Car 0.00 0 -4.20 229.58 193.36 287.03 220.68 1.57 1.62 3.91 -22.59 2.95 46.44 -4.65 0.13
Car 0.00 0 -8.37 903.60 190.40 1070.72 274.40 1.49 1.61 3.47 7.77 1.91 15.33 -7.90 0.12
Pedestrian 0.00 0 -4.27 179.96 178.87 205.99 223.88 2.05 0.71 0.96 -19.43 2.34 33.56 -4.80 0.10
