Car 0.00 0 -7.00 0.00 188.47 13.58 375.00 1.52 1.54 3.17 -7.80 1.56 6.84 -7.85 0.94
Car 0.00 0 -7.86 573.75 175.02 619.56 217.85 1.52 1.63 3.38 -0.46 1.16 27.23 -7.87 0.91
Car 0.00 0 -7.58 318.89 189.01 471.29 279.53 1.40 1.62 4.07 -3.77 1.48 13.30 -7.85 0.81
Car 0.00 0 -7.69 422.67 176.61 453.58 199.14 1.66 1.70 3.92 -12.92 1.03 54.87 -7.93 0.61
Car 0.00 0 -4.78 524.73 174.27 551.59 198.16 1.53 1.52 3.87 -4.70 0.83 47.94 -4.88 0.31
Pedestrian 0.00 0 -7.90 663.28 174.14 689.02 227.09 1.63 0.77 0.71 2.09 1.29 22.44 -7.80 0.28
Pedestrian 0.00 0 -4.34 349.36 179.09 372.44 228.76 1.53 0.53 0.53 -7.75 1.34 22.45 -4.68 0.23
Pedestrian 0.00 0 -7.03 1163.43 181.86 1240.00 375.00 1.59 0.63 0.78 4.61 1.56 5.22 -6.31 0.21
Pedestrian 0.00 0 -7.57 976.74 167.87 1062.72 332.96 1.65 0.59 0.85 4.36 1.48 7.70 -7.05 0.19
Car 0.00 0 -4.63 422.62 177.67 455.47 204.55 1.49 1.57 3.75 -9.78 1.07 41.74 -4.86 0.18
Pedestrian 0.00 0 -3.84 1062.19 160.04 1204.41 360.42 1.70 0.64 0.81 4.64 1.49 6.46 -3.22 0.15
Pedestrian 0.00 0 -3.97 113.51 143.85 277.61 375.00 1.84 0.64 0.85 -3.04 1.57 5.26 -4.49 0.13
Pedestrian 0.00 0 -5.90 613.65 173.91 626.93 198.28 1.69 0.52 0.79 0.86 0.91 50.38 -5.88 0.11
