Car 0.00 0 -4.22 0.00 199.52 330.75 374.00 1.52 1.67 3.95 -4.49 1.87 7.52 -4.76 0.97
Car 0.00 0 -8.07 699.58 180.30 816.42 264.09 1.53 1.62 3.90 2.97 1.71 15.47 -7.88 0.97
Car 0.00 0 -8.27 791.44 177.72 1167.65 374.00 1.57 1.65 3.71 2.96 1.63 6.83 -7.86 0.97
Car 0.00 0 -4.42 278.03 181.66 428.32 293.71 1.67 1.53 3.65 -4.45 1.85 12.91 -4.76 0.93
Car 0.00 0 -4.48 387.31 180.52 489.23 254.42 1.63 1.62 4.06 -4.27 1.85 18.35 -4.71 0.90
Car 0.00 0 -8.03 677.44 179.23 757.87 238.30 1.57 1.66 4.11 3.08 1.78 21.68 -7.89 0.81
Car 0.00 0 -7.99 626.58 180.22 654.09 202.50 1.48 1.49 3.41 2.08 2.02 50.88 -7.95 0.54
Car 0.00 0 -7.83 522.08 181.31 545.64 203.75 1.55 1.65 4.02 -5.65 2.21 53.61 -7.93 0.40
Pedestrian 0.00 0 -3.50 1007.72 129.47 1123.31 296.92 1.93 0.66 1.01 5.43 1.43 8.73 -2.94 0.36
Car 0.00 0 -4.79 646.69 179.94 683.32 213.35 1.56 1.56 3.73 2.69 1.94 36.34 -4.71 0.33
Pedestrian 0.00 0 -3.78 1050.39 155.95 1114.40 287.53 1.63 0.55 0.44 5.99 1.42 9.25 -3.21 0.19
Car 0.00 0 -4.73 640.00 180.45 668.20 208.91 1.54 1.55 4.02 2.50 2.00 42.10 -4.67 0.16
Pedestrian 0.00 0 -7.68 449.43 179.78 462.07 209.19 1.89 0.70 0.66 -10.06 2.35 46.94 -7.89 0.13
Car 0.00 0 -8.16 604.37 179.96 637.02 201.03 1.59 1.59 3.64 0.80 2.17 57.62 -8.14 0.11
