Car 0.00 0 -8.17 748.10 185.07 1002.85 343.94 1.45 1.61 4.25 2.90 1.64 9.05 -7.86 0.93
Cyclist 0.00 0 -7.89 526.28 179.10 539.04 221.22 1.70 0.46 1.70 -3.29 1.97 30.27 -8.00 0.38
Car 0.00 0 -8.66 1116.33 185.25 1241.00 328.71 1.41 1.55 3.67 8.62 1.61 9.32 -7.91 0.35
Pedestrian 0.00 0 -5.15 1127.84 146.35 1241.00 343.84 1.78 0.72 0.89 5.61 1.54 7.02 -4.48 0.26
Cyclist 0.00 0 -2.87 539.53 179.51 575.97 217.87 1.73 0.66 1.55 -2.44 2.04 33.15 -2.95 0.21
Cyclist 0.00 0 -2.82 682.61 177.15 713.70 208.46 1.79 0.62 1.69 5.11 2.05 42.08 -2.70 0.21
Pedestrian 0.00 0 -4.04 1042.70 132.09 1204.10 374.00 1.89 0.64 0.91 4.09 1.58 5.85 -3.43 0.18
Cyclist 0.00 0 -8.27 1093.32 163.29 1176.30 272.61 1.74 0.50 1.70 8.89 1.59 12.37 -7.64 0.15
Pedestrian 0.00 0 -4.21 724.03 164.18 753.12 220.37 1.92 0.67 0.86 4.45 1.62 25.19 -4.04 0.14
Pedestrian 0.00 0 -6.28 412.01 172.96 458.24 276.71 1.75 0.61 0.76 -3.10 1.75 12.57 -6.52 0.13
Pedestrian 0.00 0 -3.52 700.41 170.82 712.30 208.76 1.85 0.56 0.40 4.69 1.75 35.41 -3.38 0.10
