Car 0.00 0 -7.12 0.00 207.08 305.80 369.00 1.53 1.61 3.92 -3.15 1.73 3.44 -7.86 0.95
Car 0.00 0 -6.00 635.55 170.65 773.22 215.74 1.37 1.58 4.17 3.20 1.07 23.07 -5.86 0.95
Pedestrian 0.00 0 -3.90 1175.43 133.04 1223.00 249.70 1.87 0.60 0.92 10.08 1.11 11.68 -3.19 0.73
Pedestrian 0.00 0 -7.73 275.70 179.67 313.90 255.63 1.51 0.64 0.63 -6.37 1.50 14.44 -8.14 0.40
Pedestrian 0.00 0 -3.34 789.03 162.20 806.81 195.91 1.78 0.59 0.81 10.27 0.82 37.70 -3.07 0.31
Cyclist 0.00 0 -8.32 876.79 158.08 906.44 196.15 1.75 0.51 1.86 13.55 0.72 33.50 -7.94 0.30
Pedestrian 0.00 0 -5.39 986.66 151.67 1025.86 221.22 1.76 0.63 0.62 10.34 1.03 18.28 -4.87 0.28
Pedestrian 0.00 0 -3.62 771.88 160.09 792.11 192.61 1.85 0.58 0.97 10.15 0.69 40.57 -3.37 0.19
Cyclist 0.00 0 -7.93 806.19 163.35 819.12 197.15 1.70 0.50 1.70 10.66 0.84 36.35 -7.65 0.14
Pedestrian 0.00 0 -6.04 511.35 167.02 518.76 188.02 1.80 0.55 0.52 -7.74 0.65 61.01 -6.16 0.14
Pedestrian 0.00 0 -7.96 987.18 149.06 1005.08 189.59 1.92 0.70 0.46 18.65 0.43 33.75 -7.45 0.13
Pedestrian 0.00 0 -3.93 910.90 159.72 921.70 192.74 1.76 0.48 0.26 16.68 0.65 37.92 -3.51 0.11
Pedestrian 0.00 0 -6.79 724.75 164.62 736.62 187.43 1.79 0.55 0.75 9.96 0.55 55.94 -6.61 0.11
Pedestrian 0.00 0 -8.98 876.08 155.94 890.15 196.81 1.90 0.58 0.40 13.03 0.76 33.17 -8.60 0.10
