Car 0.00 0 -7.29 0.00 201.01 332.73 375.00 1.46 1.54 3.45 -3.84 1.64 6.13 -7.85 0.95
Car 0.00 0 -7.20 0.00 192.42 172.73 315.17 1.47 1.64 3.83 -8.52 1.60 10.76 -7.87 0.95
Car 0.00 0 -7.89 571.27 178.14 607.47 211.74 1.54 1.62 3.94 -0.98 1.22 35.02 -7.92 0.84
Car 0.00 0 -7.54 336.86 182.20 418.18 228.34 1.57 1.68 4.05 -8.40 1.47 26.47 -7.85 0.81
Car 0.00 0 -7.22 0.00 189.26 162.85 258.68 1.46 1.52 3.55 -12.48 1.57 17.09 -7.85 0.71
Car 0.00 0 -4.77 393.68 173.92 419.51 197.79 1.55 1.49 3.45 -13.61 0.82 48.48 -5.04 0.52
Car 0.00 0 -7.29 200.24 187.59 308.24 233.78 1.49 1.63 3.82 -12.40 1.58 25.41 -7.74 0.43
Pedestrian 0.00 0 -7.97 408.03 184.37 426.01 219.65 1.53 0.69 0.66 -8.41 1.49 31.54 -8.23 0.21
Car 0.00 0 -4.20 332.97 183.07 408.40 216.58 1.48 1.61 4.00 -11.09 1.38 33.80 -4.51 0.18
Pedestrian 0.00 0 -6.11 516.00 176.77 535.76 211.68 1.71 0.58 0.88 -4.06 1.29 35.42 -6.22 0.14
Pedestrian 0.00 0 -4.07 984.06 176.21 1078.79 329.54 1.64 0.63 0.69 4.70 1.54 8.09 -3.54 0.12
Car 0.00 0 -8.11 398.19 184.11 456.50 217.07 1.45 1.62 4.25 -8.59 1.40 33.84 -8.36 0.11
Cyclist 0.00 0 -3.21 665.60 172.43 701.37 209.74 1.80 0.59 1.70 3.65 1.19 35.03 -3.10 0.11
Car 0.00 0 -8.11 606.07 179.89 646.51 204.80 1.51 1.60 3.95 1.10 1.19 45.59 -8.09 0.11
Cyclist 0.00 0 -5.38 678.95 174.56 730.06 237.00 1.73 0.51 1.72 2.73 1.44 20.80 -5.25 0.11
Cyclist 0.00 0 -5.34 676.71 175.23 706.20 213.96 1.67 0.51 1.49 3.64 1.24 31.68 -5.23 0.10
Pedestrian 0.00 0 -3.59 645.89 173.84 660.05 200.70 1.81 0.63 0.76 3.05 1.04 48.88 -3.53 0.10
