Car 0.00 0 -4.14 38.70 193.07 247.46 288.56 1.46 1.57 3.60 -8.58 1.89 13.57 -4.70 0.96
Car 0.00 0 -7.86 598.88 176.41 625.66 202.19 1.53 1.61 4.12 0.10 1.76 45.36 -7.85 0.87
Car 0.00 0 -4.49 421.95 182.32 468.76 212.13 1.44 1.60 3.81 -8.66 1.97 38.07 -4.71 0.83
Pedestrian 0.00 0 -7.45 1138.84 143.44 1218.55 266.70 1.80 0.63 0.97 8.65 1.37 11.04 -6.79 0.48
Pedestrian 0.00 0 -6.06 649.18 174.03 660.31 197.65 1.69 0.60 0.69 3.21 1.78 52.15 -6.00 0.41
Pedestrian 0.00 0 -7.81 801.50 164.34 818.29 205.15 1.86 0.72 0.77 9.22 1.47 33.41 -7.54 0.21
Pedestrian 0.00 0 -3.63 488.44 181.16 504.99 210.31 1.48 0.54 0.67 -5.90 1.92 37.36 -3.79 0.17
Cyclist 0.00 0 -8.34 1028.17 157.46 1096.17 243.87 1.72 0.47 1.69 9.43 1.41 15.19 -7.78 0.14
Car 0.00 0 -6.16 483.63 179.48 567.61 210.79 1.49 1.64 3.93 -4.13 1.82 35.39 -6.28 0.13
Car 0.00 0 -5.06 681.51 178.03 733.85 207.51 1.42 1.53 3.69 4.98 1.71 37.48 -4.92 0.11
Car 0.00 0 -4.84 735.76 171.13 768.51 196.05 1.61 1.66 4.10 9.52 1.50 48.72 -4.65 0.11
Car 0.00 0 -5.56 173.76 186.95 301.36 233.34 1.47 1.60 3.80 -12.85 1.98 24.85 -6.04 0.11
Pedestrian 0.00 0 -3.44 1095.83 172.77 1126.45 250.49 1.40 0.40 0.36 9.12 1.40 13.21 -2.84 0.11
Pedestrian 0.00 0 -4.33 924.57 171.28 955.67 229.06 1.63 0.63 0.64 9.50 1.59 20.86 -3.90 0.10
