Car 0.00 0 -7.84 590.83 174.82 625.84 208.95 1.70 1.76 4.53 -0.11 1.81 38.48 -7.85 0.89
Car 0.00 0 -5.39 869.49 186.11 939.21 214.61 1.48 1.65 3.87 16.85 2.29 41.57 -5.01 0.60
Car 0.00 0 -4.68 538.14 175.12 557.60 192.16 1.48 1.63 3.76 -5.61 1.69 65.22 -4.76 0.37
Car 0.00 0 -3.91 0.00 219.52 288.60 374.00 1.49 1.65 3.97 -2.98 1.80 2.78 -4.73 0.36
Pedestrian 0.00 0 -5.75 1114.72 185.98 1166.28 289.74 1.39 0.41 0.42 7.28 1.57 9.98 -5.12 0.26
Car 0.00 0 -7.77 249.45 181.61 288.27 211.08 1.46 1.60 3.68 -18.45 1.96 39.05 -8.21 0.23
Cyclist 0.00 0 -7.90 685.45 176.70 692.95 204.70 1.64 0.38 1.51 4.70 1.87 43.12 -7.79 0.18
Car 0.00 0 -7.40 66.06 183.49 164.53 227.63 1.48 1.58 3.72 -18.46 1.91 27.05 -8.00 0.15
Car 0.00 0 -7.81 526.02 186.79 601.83 260.19 1.45 1.58 3.82 -1.05 1.82 16.92 -7.88 0.13
Cyclist 0.00 0 -3.43 952.56 171.19 1099.84 280.15 1.61 0.73 1.86 6.38 1.59 11.25 -2.91 0.13
Cyclist 0.00 0 -3.65 349.45 178.77 371.42 201.26 1.86 0.68 1.63 -21.06 2.36 60.83 -3.99 0.12
