Cyclist 0.00 0 -6.76 990.10 180.98 1029.38 215.48 1.85 0.65 1.77 21.73 2.30 39.30 -6.25 0.26
Pedestrian 0.00 0 -8.73 1121.12 190.85 1241.00 374.00 1.66 0.50 0.79 3.26 1.77 3.89 -8.04 0.25
Pedestrian 0.00 0 -9.07 1081.05 184.85 1214.63 374.00 1.66 0.60 0.75 4.49 1.77 6.12 -8.43 0.24
Pedestrian 0.00 0 -4.27 897.37 172.86 922.40 220.80 1.81 0.72 0.55 11.48 1.81 27.72 -3.88 0.21
Car 0.00 0 -3.22 299.50 177.53 438.19 229.63 1.50 1.60 3.99 -7.58 1.66 22.57 -3.55 0.15
Car 0.00 0 -6.06 864.19 178.26 973.15 220.29 1.53 1.68 3.68 12.13 1.76 28.51 -5.66 0.12
Car 0.00 0 -6.20 100.11 158.20 281.14 216.54 1.44 1.58 4.07 -11.13 1.08 19.39 -6.72 0.12
Cyclist 0.00 0 -8.05 1150.24 179.20 1173.81 221.66 1.76 0.47 1.74 23.66 2.04 30.99 -7.40 0.12
Pedestrian 0.00 0 -8.48 1217.91 170.25 1241.00 219.13 1.83 0.64 0.63 23.63 1.74 27.40 -7.77 0.12
Pedestrian 0.00 0 -5.75 1013.21 188.67 1047.58 251.92 1.44 0.45 0.55 9.86 1.83 17.01 -5.23 0.11
Pedestrian 0.00 0 -5.04 852.67 212.40 988.55 374.00 1.54 0.48 0.49 1.47 1.75 3.59 -4.66 0.10
