Car 0.00 0 -5.07 734.32 185.24 1062.28 374.00 1.48 1.63 3.77 2.37 1.64 7.13 -4.75 0.97
Car 0.00 0 -4.06 492.79 181.27 679.45 269.95 1.52 1.61 4.22 -0.38 1.72 14.92 -4.09 0.94
Car 0.00 0 -8.67 915.14 196.73 1241.00 374.00 1.53 1.54 3.40 2.48 1.67 2.41 -7.87 0.93
Pedestrian 0.00 0 -7.79 415.48 171.69 431.54 212.86 1.93 0.70 0.60 -8.88 1.88 34.23 -8.05 0.30
Pedestrian 0.00 0 -3.75 78.67 161.68 161.68 293.02 1.87 0.68 0.77 -7.32 1.71 10.73 -4.35 0.29
Pedestrian 0.00 0 -5.72 141.99 184.62 201.04 274.89 1.64 0.57 0.76 -8.23 1.86 13.47 -6.27 0.27
Pedestrian 0.00 0 -7.48 883.86 164.22 898.00 200.43 1.90 0.61 0.37 14.83 1.45 38.19 -7.11 0.19
Pedestrian 0.00 0 -3.06 246.42 157.21 337.32 309.82 1.89 0.52 1.04 -4.15 1.69 9.34 -3.47 0.19
Pedestrian 0.00 0 -7.61 791.57 165.34 812.60 217.65 1.86 0.61 0.59 6.91 1.60 26.11 -7.35 0.16
Pedestrian 0.00 0 -3.90 1111.98 161.46 1139.65 215.74 1.73 0.53 0.49 16.56 1.36 23.23 -3.28 0.16
Pedestrian 0.00 0 -6.90 485.15 172.40 497.90 204.74 1.70 0.57 0.41 -6.33 1.68 38.30 -7.06 0.15
Pedestrian 0.00 0 -7.45 659.59 177.29 679.12 220.40 1.69 0.63 0.50 2.32 1.87 28.69 -7.37 0.15
Pedestrian 0.00 0 -3.36 973.58 154.31 1036.26 261.52 1.82 0.48 0.88 6.83 1.51 12.60 -2.86 0.13
Cyclist 0.00 0 -3.10 761.59 167.22 794.74 201.91 1.84 0.65 1.71 9.03 1.54 38.89 -2.87 0.13
Pedestrian 0.00 0 -8.12 1228.94 163.67 1241.00 220.02 1.67 0.56 0.56 19.12 1.40 21.82 -7.40 0.12
Pedestrian 0.00 0 -4.44 36.61 159.52 110.09 299.13 1.80 0.61 0.78 -7.29 1.63 9.75 -5.08 0.11
Pedestrian 0.00 0 -4.61 25.80 180.68 70.35 281.89 1.68 0.54 0.73 -9.80 1.83 12.53 -5.27 0.11
Pedestrian 0.00 0 -3.44 787.12 164.30 798.53 204.25 1.94 0.56 0.40 8.91 1.53 35.34 -3.19 0.11
Cyclist 0.00 0 -4.23 1232.84 154.86 1241.00 207.83 1.75 0.60 1.70 21.97 1.16 24.47 -3.50 0.10
