Car 0.00 0 -8.51 562.58 199.17 961.37 374.00 1.51 1.60 3.42 0.98 1.81 6.35 -8.36 0.97
Car 0.00 0 -8.21 448.92 203.11 658.04 340.42 1.42 1.65 4.17 -1.11 1.97 10.69 -8.32 0.92
Car 0.00 0 -8.13 387.19 209.29 516.59 299.05 1.36 1.59 3.72 -3.37 2.20 14.61 -8.35 0.88
Car 0.00 0 -4.48 0.00 223.12 52.34 374.00 1.45 1.69 4.07 -7.49 2.15 7.83 -5.25 0.87
Car 0.00 0 -8.01 330.55 206.78 414.17 276.79 1.48 1.55 3.39 -6.36 2.46 18.95 -8.34 0.87
Car 0.00 0 -7.80 76.76 209.92 147.64 268.85 1.51 1.67 4.25 -16.17 2.83 23.53 -8.40 0.81
Car 0.00 0 -4.57 0.00 223.63 106.10 327.48 1.42 1.56 3.75 -10.87 2.54 13.85 -5.23 0.77
Car 0.00 0 -4.77 290.10 204.68 337.14 246.68 1.45 1.59 3.81 -12.47 2.87 30.13 -5.16 0.55
Car 0.00 0 -7.57 1195.64 158.14 1241.00 184.89 1.49 1.64 4.03 35.92 0.67 42.10 -6.87 0.47
Pedestrian 0.00 0 -3.72 967.37 142.44 1046.66 261.95 1.97 0.65 0.98 6.68 1.47 12.27 -3.22 0.34
Pedestrian 0.00 0 -7.99 1170.87 141.94 1199.34 192.24 1.90 0.78 0.55 21.98 0.73 27.64 -7.32 0.34
Car 0.00 0 -4.40 368.62 190.12 410.60 215.45 1.65 1.70 4.22 -15.88 2.95 52.09 -4.70 0.32
Car 0.00 0 -7.11 308.80 199.60 419.14 248.26 1.51 1.64 3.96 -9.09 2.59 26.87 -7.44 0.25
Car 0.00 0 -4.75 278.55 203.45 319.35 239.89 1.48 1.65 4.20 -15.28 3.07 35.25 -5.16 0.23
Car 0.00 0 -4.79 246.30 198.53 281.66 226.73 1.50 1.64 3.90 -21.34 3.16 44.36 -5.24 0.20
Cyclist 0.00 0 -5.38 1188.26 147.95 1234.05 187.13 1.74 0.58 1.87 27.48 0.64 33.07 -4.68 0.20
Pedestrian 0.00 0 -4.43 1059.67 141.36 1089.83 197.91 1.83 0.70 0.59 15.32 0.81 23.86 -3.86 0.18
Car 0.00 0 -8.06 243.90 185.73 272.62 204.58 1.56 1.60 3.50 -31.34 2.74 64.20 -8.52 0.18
Pedestrian 0.00 0 -6.86 1169.25 157.95 1193.57 208.22 1.69 0.59 0.39 19.37 1.19 24.53 -6.19 0.18
Pedestrian 0.00 0 -5.56 348.23 187.95 361.02 214.42 1.84 0.77 0.46 -18.11 2.92 51.10 -5.90 0.18
Pedestrian 0.00 0 -4.36 559.11 175.91 578.28 221.06 1.86 0.66 0.52 -1.76 1.99 30.05 -4.42 0.14
Car 0.00 0 -4.77 252.05 198.50 282.16 224.90 1.58 1.63 4.06 -23.60 3.42 49.53 -5.22 0.13
Pedestrian 0.00 0 -5.08 50.09 194.67 75.53 240.12 1.99 0.73 0.64 -24.68 2.98 32.49 -5.73 0.13
Pedestrian 0.00 0 -4.12 1085.57 148.47 1111.15 205.09 1.96 0.62 0.41 17.15 1.12 25.40 -3.52 0.12
Car 0.00 0 -4.22 221.14 208.32 349.89 279.10 1.53 1.71 3.37 -8.48 2.55 19.06 -4.64 0.12
Pedestrian 0.00 0 -5.75 267.90 203.41 286.39 235.10 1.68 0.67 0.67 -18.15 3.36 39.26 -6.18 0.12
Pedestrian 0.00 0 -8.40 511.88 171.22 535.93 226.08 2.04 0.71 0.57 -3.30 1.98 27.29 -8.52 0.12
Car 0.00 0 -3.42 349.78 193.53 436.35 226.48 1.53 1.60 4.02 -11.27 2.65 37.46 -3.71 0.11
Cyclist 0.00 0 -2.96 372.27 188.24 404.08 217.24 1.75 0.69 1.78 -13.69 2.71 44.45 -3.26 0.10
