Car 0.00 0 -4.54 422.50 173.65 504.85 241.06 1.64 1.57 3.58 -3.89 1.67 19.45 -4.73 0.90
Car 0.00 0 -7.84 640.63 173.12 672.31 206.47 1.70 1.62 3.64 2.49 1.72 38.70 -7.77 0.62
Car 0.00 0 -2.52 140.73 187.38 386.21 268.51 1.42 1.66 4.17 -6.79 1.73 14.19 -2.96 0.51
Car 0.00 0 -4.80 623.66 179.24 646.54 197.46 1.53 1.68 4.22 2.18 2.12 64.21 -4.76 0.47
Pedestrian 0.00 0 -3.14 989.64 166.96 1148.37 374.00 1.70 0.57 0.87 3.04 1.66 4.91 -2.59 0.39
Cyclist 0.00 0 -5.15 1017.15 156.39 1070.73 229.10 1.68 0.46 1.62 10.44 1.30 17.49 -4.62 0.34
Car 0.00 0 -4.63 545.75 179.59 576.63 205.12 1.55 1.69 4.13 -3.17 2.01 47.04 -4.70 0.29
Pedestrian 0.00 0 -4.50 0.00 154.96 70.94 324.99 1.78 0.58 0.83 -6.50 1.59 8.03 -5.18 0.25
Cyclist 0.00 0 -5.01 1191.66 197.54 1221.70 239.73 1.65 0.46 1.80 24.91 2.71 30.19 -4.32 0.25
Pedestrian 0.00 0 -5.15 879.25 158.65 971.96 326.49 1.78 0.66 0.82 3.44 1.63 8.05 -4.75 0.23
Car 0.00 0 -4.80 1017.54 175.34 1051.46 200.54 1.64 1.67 3.96 29.12 1.82 49.63 -4.27 0.20
Pedestrian 0.00 0 -4.87 518.84 168.37 532.66 203.43 1.90 0.62 0.93 -4.66 1.66 39.61 -4.99 0.20
Pedestrian 0.00 0 -5.38 133.16 166.90 207.15 291.29 1.76 0.61 0.73 -6.51 1.67 10.60 -5.93 0.18
Pedestrian 0.00 0 -7.90 1164.20 164.07 1241.00 374.00 1.72 0.71 0.75 3.41 1.68 3.92 -7.18 0.18
Cyclist 0.00 0 -7.71 547.65 178.59 556.39 201.44 1.65 0.42 1.57 -4.30 2.08 53.21 -7.79 0.17
Cyclist 0.00 0 -8.24 499.58 174.49 521.47 210.22 1.70 0.49 1.62 -4.91 1.78 35.25 -8.37 0.16
Pedestrian 0.00 0 -8.20 762.44 169.51 812.46 259.49 1.70 0.70 0.85 3.40 1.64 14.10 -7.96 0.16
Car 0.00 0 -4.75 1147.73 188.28 1185.46 219.25 1.73 1.67 4.11 34.24 2.72 44.51 -4.10 0.16
Pedestrian 0.00 0 -4.79 1231.55 177.98 1241.00 243.88 1.99 0.69 0.83 19.76 2.15 22.42 -4.06 0.15
Cyclist 0.00 0 -8.29 932.52 144.69 1107.49 371.23 1.84 0.74 1.75 3.68 1.61 6.77 -7.79 0.15
Pedestrian 0.00 0 -3.13 766.08 167.92 808.77 268.70 1.74 0.58 0.72 3.11 1.66 12.84 -2.89 0.14
Pedestrian 0.00 0 -5.29 987.17 144.47 1043.44 239.78 1.95 0.65 0.90 8.48 1.37 15.21 -4.78 0.12
Pedestrian 0.00 0 -2.73 828.98 170.71 898.36 295.93 1.65 0.58 0.74 3.46 1.63 9.99 -2.40 0.11
Pedestrian 0.00 0 -4.09 691.80 169.12 719.32 218.88 1.76 0.61 0.84 3.41 1.63 26.09 -3.96 0.11
Cyclist 0.00 0 -3.29 1049.88 178.60 1198.93 282.54 1.56 0.77 1.86 8.18 1.66 11.65 -2.68 0.10
