Car 0.00 0 -7.37 125.33 185.43 339.50 285.22 1.40 1.65 3.92 -6.34 1.65 12.57 -7.84 0.92
Car 0.00 0 -7.76 492.08 176.96 550.81 223.58 1.47 1.67 3.77 -3.03 1.62 24.92 -7.88 0.88
Cyclist 0.00 0 -7.90 984.48 169.81 999.48 220.86 1.65 0.37 1.55 12.68 1.55 24.06 -7.42 0.51
Cyclist 0.00 0 -6.69 726.62 167.96 773.75 210.72 1.74 0.72 1.78 5.78 1.55 29.98 -6.50 0.36
Pedestrian 0.00 0 -7.95 981.62 160.56 1005.40 216.05 1.91 0.68 0.62 13.35 1.48 25.21 -7.46 0.32
Car 0.00 0 -5.00 805.69 175.51 846.77 201.22 1.63 1.65 3.68 14.30 1.81 47.99 -4.71 0.26
Cyclist 0.00 0 -5.72 163.52 177.14 192.38 205.36 1.79 0.61 1.49 -27.72 2.07 46.25 -6.26 0.23
Pedestrian 0.00 0 -3.95 1044.82 163.86 1090.14 233.23 1.76 0.53 0.88 11.75 1.53 18.62 -3.38 0.22
Car 0.00 0 -7.71 368.89 184.18 403.65 208.80 1.43 1.57 3.88 -14.22 2.19 45.91 -8.01 0.20
Car 0.00 0 -3.09 998.06 178.19 1049.27 198.84 1.57 1.64 3.45 32.79 2.00 57.25 -2.57 0.19
Car 0.00 0 -7.13 0.00 180.16 3.21 227.36 1.47 1.62 3.73 -23.36 1.74 24.94 -7.88 0.17
Pedestrian 0.00 0 -2.98 597.84 170.86 605.57 193.61 1.89 0.64 0.55 -0.72 1.73 60.40 -2.99 0.16
Cyclist 0.00 0 -6.61 324.28 174.51 352.72 204.04 1.98 0.66 1.70 -18.57 2.10 49.28 -6.97 0.16
Car 0.00 0 -2.88 52.87 180.68 141.81 209.79 1.52 1.60 3.72 -28.30 1.97 39.90 -3.49 0.15
Pedestrian 0.00 0 -8.58 1017.18 173.08 1193.70 374.00 1.62 0.62 0.59 2.82 1.62 4.23 -7.99 0.14
Car 0.00 0 -8.23 1092.03 173.72 1241.00 333.01 1.53 1.71 4.58 7.94 1.54 9.39 -7.53 0.11
