Car 0.00 0 -4.20 0.00 211.50 342.82 374.00 1.39 1.54 3.74 -3.75 1.82 6.16 -4.74 0.97
Car 0.00 0 -4.41 295.73 184.80 466.24 298.24 1.55 1.58 4.08 -3.72 1.79 12.32 -4.70 0.96
Car 0.00 0 -7.87 620.24 175.66 664.75 217.74 1.52 1.63 3.96 1.20 1.64 28.35 -7.82 0.84
Pedestrian 0.00 0 -8.21 598.64 174.94 622.93 216.35 1.58 0.64 1.01 -0.02 1.67 28.25 -8.21 0.61
Cyclist 0.00 0 -4.26 431.58 172.78 465.33 220.47 1.76 0.49 1.86 -6.19 1.75 27.52 -4.48 0.36
Pedestrian 0.00 0 -5.65 250.06 187.66 300.43 283.94 1.65 0.56 0.59 -6.00 1.93 12.83 -6.09 0.21
Car 0.00 0 -7.96 657.06 172.53 688.43 200.79 1.67 1.56 3.63 3.79 1.65 44.43 -7.87 0.21
Car 0.00 0 -3.30 634.34 175.49 688.30 195.47 1.60 1.62 4.21 4.16 1.82 59.17 -3.23 0.19
Car 0.00 0 -7.68 521.53 176.72 567.36 210.04 1.58 1.67 3.89 -3.31 1.79 36.68 -7.77 0.17
Pedestrian 0.00 0 -4.95 901.22 136.53 997.12 335.69 1.81 0.63 1.03 3.26 1.48 7.13 -4.52 0.14
Pedestrian 0.00 0 -8.04 1042.86 147.53 1130.37 331.03 1.71 0.59 0.73 4.64 1.47 7.15 -7.47 0.13
Cyclist 0.00 0 -5.14 661.74 174.71 680.95 207.84 1.65 0.46 1.33 3.07 1.74 36.65 -5.06 0.13
Pedestrian 0.00 0 -5.07 954.38 151.76 1011.34 258.19 1.75 0.61 0.82 6.29 1.40 12.31 -4.60 0.12
Pedestrian 0.00 0 -8.13 1105.03 144.59 1205.34 322.02 1.63 0.61 0.73 5.28 1.37 7.09 -7.49 0.11
