Car 0.00 0 -4.93 693.59 183.49 838.43 283.15 1.49 1.67 4.22 2.62 1.71 13.34 -4.74 0.97
Car 0.00 0 -8.00 662.13 183.79 731.34 235.21 1.39 1.57 3.74 2.53 1.75 22.16 -7.88 0.95
Car 0.00 0 -4.45 329.89 174.75 475.63 281.33 1.60 1.56 3.60 -3.52 1.64 12.71 -4.72 0.92
Car 0.00 0 -4.13 0.00 210.02 329.66 374.00 1.38 1.70 4.55 -3.58 1.75 4.88 -4.77 0.92
Car 0.00 0 -4.55 456.94 175.49 531.16 231.92 1.55 1.59 4.06 -3.48 1.64 22.01 -4.71 0.90
Car 0.00 0 -4.86 640.81 180.70 688.30 216.03 1.45 1.56 3.85 2.35 1.82 32.44 -4.79 0.78
Car 0.00 0 -4.68 513.54 177.52 548.24 212.06 1.48 1.48 3.61 -3.64 1.71 33.28 -4.79 0.73
Car 0.00 0 -7.95 635.84 180.08 670.39 208.83 1.43 1.52 3.54 2.22 1.83 38.54 -7.89 0.27
Pedestrian 0.00 0 -5.03 769.11 168.43 789.88 213.49 1.90 0.62 0.87 7.19 1.71 30.81 -4.80 0.23
Cyclist 0.00 0 -8.07 808.34 173.47 820.99 200.11 1.60 0.41 1.54 12.47 1.64 44.10 -7.80 0.22
Pedestrian 0.00 0 -4.68 141.29 164.96 169.09 237.78 1.72 0.55 0.64 -11.05 1.54 17.47 -5.25 0.22
Car 0.00 0 -4.78 631.36 178.70 660.87 204.14 1.44 1.51 3.90 2.12 1.81 43.74 -4.73 0.19
Pedestrian 0.00 0 -2.08 205.05 166.07 261.59 264.98 1.75 0.60 0.81 -6.96 1.63 13.22 -2.56 0.17
Pedestrian 0.00 0 -6.65 146.69 158.85 177.28 228.71 1.83 0.55 0.54 -12.04 1.47 19.32 -7.21 0.14
Pedestrian 0.00 0 -5.96 795.94 167.97 807.40 199.79 1.87 0.61 0.49 11.36 1.59 42.90 -5.70 0.13
Cyclist 0.00 0 -6.81 102.30 165.64 239.08 288.49 1.77 0.61 1.76 -6.87 1.66 11.29 -7.35 0.13
Car 0.00 0 -4.80 548.22 178.59 572.21 197.14 1.50 1.68 4.18 -4.31 2.00 61.73 -4.87 0.13
Pedestrian 0.00 0 -5.18 963.11 151.58 1015.50 238.09 1.99 0.74 0.96 8.90 1.50 17.05 -4.70 0.11
Pedestrian 0.00 0 -6.70 0.00 170.92 59.82 291.80 1.72 0.67 0.65 -8.78 1.70 10.72 -7.39 0.11
