Car 0.00 0 -4.13 297.43 181.88 439.34 246.26 1.50 1.67 4.11 -6.45 1.77 19.62 -4.45 0.93
Car 0.00 0 -3.75 547.18 173.90 677.60 219.88 1.54 1.68 4.62 0.10 1.58 26.27 -3.75 0.72
Pedestrian 0.00 0 -7.91 480.35 171.05 516.03 255.51 1.72 0.69 0.78 -2.40 1.68 15.11 -8.07 0.63
Car 0.00 0 -6.69 801.58 163.60 987.95 234.55 1.69 1.72 4.00 7.00 1.47 18.12 -6.32 0.52
Pedestrian 0.00 0 -6.75 329.69 178.65 350.53 213.10 1.86 0.71 0.85 -14.92 2.19 39.78 -7.11 0.30
Cyclist 0.00 0 -6.52 1043.17 157.41 1082.19 191.93 1.88 0.62 1.73 24.95 1.04 39.85 -5.96 0.26
Pedestrian 0.00 0 -2.22 384.03 140.31 489.49 319.93 2.00 0.73 1.06 -2.13 1.63 8.63 -2.46 0.17
Cyclist 0.00 0 -4.84 923.07 161.41 949.75 217.30 1.74 0.58 1.61 10.47 1.38 23.28 -4.42 0.16
Pedestrian 0.00 0 -3.22 232.00 175.73 250.26 218.15 1.75 0.68 0.63 -15.51 1.87 30.25 -3.69 0.11
Car 0.00 0 -3.66 1061.28 163.30 1161.68 192.92 1.53 1.69 4.07 26.48 1.04 38.25 -3.06 0.11
Car 0.00 0 -4.62 445.53 183.63 480.41 211.69 1.47 1.59 3.94 -8.41 2.12 41.34 -4.82 0.11
Car 0.00 0 -5.56 790.50 172.31 929.98 222.13 1.45 1.62 4.21 7.86 1.43 23.19 -5.23 0.10
