Cyclist 0.00 0 -3.16 1226.96 163.77 1241.00 205.12 1.88 0.60 1.86 29.89 1.46 33.56 -2.43 0.34
Pedestrian 0.00 0 -6.48 696.52 164.11 721.30 246.18 1.72 0.60 0.41 2.07 1.54 15.47 -6.35 0.24
Cyclist 0.00 0 -8.56 753.41 160.98 801.57 219.33 1.69 0.45 1.65 4.98 1.35 21.73 -8.33 0.22
Car 0.00 0 -4.56 395.97 181.43 528.58 290.07 1.43 1.49 4.04 -2.29 1.59 11.84 -4.75 0.21
Car 0.00 0 -4.72 739.83 175.14 765.66 200.66 1.63 1.64 3.95 9.54 1.79 48.51 -4.53 0.13
Car 0.00 0 -2.95 525.45 177.93 585.15 201.01 1.46 1.52 3.65 -3.57 1.80 46.99 -3.02 0.12
Pedestrian 0.00 0 -7.79 785.14 165.13 829.76 315.78 1.72 0.48 0.63 2.30 1.63 8.59 -7.53 0.12
Cyclist 0.00 0 -8.05 1199.13 170.94 1220.62 206.09 1.68 0.46 1.82 29.44 1.59 35.47 -7.36 0.11
Car 0.00 0 -5.07 1044.17 176.23 1099.51 204.95 1.81 1.70 4.35 30.76 2.04 48.24 -4.50 0.11
Cyclist 0.00 0 -7.73 601.19 169.12 640.48 256.00 1.64 0.59 1.64 0.19 1.57 14.50 -7.72 0.11
Car 0.00 0 -4.47 799.15 176.25 835.27 199.39 1.62 1.61 4.10 15.30 1.88 53.24 -4.19 0.11
Cyclist 0.00 0 -2.81 571.39 171.46 603.81 202.23 1.77 0.72 1.76 -1.34 1.69 42.17 -2.84 0.10
Car 0.00 0 -5.43 883.12 177.97 949.90 201.54 1.51 1.72 4.45 21.01 1.88 49.73 -5.03 0.10
Car 0.00 0 -5.20 950.77 176.08 1000.69 200.51 1.62 1.65 3.50 25.27 1.85 50.04 -4.73 0.10
