Car 0.00 0 -8.05 643.35 173.84 728.07 235.51 1.57 1.61 4.01 1.99 1.60 20.49 -7.95 0.97
Car 0.00 0 -4.55 428.03 181.31 520.24 252.46 1.43 1.53 3.51 -3.07 1.64 16.65 -4.73 0.95
Car 0.00 0 -2.54 0.00 183.96 222.76 348.96 1.51 1.66 4.00 -6.69 1.65 7.77 -3.25 0.95
Car 0.00 0 -2.98 308.14 177.21 450.96 224.80 1.46 1.66 4.20 -7.42 1.61 23.43 -3.29 0.91
Car 0.00 0 -5.35 0.00 195.06 68.45 374.00 1.48 1.63 4.05 -6.71 1.67 5.39 -6.25 0.86
Car 0.00 0 -7.94 608.38 175.99 634.16 196.84 1.49 1.60 3.88 0.79 1.74 54.19 -7.93 0.65
Car 0.00 0 -4.06 1232.07 151.79 1241.00 330.61 1.66 1.62 3.72 9.02 1.47 7.60 -3.19 0.61
Pedestrian 0.00 0 -3.94 992.03 169.64 1048.89 252.99 1.63 0.58 0.83 8.21 1.57 14.53 -3.42 0.54
Car 0.00 0 -4.13 36.54 181.46 216.32 253.11 1.38 1.53 3.76 -10.69 1.60 16.22 -4.71 0.33
Car 0.00 0 -2.39 45.29 167.88 128.17 196.07 1.72 1.72 4.12 -32.66 1.41 45.04 -3.02 0.31
Cyclist 0.00 0 -7.92 271.93 177.03 278.47 197.32 1.59 0.36 1.57 -26.74 1.93 57.56 -8.36 0.30
Pedestrian 0.00 0 -5.93 381.03 165.67 402.92 204.01 1.93 0.62 0.91 -11.13 1.57 36.71 -6.22 0.25
Pedestrian 0.00 0 -5.24 305.84 168.78 321.25 198.93 1.99 0.65 0.77 -19.82 1.72 48.16 -5.63 0.24
Car 0.00 0 -4.62 415.69 175.57 463.76 216.11 1.52 1.57 3.74 -6.88 1.64 29.25 -4.85 0.24
Pedestrian 0.00 0 -7.70 858.40 167.73 881.79 224.97 1.73 0.58 0.71 7.99 1.58 22.29 -7.35 0.22
Car 0.00 0 -2.65 464.54 174.51 529.54 198.12 1.54 1.62 4.04 -7.63 1.65 48.58 -2.80 0.22
Pedestrian 0.00 0 -8.30 1097.81 168.34 1138.21 242.49 1.66 0.59 0.51 11.55 1.56 16.48 -7.69 0.21
Pedestrian 0.00 0 -6.31 781.71 165.42 793.23 204.52 1.93 0.63 0.54 8.80 1.56 35.95 -6.07 0.19
Pedestrian 0.00 0 -2.91 298.09 162.31 336.12 230.91 1.84 0.57 0.86 -8.04 1.56 19.71 -3.30 0.17
Pedestrian 0.00 0 -6.80 515.83 175.70 530.74 199.82 1.65 0.52 0.88 -6.03 1.85 49.94 -6.92 0.16
Cyclist 0.00 0 -5.00 706.19 175.80 720.70 201.64 1.55 0.45 1.56 6.29 1.73 44.18 -4.86 0.15
Pedestrian 0.00 0 -5.47 980.77 153.84 1045.81 258.49 1.82 0.64 0.81 7.21 1.49 13.02 -4.97 0.14
Car 0.00 0 -5.08 478.99 175.67 529.79 203.99 1.55 1.55 4.14 -6.24 1.72 42.08 -5.22 0.14
Pedestrian 0.00 0 -7.61 1165.02 159.26 1212.81 250.85 1.71 0.61 0.52 11.06 1.45 13.85 -6.94 0.13
Car 0.00 0 -4.24 305.68 177.27 385.50 214.72 1.43 1.48 3.97 -10.99 1.63 30.17 -4.59 0.13
Pedestrian 0.00 0 -3.68 1069.42 157.67 1151.78 287.37 1.75 0.55 0.77 6.89 1.55 10.03 -3.07 0.12
Pedestrian 0.00 0 -8.39 911.39 160.02 959.38 250.38 1.82 0.69 0.61 6.63 1.56 14.84 -7.97 0.12
Car 0.00 0 -5.30 639.04 175.94 696.28 201.61 1.47 1.57 3.91 3.43 1.67 43.96 -5.22 0.11
Car 0.00 0 -4.48 451.52 175.73 499.02 207.17 1.52 1.56 3.94 -6.93 1.68 37.24 -4.67 0.11
Car 0.00 0 -7.83 166.84 157.20 208.33 195.07 1.75 1.66 3.66 -20.66 1.03 35.33 -8.36 0.11
Pedestrian 0.00 0 -4.31 931.22 180.01 974.75 262.57 1.45 0.50 0.67 6.22 1.59 13.19 -3.87 0.11
Pedestrian 0.00 0 -8.02 1122.63 156.09 1190.20 299.56 1.77 0.60 0.64 6.99 1.56 9.32 -7.38 0.11
Pedestrian 0.00 0 -5.09 892.84 163.56 929.81 239.08 1.77 0.58 0.74 7.17 1.55 17.31 -4.70 0.10
Cyclist 0.00 0 -4.63 928.27 142.29 940.51 170.25 1.70 0.55 1.67 20.10 -0.16 44.77 -4.20 0.10
Pedestrian 0.00 0 -4.50 786.21 158.96 803.17 202.13 1.98 0.67 0.53 8.52 1.34 33.43 -4.25 0.10
