Cyclist 0.00 0 -8.43 1051.15 137.56 1241.00 339.06 1.85 0.76 1.78 5.44 1.53 7.54 -7.80 0.87
Car 0.00 0 -7.88 571.98 176.39 613.36 214.19 1.58 1.74 4.39 -0.89 1.76 32.88 -7.91 0.87
Car 0.00 0 -7.74 658.50 175.43 687.00 197.05 1.51 1.66 3.82 4.62 1.71 53.00 -7.65 0.36
Car 0.00 0 -8.33 1008.08 171.16 1222.49 256.71 1.44 1.65 4.32 9.68 1.41 14.37 -7.73 0.33
Car 0.00 0 -4.95 963.22 166.72 1024.27 202.94 1.63 1.71 3.89 18.21 1.35 34.48 -4.46 0.23
Car 0.00 0 -5.13 741.93 178.06 798.08 203.94 1.48 1.75 4.42 9.80 1.82 44.67 -4.91 0.16
Car 0.00 0 -4.47 391.46 181.64 439.73 211.65 1.64 1.76 4.44 -11.51 2.19 42.88 -4.73 0.15
Pedestrian 0.00 0 -7.48 1153.73 153.32 1221.24 265.71 1.68 0.61 0.69 8.91 1.39 11.20 -6.81 0.13
Car 0.00 0 -7.91 683.98 176.63 709.99 198.80 1.51 1.63 4.20 6.20 1.79 52.00 -7.79 0.13
Car 0.00 0 -2.81 473.34 179.78 560.78 210.98 1.55 1.67 4.20 -4.85 1.92 37.59 -2.94 0.12
Car 0.00 0 -4.72 756.32 178.19 794.27 210.98 1.44 1.67 3.84 7.82 1.71 34.41 -4.49 0.12
Car 0.00 0 -2.27 0.00 200.58 0.39 315.51 1.45 1.59 3.94 -11.41 1.88 10.35 -3.11 0.11
Cyclist 0.00 0 -6.36 299.31 174.26 322.23 196.98 1.82 0.66 1.67 -24.31 1.94 58.57 -6.76 0.11
