Cyclist 0.00 0 -8.12 799.83 163.13 837.66 233.07 1.80 0.51 1.82 5.56 1.55 19.46 -7.84 0.90
Cyclist 0.00 0 -8.50 1164.90 100.72 1241.00 374.00 1.88 0.57 1.81 4.59 1.48 4.88 -7.74 0.88
Pedestrian 0.00 0 -7.91 738.18 170.77 753.80 210.38 1.93 0.71 0.82 6.67 1.83 35.61 -7.73 0.68
Pedestrian 0.00 0 -4.73 827.44 163.13 849.45 219.08 1.81 0.68 0.80 7.49 1.50 23.81 -4.42 0.63
Pedestrian 0.00 0 -5.04 849.47 161.82 877.02 217.75 1.80 0.61 0.86 8.24 1.44 23.63 -4.70 0.47
Car 0.00 0 -4.90 875.17 182.88 904.38 200.78 1.43 1.68 3.66 23.94 2.32 61.90 -4.53 0.33
Car 0.00 0 -3.77 1080.32 181.64 1151.51 203.50 1.60 1.57 4.29 38.05 2.27 54.36 -3.16 0.33
Pedestrian 0.00 0 -7.31 940.24 163.61 975.09 222.90 1.70 0.61 0.78 10.14 1.44 21.15 -6.86 0.26
Pedestrian 0.00 0 -3.09 657.55 173.51 668.59 194.22 1.78 0.53 0.93 4.58 1.84 62.50 -3.01 0.20
Car 0.00 0 -4.62 1078.26 179.04 1106.69 198.90 1.59 1.63 4.14 40.83 2.13 61.06 -4.03 0.19
Car 0.00 0 -6.57 750.27 178.11 809.22 199.02 1.53 1.54 4.03 12.68 1.93 54.13 -6.34 0.15
Car 0.00 0 -4.76 762.11 178.86 783.50 198.86 1.61 1.60 3.63 13.73 2.13 61.08 -4.54 0.14
Pedestrian 0.00 0 -6.12 605.19 173.30 636.51 255.14 1.65 0.53 0.57 0.18 1.66 14.87 -6.10 0.13
Cyclist 0.00 0 -5.52 1176.24 123.85 1241.00 307.11 1.94 0.93 1.81 7.87 1.42 8.56 -4.77 0.13
