Car 0.00 0 -7.11 0.00 206.94 307.50 369.00 1.52 1.62 3.97 -3.16 1.72 3.47 -7.85 0.96
Car 0.00 0 -4.61 432.79 175.39 466.89 202.36 1.44 1.51 3.57 -8.66 1.17 39.63 -4.82 0.51
Pedestrian 0.00 0 -7.86 277.66 177.30 311.79 255.64 1.56 0.63 0.63 -6.38 1.49 14.45 -8.27 0.41
Pedestrian 0.00 0 -3.42 788.18 163.60 806.46 195.83 1.71 0.56 0.82 10.24 0.81 37.70 -3.15 0.36
Cyclist 0.00 0 -8.23 877.69 157.93 904.59 196.41 1.77 0.54 1.83 13.53 0.74 33.51 -7.85 0.35
Pedestrian 0.00 0 -3.19 992.55 154.74 1024.61 223.50 1.72 0.64 0.68 10.28 1.08 18.09 -2.67 0.31
Pedestrian 0.00 0 -6.64 772.44 160.38 792.48 192.42 1.82 0.56 0.98 10.18 0.68 40.59 -6.40 0.23
Car 0.00 0 -4.56 76.26 178.46 110.38 198.43 1.50 1.58 4.05 -40.05 1.35 55.42 -5.19 0.21
Pedestrian 0.00 0 -3.46 724.36 163.65 735.73 186.66 1.81 0.54 0.75 9.91 0.49 55.95 -3.28 0.19
Pedestrian 0.00 0 -3.33 964.43 148.84 1011.92 220.20 1.87 0.46 1.05 10.19 1.04 18.89 -2.83 0.19
Pedestrian 0.00 0 -5.08 1019.06 146.14 1041.55 188.37 1.96 0.68 0.74 19.94 0.37 33.18 -4.54 0.19
Pedestrian 0.00 0 -7.93 987.76 147.58 1005.38 187.89 1.90 0.70 0.49 18.68 0.35 33.75 -7.42 0.15
Car 0.00 0 -5.38 25.71 180.75 88.61 201.81 1.53 1.62 3.92 -40.85 1.55 52.75 -6.04 0.14
Pedestrian 0.00 0 -8.30 540.40 166.87 553.46 197.77 1.84 0.61 0.55 -3.50 1.03 42.52 -8.38 0.12
Car 0.00 0 -7.90 586.33 169.04 604.32 184.37 1.45 1.58 3.88 -0.94 0.37 69.03 -7.91 0.12
Cyclist 0.00 0 -8.13 798.54 165.41 817.24 197.79 1.64 0.51 1.58 10.45 0.87 36.49 -7.85 0.11
Car 0.00 0 -6.37 1155.68 162.76 1223.00 196.01 1.44 1.51 3.58 27.48 0.67 32.33 -5.67 0.11
Car 0.00 0 -8.01 474.05 173.01 514.57 200.56 1.48 1.63 4.10 -6.33 1.08 40.05 -8.17 0.10
