Car 0.00 0 -5.77 14.80 178.66 363.07 288.80 1.49 1.64 4.20 -6.09 1.59 10.70 -6.29 0.97
Car 0.00 0 -8.01 684.25 183.36 782.12 251.76 1.36 1.62 3.84 2.69 1.63 16.83 -7.86 0.96
Car 0.00 0 -5.97 276.88 170.42 460.69 240.86 1.68 1.65 4.04 -5.96 1.62 18.01 -6.29 0.88
Car 0.00 0 -7.98 664.82 179.83 723.92 223.06 1.40 1.59 3.93 2.91 1.67 25.94 -7.87 0.88
Car 0.00 0 -4.59 554.87 176.86 587.58 204.78 1.49 1.45 3.51 -2.20 1.73 40.92 -4.65 0.87
Car 0.00 0 -3.08 422.17 175.65 516.70 212.06 1.56 1.66 4.05 -6.25 1.69 32.24 -3.27 0.76
Car 0.00 0 -4.84 642.42 172.26 675.28 199.24 1.59 1.60 3.38 2.93 1.56 44.35 -4.77 0.69
Car 0.00 0 -6.36 502.75 175.61 564.07 199.12 1.52 1.64 3.94 -5.15 1.71 48.03 -6.47 0.62
Car 0.00 0 -5.80 394.50 179.50 503.45 221.80 1.44 1.46 3.57 -5.84 1.69 26.05 -6.02 0.52
Car 0.00 0 -6.13 356.58 182.00 495.50 227.68 1.38 1.50 4.13 -5.86 1.69 23.14 -6.37 0.48
Car 0.00 0 -2.80 180.65 175.67 427.89 265.06 1.55 1.62 3.95 -5.62 1.61 13.51 -3.20 0.30
Car 0.00 0 -5.81 405.16 177.52 520.55 216.74 1.48 1.64 4.26 -5.93 1.68 28.97 -6.01 0.27
Pedestrian 0.00 0 -7.86 739.12 176.32 749.56 206.75 1.55 0.52 0.51 6.86 1.73 37.03 -7.68 0.22
Cyclist 0.00 0 -7.08 389.42 170.91 468.21 251.98 1.70 0.63 1.78 -4.04 1.66 16.04 -7.33 0.15
Car 0.00 0 -2.35 311.77 176.58 441.96 232.30 1.49 1.52 3.56 -6.82 1.60 20.93 -2.67 0.11
