Pedestrian 0.00 0 -3.31 539.33 145.93 635.90 318.54 1.86 0.54 1.01 -0.26 1.49 7.98 -3.34 0.77
Car 0.00 0 -8.91 1103.00 189.39 1223.00 369.00 1.48 1.53 3.07 4.99 1.56 4.31 -8.05 0.30
Pedestrian 0.00 0 -4.94 984.16 211.21 1070.84 369.00 1.27 0.41 0.70 3.13 1.52 5.36 -4.41 0.24
Car 0.00 0 -7.72 662.49 150.18 699.08 177.31 1.49 1.65 3.63 4.46 -0.19 41.25 -7.61 0.24
Cyclist 0.00 0 -6.33 0.00 166.64 99.38 259.17 1.78 0.64 1.75 -11.43 1.51 14.37 -7.00 0.20
Pedestrian 0.00 0 -4.78 1181.19 165.13 1223.00 262.09 1.58 0.58 0.73 10.14 1.33 12.00 -4.07 0.16
Pedestrian 0.00 0 -8.21 836.79 168.99 869.92 233.71 1.60 0.61 0.62 6.21 1.32 17.79 -7.88 0.16
Pedestrian 0.00 0 -4.36 855.53 159.59 909.69 266.64 1.73 0.63 0.76 4.65 1.40 11.94 -3.99 0.16
Pedestrian 0.00 0 -4.95 1017.12 157.94 1072.14 264.61 1.70 0.62 0.72 7.22 1.34 11.71 -4.40 0.16
Pedestrian 0.00 0 -4.64 754.29 169.19 786.18 253.92 1.65 0.57 0.81 3.29 1.43 14.23 -4.41 0.15
Pedestrian 0.00 0 -6.74 1109.36 154.81 1184.20 261.51 1.70 0.57 0.81 8.84 1.29 11.62 -6.09 0.13
Cyclist 0.00 0 -7.95 491.85 166.91 530.61 266.58 1.71 0.53 1.78 -1.80 1.48 13.08 -8.09 0.13
Pedestrian 0.00 0 -6.05 671.77 165.78 708.99 233.89 1.69 0.57 0.83 2.14 1.33 18.00 -5.93 0.13
Car 0.00 0 -5.59 0.00 180.54 120.92 224.39 1.52 1.67 4.30 -20.15 1.52 25.43 -6.26 0.13
Pedestrian 0.00 0 -7.91 263.32 161.46 301.80 257.67 1.80 0.63 0.85 -6.31 1.44 13.73 -8.34 0.13
Pedestrian 0.00 0 -5.13 210.03 166.35 263.84 257.53 1.75 0.67 0.85 -7.38 1.48 14.09 -5.61 0.11
Pedestrian 0.00 0 -2.42 630.39 171.52 680.80 261.47 1.58 0.50 0.78 0.88 1.43 12.90 -2.36 0.11
