Car 0.00 0 -6.60 706.64 180.48 943.38 252.25 1.41 1.64 4.51 4.38 1.58 15.25 -6.32 0.94
Car 0.00 0 -3.22 643.22 178.33 732.15 207.40 1.46 1.61 4.46 3.93 1.75 37.34 -3.12 0.90
Cyclist 0.00 0 -8.04 1169.80 143.56 1233.86 259.60 1.73 0.49 1.64 9.41 1.29 11.58 -7.36 0.25
Car 0.00 0 -7.99 632.44 174.62 654.08 190.81 1.49 1.59 3.60 3.13 1.67 68.78 -7.94 0.23
Pedestrian 0.00 0 -5.57 0.00 166.87 57.67 312.92 1.77 0.63 0.75 -7.63 1.70 9.08 -6.26 0.19
Pedestrian 0.00 0 -5.30 249.68 176.78 288.89 252.82 1.81 0.57 0.71 -8.40 1.91 17.68 -5.75 0.15
Pedestrian 0.00 0 -2.97 119.19 164.29 181.49 281.10 1.86 0.62 0.77 -7.61 1.72 11.90 -3.54 0.14
Car 0.00 0 -8.02 658.06 177.20 694.34 203.19 1.46 1.57 3.63 3.87 1.73 42.97 -7.93 0.11
Pedestrian 0.00 0 -5.46 154.89 168.41 220.50 275.47 1.84 0.62 0.81 -7.56 1.77 12.84 -5.99 0.11
Car 0.00 0 -6.82 682.48 178.40 835.43 232.51 1.49 1.65 4.24 4.40 1.66 21.59 -6.62 0.11
