Car 0.00 0 -7.88 589.14 173.78 611.71 195.31 1.66 1.71 4.47 -0.83 1.74 58.25 -7.89 0.61
Car 0.00 0 -7.44 0.00 178.81 18.75 221.52 1.40 1.51 3.23 -23.03 1.63 25.99 -8.16 0.31
Car 0.00 0 -7.74 1003.26 171.66 1070.04 217.79 1.52 1.64 3.92 15.29 1.48 25.84 -7.21 0.21
Car 0.00 0 -7.60 309.45 181.18 349.52 203.71 1.45 1.63 3.99 -19.40 2.05 49.96 -7.97 0.18
Car 0.00 0 -7.44 236.03 182.03 296.08 211.16 1.47 1.61 3.68 -18.76 2.00 39.45 -7.88 0.17
Pedestrian 0.00 0 -8.34 1240.88 153.47 1241.00 227.30 1.86 0.62 0.83 16.86 1.37 18.63 -7.60 0.15
Car 0.00 0 -2.91 464.73 176.05 611.35 228.13 1.53 1.71 4.27 -2.23 1.64 22.49 -3.01 0.15
Pedestrian 0.00 0 -3.20 967.37 163.14 992.29 213.06 1.82 0.62 0.79 13.69 1.47 26.81 -2.73 0.13
Car 0.00 0 -2.26 162.45 181.06 256.84 214.86 1.46 1.60 4.09 -18.62 1.86 33.48 -2.77 0.12
Car 0.00 0 -7.37 2.71 173.23 244.13 284.86 1.53 1.60 3.96 -7.76 1.54 11.93 -7.94 0.12
Pedestrian 0.00 0 -8.59 1110.42 179.98 1132.02 217.96 1.43 0.48 0.47 19.48 1.71 27.56 -7.98 0.11
Cyclist 0.00 0 -2.67 202.15 173.63 238.91 205.93 1.80 0.58 1.74 -21.93 1.85 40.57 -3.17 0.10
Pedestrian 0.00 0 -4.07 844.45 166.39 861.91 202.05 1.90 0.64 0.64 13.08 1.56 38.92 -3.75 0.10
Car 0.00 0 -2.35 288.59 178.55 365.81 205.66 1.49 1.65 4.30 -16.53 1.84 42.07 -2.72 0.10
