Car 0.00 0 -6.29 287.06 165.94 600.41 291.93 1.78 1.73 4.54 -2.46 1.56 11.49 -6.50 0.83
Pedestrian 0.00 0 -3.68 894.02 158.18 1025.55 323.14 1.74 0.82 1.04 3.92 1.50 8.03 -3.23 0.75
Pedestrian 0.00 0 -3.79 665.21 176.94 756.80 336.68 1.61 0.69 0.69 1.12 1.56 7.70 -3.65 0.69
Car 0.00 0 -8.20 503.52 159.02 600.77 221.61 1.69 1.67 3.84 -1.60 1.08 21.46 -8.27 0.58
Pedestrian 0.00 0 -6.03 563.92 180.90 714.68 373.00 1.67 0.70 1.13 0.28 1.66 6.03 -5.98 0.56
Pedestrian 0.00 0 -7.07 1007.10 131.51 1237.00 373.00 1.81 0.66 1.00 2.84 1.57 3.90 -6.45 0.32
Pedestrian 0.00 0 -4.27 1218.69 138.97 1237.00 373.00 1.73 0.64 0.85 5.36 1.43 5.56 -3.51 0.24
Pedestrian 0.00 0 -7.66 1214.97 121.34 1237.00 373.00 1.75 0.71 0.70 2.42 1.61 2.21 -6.83 0.22
Car 0.00 0 -8.08 1084.84 155.29 1163.13 201.55 1.72 1.71 3.77 20.79 0.75 28.76 -7.46 0.14
Pedestrian 0.00 0 -8.35 847.85 159.27 874.58 218.05 1.87 0.66 0.48 8.33 1.16 23.12 -8.00 0.14
Pedestrian 0.00 0 -8.73 1102.93 155.08 1131.01 205.03 1.85 0.66 0.57 19.31 0.87 26.94 -8.11 0.13
Pedestrian 0.00 0 -4.76 911.81 158.90 936.52 223.28 1.74 0.58 0.82 8.91 1.13 19.92 -4.34 0.12
Pedestrian 0.00 0 -3.47 1161.68 125.66 1237.00 268.44 1.96 0.68 0.73 8.57 1.20 10.32 -2.77 0.12
Cyclist 0.00 0 -3.23 445.36 142.86 488.24 184.85 1.76 0.62 1.75 -5.76 0.14 30.61 -3.41 0.10
Pedestrian 0.00 0 -4.21 869.87 170.26 899.19 232.55 1.53 0.57 0.38 7.08 1.26 18.04 -3.84 0.10
