Car 0.00 0 -8.23 749.70 177.56 1026.74 348.40 1.58 1.68 3.93 2.96 1.65 8.77 -7.91 0.97
Car 0.00 0 -4.19 51.71 194.87 320.82 325.22 1.46 1.62 4.04 -6.04 1.86 10.82 -4.70 0.96
Car 0.00 0 -3.85 0.00 205.61 73.20 374.00 1.54 1.59 3.44 -6.10 1.87 5.32 -4.70 0.93
Car 0.00 0 -4.39 317.01 179.55 437.75 250.40 1.62 1.75 4.36 -6.04 1.82 19.14 -4.70 0.91
Car 0.00 0 -4.47 395.70 178.19 473.17 230.31 1.67 1.69 4.30 -6.18 1.88 25.70 -4.71 0.79
Car 0.00 0 -4.70 543.55 178.12 570.17 202.60 1.50 1.66 4.00 -3.47 1.86 47.05 -4.77 0.74
Car 0.00 0 -4.52 461.13 181.76 509.90 212.16 1.40 1.66 4.17 -6.28 1.88 36.59 -4.69 0.73
Car 0.00 0 -4.50 508.81 179.96 544.29 201.83 1.46 1.73 3.93 -5.94 1.99 51.50 -4.62 0.69
Car 0.00 0 -6.34 935.19 158.53 1076.69 204.84 1.59 1.66 4.42 14.31 1.10 26.43 -5.85 0.62
Car 0.00 0 -4.57 695.48 171.50 724.84 194.31 1.58 1.56 4.04 7.24 1.49 52.14 -4.43 0.41
Car 0.00 0 -7.87 639.26 174.36 659.73 194.14 1.53 1.59 3.73 3.12 1.66 58.02 -7.81 0.25
Car 0.00 0 -4.73 565.46 175.68 584.13 193.81 1.49 1.53 3.92 -3.06 1.74 61.80 -4.78 0.19
Pedestrian 0.00 0 -4.91 1054.94 153.20 1071.11 185.51 1.81 0.69 0.50 25.55 0.71 40.75 -4.35 0.16
Car 0.00 0 -8.22 840.58 156.55 878.26 177.32 1.70 1.65 4.10 21.06 0.37 61.13 -7.89 0.15
Cyclist 0.00 0 -6.58 831.55 168.48 872.17 202.67 1.74 0.70 1.85 12.36 1.52 37.02 -6.26 0.13
Cyclist 0.00 0 -7.97 1123.43 152.52 1188.44 284.11 1.77 0.55 1.78 7.92 1.49 10.59 -7.33 0.12
Cyclist 0.00 0 -2.89 466.35 179.34 505.24 215.11 1.65 0.72 1.67 -5.85 1.95 33.78 -3.06 0.11
Pedestrian 0.00 0 -4.83 783.65 161.94 799.32 202.90 1.93 0.63 0.84 8.61 1.41 34.40 -4.58 0.11
Pedestrian 0.00 0 -3.06 739.88 160.33 790.93 251.22 1.89 0.55 1.03 3.27 1.63 15.38 -2.85 0.11
