Car 0.00 0 -8.08 752.48 190.55 979.66 373.01 1.48 1.54 3.34 2.48 1.72 7.92 -7.77 0.97
Car 0.00 0 -2.49 0.00 176.30 253.95 305.35 1.47 1.65 4.37 -7.13 1.51 9.08 -3.15 0.94
Car 0.00 0 -4.52 409.33 168.82 522.32 262.06 1.72 1.62 3.87 -2.94 1.64 15.21 -4.71 0.90
Car 0.00 0 -4.76 641.82 178.33 676.43 206.67 1.46 1.69 4.27 2.65 1.78 40.13 -4.70 0.82
Cyclist 0.00 0 -4.52 500.09 167.90 562.99 301.25 1.76 0.61 1.64 -1.15 1.70 10.37 -4.63 0.80
Car 0.00 0 -8.52 925.96 194.07 1241.00 374.00 1.55 1.49 2.38 2.50 1.67 3.00 -7.83 0.76
Car 0.00 0 -7.55 480.85 180.22 563.48 232.73 1.49 1.57 3.69 -2.75 1.75 23.03 -7.67 0.60
Car 0.00 0 -4.74 569.83 171.21 591.04 193.22 1.73 1.61 3.82 -2.46 1.60 58.67 -4.78 0.54
Pedestrian 0.00 0 -5.19 702.77 174.98 720.33 210.14 1.75 0.66 0.63 5.08 1.86 36.37 -5.06 0.43
Pedestrian 0.00 0 -4.61 341.89 173.39 373.74 254.98 1.65 0.55 0.85 -5.31 1.66 15.08 -4.95 0.35
Pedestrian 0.00 0 -4.88 393.40 167.76 427.34 237.77 1.75 0.71 0.88 -5.20 1.62 18.60 -5.15 0.33
Car 0.00 0 -5.66 1230.01 143.96 1241.00 374.00 1.61 1.66 4.02 5.58 1.54 3.66 -4.67 0.22
Pedestrian 0.00 0 -4.75 723.04 173.38 737.57 210.23 1.83 0.70 0.57 5.99 1.86 36.19 -4.58 0.19
Car 0.00 0 -7.69 534.37 163.87 563.01 191.98 2.25 1.76 3.93 -5.06 1.53 59.72 -7.78 0.19
Pedestrian 0.00 0 -4.20 732.65 171.39 760.36 223.80 1.80 0.65 0.79 4.75 1.75 25.31 -4.01 0.18
Pedestrian 0.00 0 -7.94 426.43 169.65 447.94 228.80 1.77 0.60 0.39 -5.30 1.68 21.93 -8.18 0.17
Cyclist 0.00 0 -2.67 349.83 169.75 395.81 216.33 1.95 0.66 1.75 -10.10 1.82 30.63 -2.99 0.17
Pedestrian 0.00 0 -3.63 828.91 170.31 877.79 263.19 1.78 0.77 0.62 4.74 1.73 14.22 -3.31 0.15
Pedestrian 0.00 0 -6.52 676.99 173.70 689.72 198.90 1.76 0.58 0.78 5.13 1.82 50.75 -6.42 0.14
Car 0.00 0 -2.82 504.58 174.75 564.66 195.33 1.52 1.66 4.25 -5.75 1.67 54.95 -2.92 0.14
Cyclist 0.00 0 -5.12 947.65 156.79 1060.00 319.09 1.80 0.55 1.75 4.73 1.62 8.89 -4.63 0.13
Pedestrian 0.00 0 -4.10 152.94 166.71 206.55 246.44 1.81 0.69 0.88 -10.06 1.67 16.81 -4.64 0.11
Cyclist 0.00 0 -4.23 475.79 176.89 505.14 218.65 1.67 0.58 1.46 -4.96 1.84 29.77 -4.39 0.11
Pedestrian 0.00 0 -3.01 793.26 166.23 830.95 244.82 1.88 0.63 0.81 4.91 1.72 17.68 -2.74 0.11
Pedestrian 0.00 0 -5.55 487.71 169.55 508.59 208.96 1.90 0.76 0.67 -5.52 1.74 35.35 -5.70 0.10
