Car 0.00 0 -4.48 331.24 187.20 485.53 299.59 1.40 1.49 3.62 -3.02 1.67 11.31 -4.74 0.97
Car 0.00 0 -8.08 655.79 174.18 779.67 262.72 1.59 1.63 4.11 2.04 1.62 15.14 -7.95 0.96
Car 0.00 0 -7.92 611.29 176.40 638.82 200.76 1.56 1.60 3.84 0.95 1.81 48.85 -7.90 0.80
Car 0.00 0 -2.97 440.51 169.40 521.36 200.27 1.90 1.79 4.77 -8.09 1.69 45.34 -3.15 0.60
Car 0.00 0 -6.02 250.21 185.87 416.56 247.32 1.42 1.58 3.61 -6.88 1.77 18.10 -6.38 0.46
Car 0.00 0 -5.66 410.93 180.30 500.90 214.10 1.46 1.53 3.88 -7.13 1.81 33.20 -5.87 0.38
Pedestrian 0.00 0 -3.98 1191.11 159.17 1241.00 248.12 1.77 0.59 0.90 12.47 1.50 14.71 -3.28 0.35
Car 0.00 0 -4.43 511.11 177.49 544.58 197.79 1.55 1.64 4.01 -6.61 1.94 58.20 -4.54 0.27
Car 0.00 0 -2.64 317.87 180.91 438.22 226.40 1.51 1.53 3.77 -8.20 1.81 25.47 -2.95 0.27
Pedestrian 0.00 0 -3.06 185.38 162.88 239.61 258.29 1.83 0.59 0.90 -7.91 1.64 14.29 -3.56 0.24
Pedestrian 0.00 0 -7.80 811.18 166.27 827.75 212.87 1.95 0.65 0.56 8.85 1.68 30.60 -7.52 0.23
Car 0.00 0 -6.37 353.35 179.94 481.93 231.12 1.52 1.56 3.86 -6.23 1.76 23.18 -6.64 0.18
Car 0.00 0 -5.89 457.46 177.30 522.87 203.44 1.50 1.54 3.53 -7.17 1.78 43.09 -6.05 0.18
Car 0.00 0 -4.85 429.01 182.03 480.58 220.31 1.41 1.54 4.07 -6.52 1.82 29.82 -5.06 0.17
Car 0.00 0 -2.84 423.79 180.93 510.48 210.63 1.40 1.59 3.88 -7.02 1.80 35.44 -3.04 0.16
Car 0.00 0 -6.92 665.99 173.71 735.94 200.24 1.62 1.71 4.23 5.78 1.68 45.96 -6.79 0.16
Pedestrian 0.00 0 -3.08 1199.03 162.07 1241.00 309.37 1.76 0.55 0.87 7.98 1.63 9.10 -2.36 0.15
Pedestrian 0.00 0 -4.28 1150.52 182.49 1231.55 325.69 1.47 0.48 0.60 6.23 1.58 7.81 -3.60 0.14
Pedestrian 0.00 0 -4.09 903.27 162.64 950.39 249.41 1.77 0.61 0.71 6.59 1.56 15.14 -3.68 0.12
Pedestrian 0.00 0 -3.99 1069.04 158.08 1086.16 199.21 1.84 0.57 0.34 21.07 1.18 32.57 -3.42 0.12
Pedestrian 0.00 0 -4.86 993.29 163.95 1036.28 263.23 1.72 0.56 0.76 7.19 1.56 12.93 -4.35 0.11
Car 0.00 0 -6.51 700.63 172.48 768.82 195.97 1.62 1.70 4.46 8.72 1.60 50.81 -6.34 0.11
Pedestrian 0.00 0 -5.82 344.35 166.90 367.53 211.85 1.94 0.71 0.71 -11.12 1.68 31.47 -6.16 0.11
Pedestrian 0.00 0 -5.81 653.68 177.14 666.49 199.72 1.69 0.55 0.80 3.76 2.02 54.57 -5.74 0.11
Pedestrian 0.00 0 -3.09 717.38 168.43 727.12 209.51 1.82 0.49 0.41 4.97 1.62 32.17 -2.94 0.10
