Car 0.00 0 -4.85 529.11 177.91 574.78 212.92 1.46 1.56 3.67 -2.72 1.71 32.69 -4.93 0.28
Car 0.00 0 -4.67 1085.83 151.97 1129.96 185.23 1.46 1.55 3.71 23.22 0.54 33.67 -4.07 0.26
Car 0.00 0 -8.13 729.45 183.91 816.99 235.32 1.42 1.61 4.20 5.04 1.81 23.03 -7.91 0.22
Cyclist 0.00 0 -8.16 424.97 176.20 441.31 205.53 1.73 0.46 1.72 -10.73 1.94 43.61 -8.40 0.21
Car 0.00 0 -3.91 0.00 222.11 273.20 374.00 1.48 1.57 3.80 -3.03 1.81 2.84 -4.73 0.21
Car 0.00 0 -7.88 436.02 184.55 483.23 231.35 1.43 1.49 3.44 -5.27 1.87 24.88 -8.09 0.20
Car 0.00 0 -4.03 0.00 205.30 231.20 374.00 1.36 1.54 4.26 -5.59 1.77 6.93 -4.71 0.20
Car 0.00 0 -7.77 538.74 181.01 564.39 201.48 1.41 1.56 3.90 -4.31 2.04 53.34 -7.85 0.17
Car 0.00 0 -4.82 625.08 185.35 744.94 293.39 1.47 1.54 4.43 1.07 1.73 12.55 -4.73 0.16
Cyclist 0.00 0 -7.81 668.46 173.87 679.41 211.82 1.60 0.40 1.62 2.73 1.64 31.22 -7.72 0.15
Cyclist 0.00 0 -3.11 781.14 163.37 815.09 200.15 1.85 0.64 1.65 9.54 1.37 36.75 -2.85 0.13
Cyclist 0.00 0 -7.69 827.25 159.59 840.68 189.45 1.74 0.48 1.76 13.33 0.97 43.01 -7.39 0.13
Car 0.00 0 -8.11 800.69 182.15 882.37 233.55 1.43 1.54 3.71 7.10 1.74 22.59 -7.80 0.12
Cyclist 0.00 0 -7.31 416.23 176.82 438.89 206.83 1.67 0.47 1.65 -10.43 1.90 41.16 -7.56 0.11
Cyclist 0.00 0 -6.06 45.61 172.20 187.86 290.46 1.74 0.63 1.74 -7.68 1.73 11.24 -6.66 0.11
Car 0.00 0 -2.49 88.29 178.48 269.44 237.88 1.47 1.61 3.93 -11.34 1.62 19.01 -3.03 0.11
Car 0.00 0 -7.83 360.09 179.36 416.90 230.56 1.49 1.64 4.19 -7.28 1.72 23.74 -8.13 0.11
