Car 0.00 0 -5.87 212.52 178.77 281.45 200.29 1.51 1.64 4.15 -26.24 1.95 52.18 -6.34 0.29
Car 0.00 0 -5.45 53.28 184.64 153.90 219.53 1.48 1.55 3.80 -22.84 2.03 32.51 -6.06 0.15
Cyclist 0.00 0 -6.20 397.19 176.10 423.18 203.65 1.83 0.68 1.63 -13.48 2.05 48.59 -6.47 0.15
Pedestrian 0.00 0 -6.88 678.35 171.45 693.34 205.76 1.94 0.77 0.51 4.30 1.86 41.28 -6.77 0.15
Car 0.00 0 -7.03 0.00 182.73 19.11 216.91 1.40 1.58 3.91 -29.35 1.88 32.73 -7.76 0.14
Pedestrian 0.00 0 -5.00 711.16 228.38 813.14 374.00 1.44 0.44 0.59 0.82 1.80 4.26 -4.80 0.13
Pedestrian 0.00 0 -4.60 783.37 167.09 795.70 204.65 1.84 0.55 0.40 8.85 1.56 35.71 -4.36 0.13
Cyclist 0.00 0 -7.29 473.24 175.30 498.71 212.34 1.71 0.47 1.48 -5.91 1.83 34.20 -7.46 0.13
Pedestrian 0.00 0 -6.87 848.75 170.21 877.12 215.24 1.79 0.61 0.89 10.13 1.68 29.02 -6.53 0.12
Car 0.00 0 -3.71 0.00 225.52 157.66 374.00 1.50 1.63 4.10 -3.99 1.85 2.82 -4.67 0.11
Pedestrian 0.00 0 -4.75 400.66 232.95 490.08 374.00 1.43 0.48 0.56 -1.04 1.82 4.24 -4.99 0.11
Cyclist 0.00 0 -5.70 25.59 172.17 60.61 204.72 1.89 0.65 1.50 -33.19 1.85 42.21 -6.37 0.11
