Car 0.00 0 -8.29 806.88 193.20 1241.00 374.00 1.47 1.57 3.41 2.77 1.69 5.82 -7.85 0.98
Car 0.00 0 -5.59 0.00 176.55 294.22 324.87 1.50 1.55 4.16 -6.07 1.55 8.24 -6.22 0.92
Car 0.00 0 -5.27 0.00 191.79 15.32 374.00 1.48 1.59 4.16 -5.69 1.59 3.50 -6.29 0.92
Car 0.00 0 -5.41 0.00 180.25 147.45 374.00 1.49 1.53 3.60 -6.07 1.56 5.86 -6.21 0.91
Car 0.00 0 -6.76 881.21 175.39 1215.42 289.00 1.56 1.57 4.03 6.33 1.60 10.84 -6.23 0.90
Car 0.00 0 -2.73 108.70 180.28 382.35 267.89 1.46 1.55 4.14 -6.47 1.60 13.03 -3.19 0.90
Car 0.00 0 -7.98 634.57 178.36 673.94 207.42 1.48 1.65 4.10 2.34 1.80 39.64 -7.92 0.90
Car 0.00 0 -2.87 276.52 173.81 443.30 232.98 1.57 1.64 4.12 -6.93 1.60 20.16 -3.20 0.89
Car 0.00 0 -2.76 190.85 177.65 407.64 252.09 1.51 1.57 3.99 -6.61 1.61 15.51 -3.16 0.88
Car 0.00 0 -2.52 0.00 181.17 294.23 287.57 1.45 1.53 3.77 -6.99 1.58 10.78 -3.10 0.87
Car 0.00 0 -6.66 714.28 182.17 845.83 227.05 1.41 1.54 4.00 5.61 1.73 24.15 -6.44 0.85
Car 0.00 0 -6.62 792.95 182.00 981.08 251.10 1.45 1.51 3.64 6.05 1.67 16.17 -6.26 0.85
Car 0.00 0 -3.59 735.74 178.15 885.57 233.85 1.55 1.59 3.99 5.87 1.71 21.42 -3.32 0.85
Car 0.00 0 -2.94 430.14 178.64 517.43 211.86 1.51 1.53 3.80 -6.40 1.79 33.94 -3.12 0.77
Car 0.00 0 -6.92 778.95 181.51 932.01 241.41 1.43 1.57 3.56 6.36 1.67 18.90 -6.60 0.73
Cyclist 0.00 0 -7.76 539.95 173.47 555.93 210.93 1.78 0.62 1.78 -3.05 1.81 35.15 -7.85 0.70
Car 0.00 0 -6.77 839.21 182.22 1088.89 264.76 1.41 1.54 3.88 6.37 1.59 13.34 -6.32 0.69
Car 0.00 0 -6.54 716.03 175.05 828.12 221.74 1.65 1.65 3.72 5.86 1.74 26.52 -6.33 0.66
Car 0.00 0 -4.68 623.51 176.15 645.85 197.41 1.54 1.55 4.17 1.88 1.80 54.95 -4.64 0.54
Pedestrian 0.00 0 -4.27 1171.68 151.40 1199.36 212.55 1.91 0.58 0.37 18.16 1.24 22.83 -3.60 0.47
Car 0.00 0 -2.81 440.63 179.05 526.92 210.08 1.51 1.56 4.03 -6.43 1.84 36.68 -2.99 0.42
Cyclist 0.00 0 -7.38 275.29 159.83 298.42 190.82 1.70 0.43 1.76 -18.17 0.99 40.52 -7.80 0.39
Pedestrian 0.00 0 -4.97 1140.79 148.10 1176.63 214.99 2.00 0.74 0.58 16.63 1.26 21.94 -4.32 0.39
Car 0.00 0 -3.04 470.78 173.12 538.25 198.40 1.63 1.63 4.24 -6.91 1.65 47.37 -3.18 0.36
Car 0.00 0 -4.82 673.21 172.52 703.10 197.39 1.77 1.77 4.12 5.72 1.75 53.46 -4.71 0.35
Car 0.00 0 -5.96 323.23 168.48 465.96 229.03 1.83 1.71 3.98 -6.77 1.70 22.79 -6.25 0.34
Pedestrian 0.00 0 -4.29 1050.91 159.54 1070.44 205.85 1.86 0.55 0.41 18.28 1.33 29.33 -3.73 0.30
Car 0.00 0 -7.61 73.37 182.37 173.16 237.82 1.48 1.63 4.00 -14.83 1.80 22.14 -8.20 0.30
Pedestrian 0.00 0 -4.69 983.61 149.25 1005.92 201.36 1.97 0.74 0.54 14.73 1.08 27.70 -4.20 0.28
Pedestrian 0.00 0 -4.28 951.08 155.45 971.15 200.62 1.93 0.63 0.51 15.15 1.19 31.22 -3.83 0.28
Pedestrian 0.00 0 -7.51 924.81 168.76 935.99 202.74 1.78 0.48 0.26 16.81 1.56 37.94 -7.09 0.26
Car 0.00 0 -7.75 296.59 155.14 327.86 180.07 1.69 1.65 3.82 -21.01 0.49 50.94 -8.14 0.24
Pedestrian 0.00 0 -5.77 222.65 152.88 241.90 190.56 1.85 0.62 0.62 -18.75 0.87 35.75 -6.25 0.19
Car 0.00 0 -4.10 516.31 175.55 563.38 198.17 1.63 1.64 3.85 -5.30 1.85 54.70 -4.20 0.15
Pedestrian 0.00 0 -5.10 195.56 166.89 220.61 211.97 1.86 0.75 0.59 -16.85 1.61 30.17 -5.61 0.15
Pedestrian 0.00 0 -8.77 996.94 164.98 1018.26 199.02 1.86 0.64 0.82 22.00 1.43 39.99 -8.27 0.15
Car 0.00 0 -7.74 467.82 175.18 503.05 204.36 1.64 1.63 3.93 -7.40 1.79 42.97 -7.91 0.14
Pedestrian 0.00 0 -5.14 1059.61 164.12 1078.06 200.34 1.98 0.72 0.48 25.21 1.50 39.71 -4.57 0.12
Pedestrian 0.00 0 -4.37 227.06 157.76 250.72 203.67 1.92 0.69 0.72 -15.80 1.29 30.65 -4.85 0.11
