Car 0.00 0 -4.53 403.78 186.95 503.19 253.37 1.46 1.77 4.36 -4.03 1.88 19.03 -4.74 0.97
Car 0.00 0 -3.93 0.00 193.31 134.67 374.00 1.63 1.68 4.26 -6.55 1.87 6.48 -4.73 0.95
Car 0.00 0 -7.92 631.16 178.30 665.34 208.20 1.50 1.58 3.59 1.97 1.81 38.68 -7.87 0.90
Car 0.00 0 -4.55 475.18 185.91 527.48 225.12 1.39 1.49 3.57 -4.28 1.94 28.53 -4.70 0.90
Car 0.00 0 -4.34 248.64 198.59 382.67 267.32 1.30 1.58 4.00 -6.86 1.98 17.16 -4.72 0.88
Car 0.00 0 -3.44 725.87 171.58 832.61 208.08 1.56 1.68 4.28 7.39 1.51 31.87 -3.21 0.69
Car 0.00 0 -3.41 639.39 178.25 725.59 211.92 1.47 1.58 3.62 3.24 1.72 32.91 -3.31 0.39
Car 0.00 0 -5.15 1163.44 134.46 1241.00 174.12 1.60 1.65 3.86 25.74 0.05 31.12 -4.46 0.33
Car 0.00 0 -3.38 723.84 162.17 816.86 201.19 1.85 1.72 4.12 7.70 1.34 35.06 -3.16 0.32
Pedestrian 0.00 0 -3.83 995.31 149.93 1008.09 186.59 1.87 0.51 0.33 20.12 0.70 37.14 -3.33 0.31
Car 0.00 0 -8.23 927.00 151.37 982.88 182.35 1.73 1.65 3.80 20.04 0.53 42.15 -7.79 0.27
Pedestrian 0.00 0 -8.07 995.97 147.79 1017.63 188.34 1.87 0.78 0.60 18.52 0.72 33.75 -7.57 0.23
Cyclist 0.00 0 -7.10 817.10 164.62 858.75 205.81 1.74 0.66 1.80 9.82 1.39 31.20 -6.79 0.23
Car 0.00 0 -3.18 301.55 186.70 424.22 230.54 1.45 1.61 4.13 -9.05 1.99 26.38 -3.51 0.19
Car 0.00 0 -8.36 906.13 163.28 971.54 191.42 1.44 1.54 3.80 17.61 0.95 38.90 -7.94 0.18
Pedestrian 0.00 0 -7.90 981.51 149.17 1014.85 237.33 1.80 0.58 0.86 8.13 1.32 15.23 -7.41 0.15
Car 0.00 0 -7.90 688.26 171.88 708.10 189.91 1.65 1.64 4.23 8.27 1.56 68.05 -7.78 0.13
Pedestrian 0.00 0 -4.50 301.53 218.63 327.98 277.92 1.12 0.38 0.56 -5.95 2.06 14.42 -4.89 0.13
Cyclist 0.00 0 -8.29 1047.39 152.22 1100.51 222.18 1.66 0.44 1.68 11.47 1.17 17.97 -7.72 0.12
Car 0.00 0 -3.22 300.05 188.42 426.10 234.94 1.41 1.59 3.92 -8.41 1.97 24.45 -3.55 0.12
Car 0.00 0 -7.95 684.34 173.69 718.46 201.54 1.56 1.62 4.00 5.32 1.61 42.62 -7.82 0.11
