Car 0.00 0 -7.46 118.40 191.37 318.15 302.70 1.60 1.66 3.94 -6.57 1.72 12.56 -7.95 0.98
Car 0.00 0 -7.63 310.55 189.01 400.39 248.51 1.54 1.63 4.02 -7.27 1.66 20.97 -7.97 0.96
Car 0.00 0 -7.79 667.74 180.22 730.88 237.62 1.63 1.71 3.45 2.86 1.49 22.26 -7.66 0.95
Car 0.00 0 -7.70 755.10 183.27 788.17 205.39 1.48 1.64 4.20 11.53 1.36 50.51 -7.47 0.86
Car 0.00 0 -4.46 359.85 183.83 403.46 210.97 1.56 1.62 3.82 -13.58 1.48 43.29 -4.77 0.82
Car 0.00 0 -7.22 83.51 203.91 257.83 273.45 1.39 1.59 3.90 -10.43 1.89 17.44 -7.75 0.46
Car 0.00 0 -7.44 207.47 191.58 310.24 242.45 1.51 1.62 3.94 -11.50 1.74 23.89 -7.89 0.45
Car 0.00 0 -4.64 281.29 184.65 317.04 212.99 1.47 1.54 3.79 -16.88 1.44 39.37 -5.05 0.43
Car 0.00 0 -4.68 581.18 177.29 605.27 199.38 1.65 1.75 4.12 -1.11 1.06 55.70 -4.70 0.38
Car 0.00 0 -4.26 3.04 207.01 144.25 266.24 1.43 1.68 4.12 -15.56 2.14 21.17 -4.89 0.37
Car 0.00 0 -4.38 297.27 189.36 361.75 225.62 1.45 1.53 3.52 -11.96 1.64 31.01 -4.75 0.36
Car 0.00 0 -7.19 0.00 205.32 80.80 334.27 1.54 1.56 3.90 -10.38 1.92 11.23 -7.93 0.35
Car 0.00 0 -8.02 544.59 185.45 584.88 211.30 1.37 1.63 3.71 -2.48 1.39 40.16 -8.09 0.31
Cyclist 0.00 0 -7.04 831.08 172.71 865.69 208.74 1.87 0.64 1.78 12.69 1.22 38.00 -6.72 0.26
Car 0.00 0 -4.30 143.02 197.53 234.26 239.66 1.39 1.55 3.82 -15.59 1.89 26.89 -4.83 0.23
Car 0.00 0 -4.78 332.59 182.71 353.13 199.16 1.53 1.57 3.95 -25.49 1.30 69.11 -5.14 0.18
Cyclist 0.00 0 -4.94 760.21 181.69 779.98 225.14 1.64 0.42 1.49 6.24 1.51 27.83 -4.72 0.16
Car 0.00 0 -4.56 322.47 176.60 354.93 200.62 1.59 1.55 3.80 -18.50 1.02 49.49 -4.92 0.15
Car 0.00 0 -2.39 523.71 178.75 572.50 199.07 1.53 1.65 3.64 -4.68 1.05 55.95 -2.47 0.14
Pedestrian 0.00 0 -6.13 477.75 180.90 488.73 201.62 1.77 0.44 0.87 -10.67 1.40 61.51 -6.31 0.13
Pedestrian 0.00 0 -5.02 1120.84 167.63 1189.15 309.30 1.83 0.58 0.58 7.29 1.61 9.67 -4.37 0.11
