Car 0.00 0 -7.71 382.74 184.78 515.27 293.38 1.54 1.70 4.28 -2.73 1.79 12.92 -7.92 0.98
Car 0.00 0 -8.06 688.51 168.32 828.91 284.78 1.77 1.64 3.82 2.42 1.70 12.89 -7.88 0.97
Car 0.00 0 -4.59 500.04 186.42 556.05 229.08 1.37 1.56 3.81 -2.97 1.91 26.37 -4.70 0.90
Car 0.00 0 -8.06 652.54 183.91 727.98 235.04 1.42 1.59 3.97 2.41 1.80 22.95 -7.95 0.86
Car 0.00 0 -4.75 545.90 181.29 573.06 206.18 1.53 1.64 3.89 -3.41 2.11 47.71 -4.82 0.64
Car 0.00 0 -8.00 683.95 182.89 771.74 252.75 1.50 1.59 3.75 2.77 1.78 17.93 -7.85 0.59
Car 0.00 0 -4.90 621.84 178.20 654.30 201.76 1.64 1.67 3.93 2.00 2.05 53.15 -4.86 0.50
Pedestrian 0.00 0 -3.62 317.47 180.81 353.72 251.71 1.62 0.52 0.63 -6.51 1.81 16.99 -3.99 0.31
Pedestrian 0.00 0 -7.41 331.76 171.60 369.64 246.51 1.85 0.56 0.94 -6.61 1.82 18.30 -7.76 0.27
Car 0.00 0 -4.85 562.38 178.18 585.11 196.96 1.64 1.56 4.00 -3.38 2.14 66.21 -4.90 0.19
Pedestrian 0.00 0 -4.56 356.39 192.14 380.93 253.70 1.38 0.45 0.61 -5.66 1.84 16.78 -4.88 0.16
Cyclist 0.00 0 -4.89 368.53 181.91 393.06 233.71 1.66 0.49 1.72 -7.79 1.98 24.35 -5.20 0.15
Pedestrian 0.00 0 -4.02 141.81 171.29 191.06 251.90 1.80 0.63 0.75 -10.18 1.76 16.49 -4.58 0.14
Car 0.00 0 -7.99 704.94 163.31 752.06 212.24 2.13 1.61 4.03 5.39 1.71 33.44 -7.83 0.14
Pedestrian 0.00 0 -3.04 788.28 165.18 828.59 248.29 1.95 0.58 0.89 4.73 1.77 17.38 -2.78 0.11
Cyclist 0.00 0 -6.07 464.13 172.88 500.21 207.52 1.90 0.55 1.89 -7.10 1.90 39.93 -6.25 0.11
