Car 0.00 0 -8.12 705.62 179.93 867.30 288.70 1.53 1.62 4.12 2.78 1.67 12.49 -7.90 0.97
Pedestrian 0.00 0 -3.29 848.05 163.48 887.89 241.63 1.90 0.70 0.84 6.37 1.67 17.98 -2.95 0.39
Pedestrian 0.00 0 -6.60 921.17 163.42 981.24 266.68 1.79 0.63 0.81 6.01 1.63 12.86 -6.17 0.27
Pedestrian 0.00 0 -7.66 1017.80 162.78 1047.34 218.88 1.72 0.69 0.61 13.15 1.41 22.52 -7.13 0.24
Pedestrian 0.00 0 -4.38 1237.98 143.08 1241.00 207.57 1.91 0.70 0.75 19.54 1.03 21.81 -3.65 0.17
Pedestrian 0.00 0 -3.32 393.92 154.37 410.41 188.81 1.86 0.67 0.76 -11.42 0.86 39.52 -3.60 0.16
Pedestrian 0.00 0 -8.11 1091.55 166.19 1123.88 221.95 1.68 0.67 0.67 15.21 1.48 22.12 -7.51 0.16
Pedestrian 0.00 0 -5.53 1099.82 171.92 1214.12 325.64 1.68 0.75 0.74 6.22 1.67 8.30 -4.88 0.15
Pedestrian 0.00 0 -3.18 971.34 150.81 1004.10 231.86 1.99 0.64 0.70 9.43 1.45 18.13 -2.70 0.13
Car 0.00 0 -4.38 508.51 146.68 550.33 170.11 1.56 1.70 4.08 -5.65 -0.20 50.80 -4.50 0.12
Pedestrian 0.00 0 -3.23 848.96 169.41 857.20 198.25 1.82 0.56 0.45 15.38 1.60 45.74 -2.91 0.10
