Car 0.00 0 -8.04 709.03 187.63 830.29 269.93 1.35 1.61 4.06 3.02 1.70 14.64 -7.84 0.96
Car 0.00 0 -7.98 656.15 175.74 703.33 214.04 1.64 1.67 4.07 3.12 1.79 33.34 -7.88 0.96
Car 0.00 0 -8.29 811.79 198.18 1241.00 374.00 1.45 1.60 3.96 2.78 1.71 5.50 -7.82 0.96
Car 0.00 0 -5.55 0.00 159.38 248.60 369.06 1.68 1.70 4.36 -5.98 1.57 6.63 -6.29 0.95
Car 0.00 0 -4.63 534.70 179.05 579.97 217.56 1.45 1.58 3.72 -2.15 1.73 29.72 -4.71 0.93
Car 0.00 0 -5.84 88.49 177.47 405.52 277.18 1.52 1.66 4.40 -5.87 1.60 11.93 -6.30 0.90
Car 0.00 0 -2.95 319.96 176.58 475.36 231.78 1.51 1.64 4.08 -6.09 1.63 20.90 -3.23 0.90
Car 0.00 0 -2.50 0.00 176.59 268.05 302.08 1.48 1.54 3.83 -6.76 1.53 9.34 -3.12 0.87
Car 0.00 0 -5.76 224.60 183.44 438.70 258.92 1.40 1.51 3.84 -5.68 1.64 14.75 -6.13 0.86
Car 0.00 0 -5.94 275.67 177.34 455.85 240.96 1.54 1.63 4.04 -6.18 1.66 18.39 -6.26 0.77
Car 0.00 0 -3.10 465.73 176.63 541.38 208.27 1.55 1.68 3.72 -5.40 1.75 36.63 -3.25 0.70
Pedestrian 0.00 0 -5.65 213.88 160.04 238.31 194.31 1.86 0.65 0.99 -21.05 1.16 39.49 -6.14 0.33
Pedestrian 0.00 0 -5.23 797.20 185.75 818.70 224.69 1.35 0.47 0.68 7.00 1.82 25.70 -4.96 0.22
Car 0.00 0 -7.86 257.72 171.95 296.60 203.82 1.46 1.64 3.68 -16.25 1.42 35.14 -8.29 0.21
Car 0.00 0 -6.42 691.22 174.29 732.74 189.86 1.47 1.61 3.74 9.69 1.60 68.88 -6.28 0.21
Car 0.00 0 -4.88 631.81 176.43 656.00 193.71 1.53 1.57 4.24 3.10 1.87 67.03 -4.83 0.20
Car 0.00 0 -6.47 702.46 174.88 765.70 197.49 1.59 1.60 4.26 8.86 1.74 51.86 -6.30 0.17
Car 0.00 0 -6.44 717.36 179.70 786.31 204.12 1.45 1.60 3.93 8.59 1.87 44.06 -6.25 0.17
Car 0.00 0 -6.20 337.89 174.27 395.40 196.34 1.53 1.62 3.78 -17.37 1.64 51.55 -6.53 0.15
Car 0.00 0 -3.24 462.12 177.00 530.32 203.34 1.54 1.65 3.94 -6.96 1.80 43.82 -3.40 0.15
Pedestrian 0.00 0 -2.60 425.91 163.85 437.85 202.33 1.96 0.53 0.37 -9.17 1.50 37.01 -2.84 0.13
Cyclist 0.00 0 -7.53 537.37 176.57 550.56 201.30 1.59 0.42 1.46 -4.35 1.83 47.26 -7.62 0.13
Pedestrian 0.00 0 -3.58 704.00 169.38 717.96 198.10 1.93 0.56 0.77 6.82 1.70 48.93 -3.44 0.11
Pedestrian 0.00 0 -8.10 800.89 170.07 825.37 223.72 1.81 0.67 0.64 6.91 1.72 24.71 -7.82 0.11
Pedestrian 0.00 0 -5.18 1086.96 157.16 1136.03 247.51 1.85 0.57 0.75 10.50 1.53 15.20 -4.57 0.11
Car 0.00 0 -7.55 278.08 162.91 317.40 188.14 1.96 1.72 4.22 -25.18 1.19 58.27 -7.95 0.11
Pedestrian 0.00 0 -3.88 1220.83 156.22 1241.00 196.86 1.87 0.59 0.64 28.93 1.11 33.55 -3.17 0.10
Pedestrian 0.00 0 -5.65 702.27 173.58 717.69 201.62 1.74 0.71 0.67 6.26 1.79 45.39 -5.51 0.10
Cyclist 0.00 0 -8.24 755.51 176.98 774.93 209.72 1.63 0.38 1.64 7.91 1.85 36.97 -8.03 0.10
Car 0.00 0 -4.38 511.11 175.83 560.23 204.35 1.58 1.62 4.20 -4.36 1.76 42.62 -4.49 0.10
