Car 0.00 0 -8.10 695.64 177.23 828.15 269.96 1.54 1.59 3.91 2.75 1.63 14.14 -7.91 0.96
Car 0.00 0 -8.03 664.36 179.25 747.04 238.71 1.45 1.59 3.96 2.51 1.65 20.09 -7.90 0.96
Car 0.00 0 -4.34 42.90 179.91 459.74 374.00 1.62 1.77 4.49 -2.81 1.71 6.84 -4.72 0.94
Car 0.00 0 -4.88 660.78 171.30 691.85 194.95 1.76 1.73 4.17 5.06 1.64 55.81 -4.79 0.75
Pedestrian 0.00 0 -3.07 17.07 169.42 102.67 332.98 1.71 0.66 0.71 -6.14 1.68 8.02 -3.72 0.67
Car 0.00 0 -2.91 429.94 174.38 495.67 200.06 1.48 1.57 3.53 -8.67 1.57 42.48 -3.11 0.55
Car 0.00 0 -4.56 565.08 172.73 593.18 193.54 1.59 1.63 4.02 -2.44 1.58 57.20 -4.60 0.34
Car 0.00 0 -7.82 382.16 181.92 437.92 232.73 1.44 1.58 3.83 -6.39 1.75 23.16 -8.09 0.31
Car 0.00 0 -8.31 782.56 140.37 1241.00 374.00 1.85 1.77 4.73 3.03 1.66 6.63 -7.88 0.27
Pedestrian 0.00 0 -6.06 529.51 173.27 542.38 200.63 1.71 0.57 0.70 -4.68 1.73 45.32 -6.17 0.26
Pedestrian 0.00 0 -4.93 776.10 156.40 804.54 224.21 1.96 0.67 0.73 5.26 1.49 21.24 -4.69 0.18
Car 0.00 0 -4.55 430.37 178.21 480.18 215.52 1.52 1.60 3.63 -6.81 1.78 31.88 -4.76 0.13
Pedestrian 0.00 0 -7.72 433.07 173.14 454.76 222.44 1.75 0.69 0.55 -6.00 1.76 25.87 -7.95 0.12
Pedestrian 0.00 0 -5.21 50.00 170.98 123.26 301.34 1.77 0.62 0.62 -7.46 1.75 10.22 -5.85 0.11
Car 0.00 0 -7.37 528.30 173.79 573.28 196.79 1.62 1.66 3.91 -4.33 1.69 53.04 -7.45 0.11
