Car 0.00 0 -7.20 862.26 181.70 1038.57 258.93 1.47 1.56 3.63 7.33 1.68 15.61 -6.76 0.96
Car 0.00 0 -7.86 580.28 154.58 609.81 184.53 1.65 1.63 3.71 -0.90 0.65 41.74 -7.88 0.66
Pedestrian 0.00 0 -3.78 994.67 167.27 1033.86 243.99 1.85 0.71 0.52 9.90 1.72 17.78 -3.27 0.22
Pedestrian 0.00 0 -4.29 1013.72 164.83 1062.93 257.12 1.80 0.58 0.80 8.58 1.64 14.54 -3.76 0.21
Car 0.00 0 -7.96 550.34 157.21 583.11 183.23 1.50 1.59 3.58 -2.68 0.60 43.48 -8.02 0.18
Pedestrian 0.00 0 -4.35 172.05 193.30 210.29 262.56 1.64 0.58 0.78 -10.34 2.15 17.75 -4.87 0.16
Car 0.00 0 -4.56 667.14 154.30 698.15 177.01 1.58 1.66 4.00 5.29 0.29 52.45 -4.46 0.16
Car 0.00 0 -4.53 563.70 152.61 599.54 178.07 1.59 1.63 4.10 -1.84 0.33 47.30 -4.57 0.16
Car 0.00 0 -7.23 0.00 185.83 44.14 217.52 1.42 1.53 3.49 -29.97 2.09 35.56 -7.93 0.15
Pedestrian 0.00 0 -5.70 761.45 152.68 773.10 184.39 1.77 0.57 0.39 8.81 0.64 40.56 -5.49 0.14
Cyclist 0.00 0 -7.48 763.68 154.88 786.75 191.47 1.78 0.50 1.81 8.20 0.90 35.94 -7.26 0.14
Car 0.00 0 -8.02 674.70 158.80 768.02 231.30 1.97 1.96 5.09 3.21 1.59 22.16 -7.88 0.13
Pedestrian 0.00 0 -4.77 341.77 179.18 369.50 253.15 1.83 0.62 0.79 -6.54 1.99 18.41 -5.11 0.11
Car 0.00 0 -3.66 607.23 154.53 668.50 177.48 1.56 1.64 4.00 1.93 0.31 50.54 -3.62 0.10
