Car 0.00 0 -7.99 666.05 181.34 737.30 233.88 1.45 1.64 4.02 2.72 1.73 22.53 -7.87 0.95
Car 0.00 0 -4.57 441.08 188.11 530.46 259.24 1.41 1.55 3.67 -2.85 1.81 16.93 -4.74 0.93
Car 0.00 0 -7.82 533.46 181.23 568.14 214.46 1.50 1.56 3.57 -2.88 1.93 35.20 -7.90 0.83
Car 0.00 0 -8.03 642.86 180.92 691.66 216.27 1.48 1.60 3.72 2.52 1.87 33.04 -7.95 0.75
Car 0.00 0 -8.00 641.76 176.72 683.49 211.71 1.71 1.65 3.59 2.65 1.92 37.55 -7.93 0.52
Car 0.00 0 -7.82 631.65 176.91 653.09 196.66 1.46 1.55 3.52 2.51 1.79 55.95 -7.78 0.51
Car 0.00 0 -4.84 547.31 177.63 580.59 205.23 1.65 1.62 4.04 -3.02 1.97 46.11 -4.90 0.48
Car 0.00 0 -7.72 472.20 183.30 541.48 236.05 1.45 1.62 4.01 -3.18 1.80 22.60 -7.86 0.42
Pedestrian 0.00 0 -2.55 308.33 172.71 352.03 257.84 1.83 0.57 0.70 -6.18 1.82 15.82 -2.92 0.25
Car 0.00 0 -7.95 659.16 180.73 711.99 223.50 1.49 1.64 4.06 2.82 1.82 27.99 -7.85 0.23
Car 0.00 0 -4.64 621.85 175.31 641.21 191.54 1.50 1.59 3.92 2.07 1.74 69.22 -4.61 0.15
Pedestrian 0.00 0 -2.82 57.54 169.77 152.61 313.63 1.80 0.63 0.87 -6.63 1.76 9.43 -3.43 0.14
Car 0.00 0 -2.74 344.02 185.56 458.33 221.60 1.42 1.63 4.32 -8.76 1.97 30.28 -3.02 0.14
Car 0.00 0 -7.92 285.58 184.51 335.62 224.47 1.42 1.58 3.92 -12.10 1.92 28.93 -8.32 0.11
Pedestrian 0.00 0 -4.39 709.41 167.37 727.34 210.50 2.01 0.60 0.86 5.10 1.76 34.17 -4.25 0.10
