Car 0.00 0 -2.36 0.00 153.31 40.74 374.00 1.66 1.72 3.95 -7.77 1.52 6.33 -3.25 0.91
Car 0.00 0 -8.02 470.83 170.22 513.68 201.43 1.60 1.62 4.06 -6.47 1.46 39.12 -8.19 0.88
Car 0.00 0 -2.83 36.81 157.99 283.87 247.22 1.71 1.69 4.08 -9.27 1.43 15.15 -3.38 0.70
Car 0.00 0 -5.66 0.00 164.91 186.63 308.81 1.58 1.59 4.01 -7.78 1.49 8.90 -6.38 0.64
Car 0.00 0 -2.76 180.88 165.93 328.39 220.67 1.54 1.61 3.55 -10.40 1.34 21.21 -3.22 0.53
Car 0.00 0 -2.94 115.65 171.51 311.47 234.95 1.44 1.58 3.97 -9.60 1.41 17.70 -3.44 0.49
Cyclist 0.00 0 -6.23 336.00 164.49 379.90 205.95 1.73 0.67 1.72 -10.71 1.38 30.58 -6.56 0.24
Car 0.00 0 -7.46 286.43 170.11 376.15 215.76 1.50 1.61 3.85 -9.81 1.41 25.59 -7.83 0.19
Pedestrian 0.00 0 -4.03 1230.51 119.35 1241.00 374.00 1.87 0.72 1.01 5.20 1.52 5.17 -3.24 0.15
Pedestrian 0.00 0 -5.28 1135.95 120.25 1241.00 374.00 1.86 0.64 0.88 4.33 1.52 5.19 -4.58 0.12
