Car 0.00 0 -4.48 386.15 186.38 540.50 297.12 1.47 1.65 3.88 -2.29 1.73 12.02 -4.67 0.95
Car 0.00 0 -4.58 564.15 181.30 616.66 220.22 1.40 1.60 3.77 -0.76 1.77 28.84 -4.60 0.93
Pedestrian 0.00 0 -4.71 856.83 165.73 874.93 213.36 1.94 0.70 0.82 10.55 1.65 29.87 -4.37 0.57
Pedestrian 0.00 0 -5.64 657.11 172.92 674.81 205.85 1.74 0.57 0.75 2.96 1.74 38.61 -5.56 0.40
Pedestrian 0.00 0 -3.49 1062.94 131.67 1241.00 374.00 1.76 0.55 0.58 1.83 1.64 2.35 -2.83 0.33
Car 0.00 0 -7.81 268.36 177.60 322.01 225.78 1.63 1.66 3.64 -11.63 1.81 26.73 -8.22 0.29
Pedestrian 0.00 0 -6.68 349.79 174.81 371.61 217.51 1.80 0.59 0.72 -10.74 1.89 30.97 -7.01 0.21
Car 0.00 0 -8.17 526.27 175.84 579.25 205.96 1.59 1.70 4.37 -3.34 1.77 40.91 -8.25 0.19
Cyclist 0.00 0 -7.91 1116.18 158.39 1145.05 234.64 1.74 0.46 1.74 12.44 1.41 17.33 -7.29 0.17
Cyclist 0.00 0 -2.24 2.74 173.81 122.31 286.06 1.82 0.60 1.83 -9.31 1.83 12.20 -2.89 0.17
Car 0.00 0 -4.54 684.23 173.11 714.77 194.34 1.58 1.67 4.16 6.94 1.60 55.87 -4.42 0.14
Car 0.00 0 -7.89 822.41 169.70 847.98 192.94 1.66 1.67 3.97 16.64 1.43 53.52 -7.59 0.13
Car 0.00 0 -4.55 756.03 173.05 778.44 188.93 1.49 1.52 3.81 15.25 1.51 69.96 -4.33 0.12
Car 0.00 0 -4.43 871.77 171.01 903.64 186.87 1.46 1.70 4.37 26.50 1.29 68.84 -4.07 0.11
Pedestrian 0.00 0 -4.64 346.68 172.57 363.50 218.25 1.85 0.61 0.69 -10.52 1.84 29.66 -4.98 0.11
Car 0.00 0 -4.77 848.63 171.51 868.40 187.48 1.48 1.58 3.87 23.66 1.35 68.83 -4.43 0.10
