Pedestrian 0.00 0 -7.85 427.65 169.95 463.07 264.13 1.75 0.65 0.94 -3.06 1.54 13.90 -8.06 0.85
Pedestrian 0.00 0 -4.84 705.18 163.42 746.19 255.20 1.77 0.68 1.05 2.44 1.42 14.40 -4.67 0.83
Cyclist 0.00 0 -4.96 564.10 171.70 586.80 213.13 1.76 0.55 1.83 -1.17 1.34 31.47 -5.00 0.82
Cyclist 0.00 0 -4.54 581.51 169.81 607.91 224.04 1.75 0.60 1.76 -0.24 1.37 24.11 -4.55 0.79
Pedestrian 0.00 0 -5.05 664.13 168.56 707.86 257.85 1.70 0.59 0.91 1.62 1.46 14.22 -4.93 0.79
Cyclist 0.00 0 -8.24 897.09 107.13 1167.84 373.00 1.90 0.59 1.76 2.13 1.59 3.93 -7.74 0.59
Pedestrian 0.00 0 -3.30 736.47 165.51 758.22 212.61 1.86 0.74 0.75 5.81 1.23 28.74 -3.10 0.58
Pedestrian 0.00 0 -4.87 524.91 170.16 543.60 214.20 1.80 0.65 0.84 -2.81 1.34 29.87 -4.96 0.53
Cyclist 0.00 0 -5.07 609.50 172.96 634.66 212.70 1.68 0.57 1.59 0.87 1.32 31.24 -5.04 0.51
Pedestrian 0.00 0 -8.27 747.30 166.58 769.44 214.84 1.78 0.54 0.78 5.85 1.23 26.91 -8.05 0.48
Pedestrian 0.00 0 -3.77 0.00 158.24 115.34 373.00 1.84 0.65 0.87 -4.57 1.67 5.71 -4.44 0.45
Car 0.00 0 -7.83 576.95 177.81 600.35 199.60 1.52 1.61 3.77 -0.88 1.26 51.86 -7.85 0.43
Pedestrian 0.00 0 -8.28 725.89 164.47 750.25 214.72 1.81 0.66 0.67 4.99 1.20 26.34 -8.10 0.43
Pedestrian 0.00 0 -7.27 0.00 173.79 23.21 245.66 1.68 0.60 0.83 -14.51 1.50 17.22 -7.97 0.39
Pedestrian 0.00 0 -5.73 663.30 172.04 679.92 198.75 1.78 0.56 0.96 4.73 1.15 48.33 -5.64 0.31
Car 0.00 0 -2.90 445.22 179.85 529.81 212.84 1.45 1.57 3.51 -5.13 1.38 32.53 -3.06 0.30
Pedestrian 0.00 0 -4.76 406.48 164.21 431.71 233.94 1.91 0.65 0.71 -5.14 1.44 20.09 -5.01 0.28
Pedestrian 0.00 0 -6.30 119.15 161.87 155.03 232.60 1.87 0.53 0.80 -12.59 1.35 19.42 -6.88 0.22
Pedestrian 0.00 0 -2.88 0.00 158.64 60.16 373.00 1.80 0.54 1.00 -4.41 1.66 4.88 -3.61 0.22
Cyclist 0.00 0 -5.30 265.33 168.58 301.56 211.32 1.88 0.61 1.77 -14.35 1.31 32.38 -5.72 0.19
Cyclist 0.00 0 -6.76 155.99 170.49 311.77 321.92 1.75 0.58 1.69 -4.67 1.62 9.14 -7.23 0.19
Pedestrian 0.00 0 -3.88 1205.93 113.18 1237.00 335.59 1.88 0.59 0.92 6.03 1.30 6.38 -3.12 0.18
Cyclist 0.00 0 -2.75 290.18 171.76 350.82 222.86 1.70 0.71 1.77 -9.49 1.37 24.22 -3.12 0.18
Pedestrian 0.00 0 -5.13 241.91 163.99 275.30 238.54 1.89 0.53 0.73 -8.94 1.45 18.67 -5.58 0.18
Pedestrian 0.00 0 -8.88 861.16 151.20 996.42 373.00 1.79 0.60 0.88 2.77 1.55 6.22 -8.46 0.18
Cyclist 0.00 0 -6.09 247.17 176.02 318.73 237.11 1.65 0.70 1.72 -8.87 1.51 19.99 -6.51 0.18
Cyclist 0.00 0 -2.27 366.36 173.08 416.01 224.91 1.70 0.64 1.74 -7.13 1.42 24.26 -2.56 0.16
Pedestrian 0.00 0 -6.90 1002.24 183.47 1237.00 373.00 1.61 0.64 0.72 1.93 1.62 2.60 -6.26 0.16
Pedestrian 0.00 0 -5.34 774.93 159.76 803.96 214.46 1.90 0.59 0.88 6.64 1.15 25.48 -5.08 0.15
Pedestrian 0.00 0 -8.18 334.15 165.75 361.38 225.54 1.86 0.59 0.81 -8.09 1.37 22.84 -8.52 0.14
Pedestrian 0.00 0 -4.39 362.96 163.77 389.13 215.42 1.94 0.70 0.92 -8.63 1.28 27.47 -4.69 0.14
Pedestrian 0.00 0 -5.90 640.28 172.76 650.55 193.53 1.87 0.49 0.80 4.03 1.09 65.17 -5.84 0.14
Cyclist 0.00 0 -7.75 335.27 175.56 351.50 218.48 1.60 0.42 1.65 -9.97 1.38 27.71 -8.09 0.14
Cyclist 0.00 0 -7.77 459.78 172.07 478.62 228.00 1.72 0.46 1.53 -4.22 1.43 22.82 -7.95 0.14
Pedestrian 0.00 0 -5.74 288.27 174.04 301.11 197.58 1.80 0.61 0.69 -23.56 1.23 55.22 -6.14 0.13
Car 0.00 0 -6.63 793.80 169.43 949.20 223.23 1.51 1.63 3.92 7.76 1.17 20.94 -6.28 0.13
Cyclist 0.00 0 -8.19 755.92 163.34 784.59 215.85 1.74 0.41 1.69 5.77 1.14 24.71 -7.97 0.13
Pedestrian 0.00 0 -4.54 346.64 191.99 379.23 268.76 1.41 0.50 0.59 -4.56 1.62 13.64 -4.86 0.12
Cyclist 0.00 0 -4.79 346.95 173.26 368.88 235.07 1.71 0.47 1.62 -7.07 1.49 20.74 -5.12 0.12
Pedestrian 0.00 0 -6.51 463.31 174.19 475.66 203.62 1.79 0.54 0.64 -8.10 1.35 44.14 -6.69 0.12
Pedestrian 0.00 0 -5.93 472.42 181.85 486.84 206.64 1.61 0.63 0.76 -7.95 1.63 46.93 -6.10 0.12
Pedestrian 0.00 0 -5.20 39.26 179.71 95.32 269.42 1.65 0.60 0.68 -10.16 1.62 13.62 -5.84 0.12
Cyclist 0.00 0 -7.48 113.02 172.61 147.01 221.65 1.68 0.44 1.63 -16.70 1.38 25.44 -8.06 0.11
Pedestrian 0.00 0 -4.03 717.46 169.63 735.50 211.28 1.70 0.58 0.45 5.15 1.22 29.66 -3.86 0.11
Pedestrian 0.00 0 -5.70 165.61 174.53 181.97 220.06 1.76 0.54 0.30 -16.69 1.49 28.00 -6.23 0.10
Cyclist 0.00 0 -7.85 463.11 177.69 471.81 211.34 1.64 0.42 1.60 -6.67 1.45 35.76 -8.03 0.10
Pedestrian 0.00 0 -8.70 1176.98 200.56 1237.00 373.00 1.48 0.62 0.67 2.83 1.56 2.87 -7.92 0.10
