Car 0.00 0 -7.83 588.57 173.44 609.83 194.14 1.61 1.62 4.06 -0.87 1.66 58.22 -7.84 0.34
Car 0.00 0 -5.71 47.69 175.80 185.73 216.98 1.47 1.55 4.02 -18.23 1.58 26.72 -6.31 0.32
Car 0.00 0 -8.11 655.45 178.57 728.51 225.16 1.52 1.63 4.03 2.83 1.74 26.13 -8.01 0.32
Pedestrian 0.00 0 -8.06 1072.08 163.40 1101.90 222.49 1.81 0.62 0.82 14.89 1.52 22.61 -7.48 0.22
Cyclist 0.00 0 -5.93 54.23 163.06 114.03 221.38 1.81 0.60 1.41 -16.69 1.51 22.86 -6.57 0.18
Car 0.00 0 -7.44 213.81 175.87 277.98 204.93 1.43 1.67 3.66 -19.07 1.60 37.87 -7.91 0.18
Car 0.00 0 -5.35 933.78 207.44 1241.00 374.00 1.61 1.63 3.83 2.71 1.84 2.86 -4.59 0.16
Car 0.00 0 -6.89 197.21 177.94 294.37 209.72 1.43 1.65 4.02 -17.75 1.69 35.27 -7.35 0.14
Pedestrian 0.00 0 -4.89 1232.09 159.26 1241.00 234.07 1.82 0.63 0.76 15.97 1.49 18.01 -4.17 0.13
Pedestrian 0.00 0 -2.77 680.02 188.44 821.19 374.00 1.75 0.60 0.65 0.78 1.85 4.26 -2.59 0.11
Pedestrian 0.00 0 -7.21 1114.49 163.18 1141.55 217.46 1.84 0.59 0.47 17.79 1.51 24.84 -6.59 0.11
Car 0.00 0 -6.54 668.44 176.04 827.02 235.00 1.67 1.73 4.36 4.00 1.77 21.61 -6.36 0.11
Car 0.00 0 -8.08 595.14 176.02 636.12 203.77 1.56 1.64 3.82 0.26 1.76 43.16 -8.07 0.10
