Pedestrian 0.00 0 -5.69 107.23 152.95 237.01 336.84 1.85 0.63 0.98 -4.58 1.57 7.43 -6.25 0.90
Cyclist 0.00 0 -7.65 494.99 163.02 551.73 263.67 1.71 0.68 1.88 -1.51 1.42 13.01 -7.77 0.20
Pedestrian 0.00 0 -8.19 837.51 168.94 870.87 234.08 1.61 0.60 0.69 6.23 1.33 17.80 -7.85 0.18
Car 0.00 0 -5.40 0.00 182.52 122.28 225.55 1.47 1.67 4.36 -20.05 1.55 25.59 -6.07 0.17
Pedestrian 0.00 0 -4.34 0.00 174.29 49.54 259.12 1.65 0.63 0.73 -11.70 1.53 14.16 -5.04 0.17
Pedestrian 0.00 0 -5.30 980.09 231.12 1085.17 369.00 1.16 0.37 0.67 3.17 1.57 5.36 -4.77 0.15
Car 0.00 0 -6.22 653.69 141.41 720.08 169.18 1.50 1.62 3.66 4.68 -0.66 40.26 -6.11 0.15
Car 0.00 0 -3.99 0.00 184.00 72.94 236.03 1.47 1.65 4.14 -19.25 1.59 22.35 -4.70 0.13
Pedestrian 0.00 0 -7.98 261.64 162.01 302.39 256.78 1.77 0.61 0.94 -6.33 1.42 13.74 -8.41 0.13
Pedestrian 0.00 0 -4.56 1177.08 168.65 1223.00 264.94 1.57 0.61 0.64 10.12 1.38 11.99 -3.86 0.11
Pedestrian 0.00 0 -5.62 1011.15 153.98 1082.82 265.41 1.76 0.60 0.81 7.23 1.34 11.66 -5.07 0.11
Pedestrian 0.00 0 -5.52 211.37 160.58 273.53 254.47 1.82 0.62 0.93 -7.29 1.44 14.14 -6.00 0.11
Cyclist 0.00 0 -8.05 954.19 168.28 1017.25 278.73 1.60 0.53 1.83 5.95 1.43 11.21 -7.56 0.10
