Pedestrian 0.00 0 -5.61 190.80 194.42 290.93 350.23 1.58 0.52 0.81 -3.90 1.73 7.70 -6.08 0.65
Pedestrian 0.00 0 -7.16 1004.79 163.43 1113.52 310.20 1.60 0.62 0.91 5.22 1.41 8.28 -6.59 0.47
Pedestrian 0.00 0 -8.10 920.38 148.64 1081.86 373.00 1.76 0.71 0.86 2.48 1.57 4.65 -7.61 0.46
Car 0.00 0 -5.96 0.00 164.61 90.45 208.80 1.59 1.62 4.09 -22.11 0.98 27.28 -6.64 0.38
Pedestrian 0.00 0 -6.40 1109.45 157.92 1199.02 347.87 1.65 0.65 0.58 5.06 1.45 6.67 -5.75 0.36
Car 0.00 0 -5.95 0.00 163.02 83.13 228.02 1.92 1.72 4.17 -19.20 1.37 22.75 -6.66 0.26
Pedestrian 0.00 0 -5.50 1033.68 144.30 1145.97 323.10 1.75 0.62 0.75 5.01 1.39 7.47 -4.91 0.24
Car 0.00 0 -8.00 1077.79 156.95 1161.91 208.27 1.46 1.61 3.44 15.93 0.76 22.26 -7.38 0.22
Car 0.00 0 -8.09 526.71 166.98 605.71 219.87 1.62 1.71 4.20 -1.31 1.17 24.20 -8.14 0.22
Cyclist 0.00 0 -2.27 0.00 169.71 136.74 373.00 1.75 0.56 1.83 -3.03 1.71 2.94 -3.07 0.21
Cyclist 0.00 0 -3.01 782.34 164.78 844.99 220.05 1.65 0.65 1.79 6.52 1.16 22.16 -2.73 0.17
Pedestrian 0.00 0 -3.53 912.40 135.40 1060.76 351.50 1.84 0.58 1.03 3.37 1.45 6.44 -3.05 0.14
Pedestrian 0.00 0 -8.59 821.60 159.73 847.79 209.39 1.74 0.66 0.59 8.26 0.98 25.50 -8.27 0.13
Car 0.00 0 -7.77 128.28 179.56 211.33 245.19 1.65 1.66 3.90 -12.01 1.60 20.14 -8.31 0.13
Car 0.00 0 -8.37 679.28 154.34 761.98 202.70 1.61 1.53 3.16 4.15 0.70 25.59 -8.21 0.12
Car 0.00 0 -7.78 2.71 182.08 97.06 252.03 1.68 1.70 4.20 -14.87 1.70 19.51 -8.43 0.12
Pedestrian 0.00 0 -8.47 920.68 164.87 954.68 223.99 1.67 0.62 0.66 9.62 1.20 20.62 -8.03 0.11
Car 0.00 0 -7.23 967.65 158.82 1079.87 202.00 1.44 1.55 3.71 14.88 0.68 25.34 -6.70 0.11
