Car 0.00 0 -7.71 397.51 181.42 502.00 260.78 1.42 1.59 4.13 -3.33 1.63 15.47 -7.92 0.95
Car 0.00 0 -8.00 655.98 172.33 734.98 231.79 1.51 1.61 4.19 2.26 1.49 20.40 -7.88 0.94
Car 0.00 0 -8.22 725.15 170.13 1013.69 357.82 1.59 1.61 3.93 2.49 1.57 8.13 -7.92 0.93
Car 0.00 0 -7.49 22.00 190.25 430.96 374.00 1.44 1.63 4.43 -2.98 1.65 6.70 -7.90 0.88
Car 0.00 0 -7.98 621.35 174.25 659.25 204.86 1.51 1.52 3.68 1.50 1.59 37.62 -7.94 0.86
Cyclist 0.00 0 -4.68 520.75 171.12 531.69 204.11 1.77 0.54 1.78 -4.62 1.67 39.52 -4.80 0.37
Car 0.00 0 -4.97 630.01 172.99 674.22 200.31 1.51 1.58 4.07 2.37 1.52 42.17 -4.91 0.21
Car 0.00 0 -8.09 644.63 168.52 676.07 190.22 1.71 1.64 4.03 4.04 1.37 58.83 -8.03 0.19
Pedestrian 0.00 0 -5.00 810.93 148.31 852.04 236.89 1.86 0.65 0.78 4.72 1.35 15.57 -4.71 0.14
Pedestrian 0.00 0 -5.57 350.36 181.68 391.82 254.18 1.57 0.53 0.70 -5.37 1.77 16.06 -5.89 0.14
Pedestrian 0.00 0 -4.48 825.81 145.70 946.49 374.00 1.74 0.61 0.77 1.83 1.58 4.88 -4.13 0.13
Pedestrian 0.00 0 -5.22 699.67 158.44 719.86 200.26 1.99 0.69 0.74 4.76 1.30 34.73 -5.08 0.12
Cyclist 0.00 0 -6.95 220.30 168.41 328.16 275.19 1.69 0.58 1.67 -5.72 1.62 12.27 -7.39 0.12
