Car 0.00 0 -8.18 796.71 184.00 1045.22 333.97 1.51 1.67 4.27 3.78 1.69 9.76 -7.81 0.98
Car 0.00 0 -8.52 961.94 192.41 1241.00 374.00 1.55 1.67 4.22 3.63 1.72 4.00 -7.78 0.96
Car 0.00 0 -4.45 399.69 184.59 496.22 252.41 1.60 1.62 3.78 -4.34 1.96 19.66 -4.66 0.95
Car 0.00 0 -7.94 696.36 177.24 735.65 211.13 1.67 1.71 4.07 5.51 1.91 38.11 -7.79 0.92
Car 0.00 0 -4.51 457.66 184.98 529.45 235.68 1.53 1.64 4.05 -3.95 1.98 24.82 -4.66 0.86
Car 0.00 0 -4.57 516.67 183.29 561.23 217.85 1.50 1.58 3.89 -3.38 2.03 34.50 -4.67 0.77
Car 0.00 0 -4.53 491.00 185.04 546.04 224.77 1.46 1.58 3.93 -3.74 2.00 29.77 -4.66 0.63
Car 0.00 0 -4.40 587.19 181.05 620.50 200.21 1.52 1.68 3.99 -0.51 2.24 61.28 -4.41 0.22
Pedestrian 0.00 0 -6.10 957.91 166.71 976.07 217.73 1.97 0.69 0.52 13.98 1.74 28.34 -5.64 0.20
Cyclist 0.00 0 -8.41 891.68 171.74 957.88 254.08 1.74 0.52 1.72 6.96 1.72 16.16 -8.00 0.17
Pedestrian 0.00 0 -8.60 796.72 184.80 812.97 216.87 1.50 0.51 0.54 9.23 2.07 34.32 -8.33 0.15
Pedestrian 0.00 0 -4.70 117.04 198.64 143.93 263.22 1.47 0.52 0.63 -11.44 2.10 17.14 -5.28 0.14
Car 0.00 0 -4.84 622.64 180.67 648.76 198.28 1.41 1.72 3.90 2.13 2.10 61.48 -4.81 0.13
Cyclist 0.00 0 -7.12 798.07 174.50 829.07 208.05 1.81 0.71 1.67 11.15 1.90 39.64 -6.85 0.13
Car 0.00 0 -7.05 32.59 192.16 203.59 261.72 1.49 1.55 3.48 -12.37 2.03 18.34 -7.64 0.12
Pedestrian 0.00 0 -7.70 68.40 176.47 128.13 283.34 1.91 0.85 0.41 -9.47 1.98 13.30 -8.32 0.12
Pedestrian 0.00 0 -8.04 923.76 157.75 959.85 237.16 2.00 0.73 0.70 8.51 1.62 18.63 -7.61 0.11
