Car 0.00 0 -6.31 521.31 172.63 641.70 214.54 1.59 1.70 4.60 -1.18 1.58 28.42 -6.35 0.30
Car 0.00 0 -7.24 0.00 178.46 53.07 254.81 1.47 1.59 3.80 -14.62 1.61 16.15 -7.97 0.23
Car 0.00 0 -3.11 390.91 174.02 475.38 204.73 1.68 1.72 4.55 -9.98 1.75 40.80 -3.35 0.18
Car 0.00 0 -7.68 457.20 179.11 490.30 202.44 1.43 1.51 3.71 -8.91 1.86 47.22 -7.87 0.14
Car 0.00 0 -5.37 1106.82 207.48 1241.00 374.00 1.46 1.59 3.92 6.91 1.91 7.24 -4.60 0.13
Pedestrian 0.00 0 -6.91 1006.67 175.77 1021.31 200.82 1.81 0.56 0.74 29.32 2.02 52.42 -6.40 0.12
Cyclist 0.00 0 -6.24 501.44 174.88 521.05 197.42 1.82 0.67 1.56 -8.08 1.99 58.90 -6.38 0.11
Car 0.00 0 -8.18 761.35 176.87 828.16 214.03 1.47 1.57 4.00 7.81 1.65 31.01 -7.93 0.11
Cyclist 0.00 0 -6.99 0.00 187.74 22.64 374.00 1.67 0.52 1.67 -5.58 1.80 5.57 -7.78 0.11
Cyclist 0.00 0 -7.18 246.20 169.09 339.24 288.20 1.75 0.47 1.57 -5.02 1.69 11.39 -7.60 0.10
Car 0.00 0 -7.84 576.57 180.11 600.79 202.63 1.43 1.58 3.87 -1.45 1.95 49.11 -7.87 0.10
Car 0.00 0 -2.95 164.50 177.46 326.89 234.63 1.54 1.68 3.95 -10.47 1.68 20.93 -3.41 0.10
Car 0.00 0 -4.74 799.03 178.89 848.11 223.04 1.47 1.62 4.04 7.84 1.72 26.85 -4.45 0.10
Pedestrian 0.00 0 -3.31 1210.06 169.01 1231.90 209.84 1.96 0.64 0.71 29.68 1.78 35.10 -2.61 0.10
