Car 0.00 0 -8.30 809.19 186.18 1232.92 374.00 1.46 1.68 4.19 3.30 1.63 6.96 -7.86 0.97
Car 0.00 0 -4.37 424.36 185.69 502.16 229.23 1.46 1.62 4.18 -5.57 1.99 27.70 -4.57 0.96
Car 0.00 0 -4.23 154.61 195.04 377.18 302.56 1.43 1.68 4.35 -5.78 1.89 12.70 -4.66 0.96
Car 0.00 0 -8.14 733.87 174.17 901.63 286.49 1.60 1.62 4.03 3.28 1.63 12.37 -7.88 0.96
Car 0.00 0 -3.92 0.00 214.61 124.97 374.00 1.45 1.70 4.23 -5.92 1.89 5.43 -4.75 0.95
Car 0.00 0 -4.42 332.37 188.56 434.11 256.82 1.51 1.52 3.55 -5.74 1.95 18.50 -4.72 0.95
Car 0.00 0 -4.90 688.43 180.49 759.20 234.49 1.49 1.50 3.55 3.37 1.74 22.19 -4.75 0.94
Car 0.00 0 -8.03 651.41 178.40 694.53 210.49 1.52 1.57 3.61 3.10 1.81 36.59 -7.94 0.88
Car 0.00 0 -3.92 1092.21 149.55 1241.00 288.47 1.49 1.59 4.15 8.26 1.24 8.54 -3.15 0.84
Car 0.00 0 -8.02 670.67 181.36 729.99 223.14 1.45 1.64 4.00 3.37 1.80 27.91 -7.90 0.74
Car 0.00 0 -4.53 497.21 180.06 535.03 208.27 1.56 1.57 3.70 -5.54 2.00 42.66 -4.66 0.61
Car 0.00 0 -5.51 0.00 188.41 142.37 248.65 1.46 1.58 4.10 -14.89 1.90 19.06 -6.18 0.51
Car 0.00 0 -5.54 0.00 181.54 78.27 257.87 1.66 1.68 4.07 -15.03 1.87 16.74 -6.27 0.48
Car 0.00 0 -8.53 555.80 175.29 594.79 194.34 1.69 1.66 3.66 -3.23 1.92 66.37 -8.58 0.32
Car 0.00 0 -7.38 48.76 185.84 168.21 238.94 1.45 1.58 3.58 -15.52 1.89 22.48 -7.98 0.22
Pedestrian 0.00 0 -5.52 45.48 175.15 102.06 260.53 1.93 0.66 0.82 -12.43 1.98 16.67 -6.16 0.22
Cyclist 0.00 0 -4.47 487.03 175.87 506.38 210.80 1.78 0.59 1.81 -5.96 1.94 37.77 -4.63 0.21
Pedestrian 0.00 0 -8.07 242.72 175.77 265.13 224.08 1.82 0.67 0.52 -13.72 1.94 27.70 -8.53 0.19
Car 0.00 0 -8.07 647.77 178.40 686.51 207.09 1.58 1.57 3.43 3.27 1.92 42.29 -7.99 0.17
Car 0.00 0 -2.36 73.95 161.22 160.51 190.58 1.67 1.72 4.20 -28.93 1.01 42.36 -2.96 0.16
Car 0.00 0 -4.41 750.00 180.43 809.16 214.55 1.43 1.57 3.92 7.85 1.81 33.34 -4.18 0.12
Car 0.00 0 -8.55 1079.16 136.20 1241.00 228.68 1.63 1.67 4.18 11.83 0.99 14.83 -7.88 0.11
