Car 0.00 0 -8.14 730.85 189.55 896.24 293.33 1.48 1.63 4.55 3.45 1.84 13.34 -7.89 0.95
Car 0.00 0 -8.00 661.38 173.58 720.81 225.30 2.00 1.83 4.59 3.26 2.03 30.24 -7.89 0.78
Cyclist 0.00 0 -6.81 754.11 171.82 802.50 221.40 1.97 0.70 1.81 6.80 1.93 29.34 -6.58 0.34
Car 0.00 0 -5.97 460.27 177.45 528.62 203.17 1.66 1.65 4.20 -7.72 1.98 48.17 -6.13 0.30
Car 0.00 0 -2.85 416.85 185.08 518.81 227.64 1.64 1.65 3.76 -5.79 2.16 29.39 -3.05 0.26
Car 0.00 0 -5.87 430.67 184.61 506.77 211.78 1.50 1.64 4.04 -8.26 2.20 42.09 -6.07 0.22
Car 0.00 0 -6.03 447.65 169.73 504.45 191.59 1.82 1.68 4.45 -11.35 1.56 61.14 -6.21 0.17
Car 0.00 0 -4.89 830.68 184.83 895.64 230.43 1.52 1.62 4.15 9.48 2.01 27.41 -4.55 0.17
Car 0.00 0 -8.28 880.85 184.42 1113.73 301.43 1.58 1.72 4.54 6.28 1.82 12.49 -7.82 0.13
Pedestrian 0.00 0 -6.81 0.00 177.73 24.85 342.97 1.67 0.58 0.65 -6.88 1.73 7.73 -7.54 0.12
Cyclist 0.00 0 -7.91 540.53 176.93 548.40 206.29 1.73 0.38 1.63 -3.99 1.98 43.46 -8.00 0.11
