Car 0.00 0 -8.22 575.20 173.96 610.83 194.00 1.58 1.60 3.95 -1.45 1.67 59.09 -8.24 0.28
Car 0.00 0 -5.00 1082.30 186.96 1150.00 222.86 1.50 1.54 3.89 23.59 2.20 33.83 -4.39 0.20
Car 0.00 0 -4.82 965.15 192.56 993.91 214.54 1.55 1.60 4.04 29.12 3.17 56.98 -4.34 0.19
Cyclist 0.00 0 -7.00 1066.35 159.81 1132.47 212.59 1.71 0.67 1.81 16.13 1.29 23.85 -6.40 0.19
Car 0.00 0 -4.12 62.44 179.80 177.68 221.55 1.46 1.66 4.16 -18.87 1.75 27.97 -4.72 0.18
Pedestrian 0.00 0 -4.90 944.13 159.09 966.55 209.60 1.88 0.64 0.75 13.05 1.37 27.37 -4.45 0.18
Cyclist 0.00 0 -8.44 1039.81 176.46 1064.73 207.12 1.69 0.40 1.57 24.98 1.90 40.83 -7.89 0.17
Car 0.00 0 -3.28 634.50 182.27 779.35 235.17 1.48 1.63 4.06 2.74 1.77 21.36 -3.15 0.17
Car 0.00 0 -5.08 803.39 172.51 840.10 195.20 1.78 1.55 3.99 17.18 1.76 58.80 -4.79 0.14
Pedestrian 0.00 0 -4.76 979.64 155.60 998.15 201.14 1.95 0.67 0.83 16.48 1.21 31.47 -4.28 0.14
