Car 0.00 0 -2.83 0.00 195.09 130.50 331.06 1.45 1.71 4.27 -9.33 1.81 9.93 -3.59 0.96
Car 0.00 0 -4.52 402.96 186.16 498.93 258.82 1.44 1.51 3.58 -3.63 1.78 16.77 -4.73 0.93
Car 0.00 0 -3.30 421.14 181.29 502.37 210.70 1.52 1.58 4.17 -8.17 2.00 39.61 -3.50 0.85
Car 0.00 0 -4.84 519.09 180.36 550.76 205.49 1.53 1.59 3.70 -4.97 2.04 47.12 -4.95 0.53
Cyclist 0.00 0 -4.79 100.17 177.28 147.65 286.49 1.75 0.54 1.78 -8.49 1.83 12.49 -5.39 0.30
Pedestrian 0.00 0 -5.99 660.35 170.96 677.74 202.44 1.91 0.65 0.92 3.60 1.80 44.32 -5.91 0.22
Pedestrian 0.00 0 -8.19 245.13 168.94 295.72 266.07 1.90 0.73 0.72 -6.92 1.82 14.60 -8.63 0.15
Cyclist 0.00 0 -4.06 491.27 179.44 512.80 207.12 1.62 0.45 1.51 -6.52 2.03 43.43 -4.20 0.14
Pedestrian 0.00 0 -4.41 779.71 152.64 822.03 249.96 1.97 0.62 0.92 3.96 1.56 15.15 -4.16 0.13
Pedestrian 0.00 0 -5.97 864.49 165.76 892.24 248.50 1.78 0.57 0.42 5.86 1.63 15.88 -5.61 0.11
