Cyclist 0.00 0 -4.10 528.97 139.50 646.60 290.89 1.74 0.64 1.69 -0.29 1.36 9.19 -4.13 0.62
Pedestrian 0.00 0 -4.22 1107.51 133.17 1180.18 246.98 1.76 0.61 0.85 8.53 1.15 11.60 -3.58 0.26
Car 0.00 0 -3.45 716.09 137.92 826.00 179.38 1.50 1.57 3.71 5.94 0.24 27.03 -3.24 0.24
Pedestrian 0.00 0 -8.31 1089.62 155.09 1129.05 220.61 1.73 0.62 0.73 13.37 1.26 19.41 -7.70 0.23
Pedestrian 0.00 0 -3.46 1144.97 142.38 1225.41 247.54 1.69 0.57 0.91 9.51 1.20 12.02 -2.79 0.17
Pedestrian 0.00 0 -7.90 1051.04 140.91 1095.50 243.62 1.70 0.61 0.66 7.86 1.17 12.35 -7.34 0.15
Cyclist 0.00 0 -7.56 738.00 132.47 773.14 192.34 1.73 0.54 1.84 4.37 0.56 21.83 -7.36 0.14
Pedestrian 0.00 0 -5.07 1177.77 140.63 1241.00 262.85 1.79 0.62 0.83 9.21 1.32 11.07 -4.38 0.12
Pedestrian 0.00 0 -4.64 969.61 138.88 1007.86 232.50 1.75 0.61 0.67 7.25 1.11 13.90 -4.16 0.12
Pedestrian 0.00 0 -2.62 604.53 144.09 644.18 238.79 1.64 0.57 0.49 0.21 1.14 12.88 -2.60 0.12
Pedestrian 0.00 0 -4.95 111.56 189.11 185.91 324.91 1.38 0.55 0.59 -5.05 1.56 7.81 -5.53 0.12
Pedestrian 0.00 0 -4.76 167.54 149.86 224.37 296.86 1.68 0.56 0.76 -5.06 1.42 8.70 -5.28 0.11
Pedestrian 0.00 0 -8.88 993.74 134.32 1040.46 213.75 1.80 0.64 0.72 9.44 0.93 16.82 -8.37 0.11
Car 0.00 0 -8.43 921.87 126.64 1025.64 170.77 1.58 1.67 4.03 13.97 -0.09 28.07 -7.97 0.11
Pedestrian 0.00 0 -5.05 583.58 136.62 628.68 246.82 1.82 0.59 0.64 -0.12 1.22 12.29 -5.06 0.10
Pedestrian 0.00 0 -8.22 513.92 144.51 560.88 256.94 1.66 0.54 0.58 -1.17 1.24 11.02 -8.33 0.10
Pedestrian 0.00 0 -3.73 1238.39 140.05 1241.00 254.86 1.79 0.58 0.81 10.69 1.28 11.57 -2.99 0.10
Pedestrian 0.00 0 -4.65 298.55 146.77 350.37 287.01 1.69 0.57 0.70 -3.64 1.37 9.09 -5.04 0.10
