Car 0.00 0 -4.67 561.43 171.08 617.87 219.42 1.43 1.67 4.29 -0.33 1.13 23.47 -4.69 0.88
Pedestrian 0.00 0 -8.68 980.05 146.96 1133.08 346.93 1.70 0.76 0.92 4.12 1.40 6.63 -8.13 0.81
Pedestrian 0.00 0 -4.71 463.03 168.23 481.25 212.32 1.64 0.67 0.72 -4.91 1.15 27.17 -4.89 0.61
Pedestrian 0.00 0 -4.82 782.92 154.05 822.17 246.76 1.81 0.68 0.75 3.99 1.27 14.44 -4.55 0.60
Pedestrian 0.00 0 -4.59 553.66 164.99 569.62 203.79 1.77 0.64 0.86 -1.85 1.02 33.22 -4.65 0.50
Car 0.00 0 -6.65 1194.94 152.83 1237.00 373.00 1.45 1.52 3.97 7.72 1.27 6.12 -5.76 0.46
Pedestrian 0.00 0 -2.91 280.91 157.04 336.13 250.77 1.86 0.60 0.93 -5.97 1.37 14.59 -3.30 0.35
Pedestrian 0.00 0 -5.75 268.43 171.77 302.04 235.88 1.61 0.53 0.60 -8.12 1.37 18.37 -6.17 0.29
Pedestrian 0.00 0 -7.93 502.06 167.21 518.05 201.97 1.66 0.72 0.70 -4.43 0.98 34.70 -8.05 0.29
Pedestrian 0.00 0 -3.13 314.30 166.79 334.55 233.03 1.70 0.56 0.49 -7.26 1.32 18.74 -3.50 0.27
Pedestrian 0.00 0 -3.48 623.30 164.30 640.62 194.49 1.87 0.57 0.95 1.91 0.80 44.83 -3.43 0.27
Car 0.00 0 -4.53 348.51 179.15 426.80 228.35 1.38 1.60 4.09 -6.52 1.31 22.20 -4.82 0.27
Pedestrian 0.00 0 -8.23 813.35 158.37 926.01 373.00 1.68 0.58 0.88 2.14 1.51 5.94 -7.89 0.22
Pedestrian 0.00 0 -8.08 1010.82 171.22 1039.88 223.18 1.47 0.63 0.46 12.15 1.18 20.65 -7.55 0.20
Pedestrian 0.00 0 -8.06 733.43 165.63 786.91 286.41 1.66 0.59 0.82 2.21 1.44 10.26 -7.84 0.19
Pedestrian 0.00 0 -5.04 617.01 162.89 627.76 187.05 1.86 0.58 0.88 1.64 0.43 55.71 -5.01 0.18
Pedestrian 0.00 0 -7.98 1159.02 155.20 1234.64 282.61 1.63 0.70 0.72 7.97 1.30 9.70 -7.29 0.17
Pedestrian 0.00 0 -3.83 966.36 131.38 979.38 170.43 1.86 0.51 0.30 17.91 -0.54 34.66 -3.35 0.17
Pedestrian 0.00 0 -2.96 473.92 154.93 516.16 223.24 1.86 0.68 1.05 -2.96 1.13 19.87 -3.10 0.16
Pedestrian 0.00 0 -4.27 810.06 150.82 849.69 226.52 1.85 0.60 0.96 5.74 1.10 18.14 -3.96 0.16
Cyclist 0.00 0 -4.90 554.38 165.13 572.22 199.81 1.71 0.61 1.57 -1.94 0.90 36.21 -4.96 0.14
Pedestrian 0.00 0 -7.90 447.77 168.85 468.26 215.02 1.63 0.70 0.59 -5.17 1.19 25.76 -8.09 0.14
Pedestrian 0.00 0 -5.54 0.00 154.99 17.48 269.82 1.88 0.59 0.86 -10.51 1.45 12.05 -6.26 0.14
Pedestrian 0.00 0 -4.51 636.08 161.74 646.30 188.81 1.93 0.55 0.98 2.89 0.52 51.88 -4.45 0.13
Car 0.00 0 -7.06 999.25 163.64 1172.28 216.55 1.49 1.64 4.39 14.38 0.99 21.45 -6.47 0.13
Pedestrian 0.00 0 -7.41 594.04 164.22 607.89 192.96 1.80 0.67 0.64 -0.02 0.72 45.46 -7.41 0.13
Cyclist 0.00 0 -4.83 549.28 167.65 562.63 197.12 1.65 0.58 1.62 -2.61 0.87 41.05 -4.89 0.12
Pedestrian 0.00 0 -6.42 633.23 164.33 648.65 192.47 1.82 0.58 0.93 2.58 0.71 46.88 -6.36 0.12
Cyclist 0.00 0 -9.04 1022.39 0.00 1237.00 373.00 2.02 0.63 1.74 1.85 1.57 1.54 -8.17 0.12
Car 0.00 0 -7.84 568.12 167.67 594.37 193.51 1.56 1.59 4.01 -1.25 0.73 45.49 -7.87 0.11
Car 0.00 0 -4.69 478.89 174.78 515.98 208.56 1.37 1.49 3.72 -4.45 1.10 31.00 -4.83 0.11
Pedestrian 0.00 0 -4.51 399.13 200.40 419.86 253.21 1.05 0.35 0.32 -3.92 1.43 14.53 -4.77 0.11
Car 0.00 0 -6.19 539.39 170.63 616.98 198.57 1.47 1.63 4.04 -1.22 0.90 38.65 -6.22 0.11
Car 0.00 0 -4.99 865.24 172.60 1011.49 257.43 1.42 1.55 3.89 6.36 1.27 14.08 -4.56 0.10
