Car 0.00 0 -7.86 593.83 178.36 624.09 208.52 1.62 1.65 4.13 -0.10 1.95 41.47 -7.86 0.88
Pedestrian 0.00 0 -3.96 956.54 149.41 1009.94 238.03 1.89 0.65 0.83 8.14 1.39 15.83 -3.48 0.35
Pedestrian 0.00 0 -6.47 739.89 171.52 754.54 196.48 1.82 0.51 0.98 10.01 1.72 52.82 -6.28 0.30
Car 0.00 0 -2.51 362.76 184.79 458.83 219.50 1.52 1.65 4.20 -9.44 2.10 34.06 -2.78 0.22
Car 0.00 0 -6.86 817.16 171.92 876.41 193.86 1.60 1.64 3.97 17.70 1.54 54.05 -6.55 0.19
Car 0.00 0 -3.86 106.40 190.53 259.36 247.92 1.49 1.60 3.99 -13.04 2.09 22.25 -4.39 0.19
Car 0.00 0 -5.54 304.75 187.54 401.18 223.87 1.45 1.61 3.92 -11.29 2.13 31.57 -5.88 0.15
Pedestrian 0.00 0 -3.50 677.49 170.37 692.66 196.69 1.91 0.45 1.01 5.46 1.73 52.78 -3.40 0.15
Pedestrian 0.00 0 -2.67 765.01 170.82 787.92 219.45 1.83 0.65 0.63 6.33 1.76 27.64 -2.44 0.14
Car 0.00 0 -4.87 807.33 178.11 832.56 198.36 1.82 1.65 4.18 19.76 2.33 68.09 -4.59 0.11
Car 0.00 0 -5.68 132.46 188.96 283.82 235.77 1.55 1.73 4.52 -14.28 2.15 25.68 -6.19 0.11
