Car 0.00 0 -4.52 401.75 184.39 493.61 245.13 1.40 1.68 3.97 -4.28 1.74 19.37 -4.74 0.97
Car 0.00 0 -4.28 0.00 193.53 372.70 374.00 1.50 1.68 4.32 -3.98 1.78 7.56 -4.77 0.97
Car 0.00 0 -7.86 606.85 173.04 654.46 219.80 1.55 1.58 3.30 0.68 1.56 25.64 -7.83 0.92
Car 0.00 0 -4.57 488.16 174.42 534.69 208.21 1.52 1.66 4.03 -4.71 1.60 34.66 -4.71 0.80
Car 0.00 0 -6.88 879.05 144.74 1241.00 367.12 1.79 1.71 4.09 4.81 1.57 6.73 -6.26 0.43
Pedestrian 0.00 0 -5.03 152.90 179.30 210.77 293.85 1.69 0.66 0.43 -6.61 1.79 11.05 -5.57 0.28
Car 0.00 0 -8.22 583.72 169.20 616.05 188.05 1.71 1.66 4.19 -1.01 1.38 67.86 -8.23 0.25
Pedestrian 0.00 0 -4.66 723.43 168.14 749.91 240.40 1.74 0.60 0.80 3.09 1.63 17.82 -4.49 0.24
Pedestrian 0.00 0 -8.13 426.61 175.69 443.20 216.34 1.60 0.56 0.36 -7.00 1.71 28.66 -8.37 0.17
Car 0.00 0 -6.31 513.42 169.06 560.15 186.89 1.63 1.62 4.28 -6.85 1.29 67.19 -6.41 0.16
Pedestrian 0.00 0 -4.18 687.63 159.58 714.93 212.02 1.86 0.62 0.88 3.27 1.39 26.15 -4.05 0.15
Cyclist 0.00 0 -4.37 205.06 179.12 257.12 257.20 1.66 0.56 1.54 -8.55 1.80 16.24 -4.86 0.15
Car 0.00 0 -7.89 637.29 162.89 662.33 187.38 1.81 1.77 4.19 2.99 1.07 55.34 -7.83 0.15
Car 0.00 0 -7.68 455.78 166.48 495.22 198.70 1.81 1.67 3.62 -7.88 1.45 42.34 -7.86 0.14
Pedestrian 0.00 0 -5.34 462.42 169.54 481.00 204.59 1.79 0.63 0.73 -7.17 1.62 37.22 -5.53 0.13
Pedestrian 0.00 0 -3.45 779.10 159.46 808.76 223.45 1.86 0.66 0.68 5.39 1.47 21.37 -3.20 0.12
Pedestrian 0.00 0 -4.80 736.92 158.79 770.70 246.09 1.82 0.63 0.89 3.02 1.52 15.48 -4.60 0.11
Pedestrian 0.00 0 -7.97 983.83 144.82 1022.03 230.95 1.98 0.72 0.67 9.21 1.34 17.02 -7.47 0.10
