Car 0.00 0 -7.78 591.74 179.11 620.86 204.45 1.59 1.66 4.22 -0.24 2.02 48.39 -7.79 0.79
Car 0.00 0 -8.23 818.41 156.84 859.30 179.16 1.65 1.68 3.88 17.47 0.47 55.34 -7.92 0.16
Car 0.00 0 -4.75 428.07 180.99 452.56 200.75 1.43 1.70 4.08 -13.29 2.09 56.29 -4.98 0.15
Car 0.00 0 -4.67 469.16 183.30 491.73 204.02 1.54 1.63 3.79 -10.33 2.40 57.59 -4.85 0.15
Pedestrian 0.00 0 -4.11 1119.94 137.33 1231.27 308.26 1.73 0.63 0.73 5.97 1.37 7.71 -3.45 0.14
Car 0.00 0 -4.39 222.61 185.33 283.15 213.84 1.39 1.66 4.30 -19.38 2.10 39.26 -4.85 0.14
Pedestrian 0.00 0 -4.50 1014.91 130.76 1034.93 167.96 1.86 0.72 0.84 21.11 -0.25 36.76 -3.98 0.14
Car 0.00 0 -4.57 501.74 181.44 531.95 205.69 1.54 1.52 3.61 -6.30 2.14 48.84 -4.69 0.12
Pedestrian 0.00 0 -4.03 818.49 156.02 849.21 217.13 1.96 0.65 0.72 7.28 1.42 23.61 -3.73 0.12
Pedestrian 0.00 0 -7.14 983.07 146.74 1057.66 268.48 1.72 0.62 0.74 5.98 1.35 10.63 -6.63 0.11
Cyclist 0.00 0 -8.14 867.89 140.83 884.83 170.75 1.71 0.47 1.70 15.55 -0.13 42.25 -7.78 0.11
Car 0.00 0 -3.02 559.38 181.76 663.67 217.75 1.48 1.68 4.34 0.07 1.87 31.22 -3.02 0.11
Pedestrian 0.00 0 -8.35 697.62 176.81 711.86 202.70 1.70 0.70 0.67 6.26 1.96 47.89 -8.22 0.10
