Car 0.00 0 -7.86 583.89 174.07 651.86 238.48 1.66 1.76 4.69 0.16 1.70 21.01 -7.85 0.94
Cyclist 0.00 0 -8.22 781.31 161.65 830.83 232.30 1.87 0.65 2.01 5.40 1.58 20.18 -7.96 0.74
Car 0.00 0 -7.49 237.35 153.78 454.89 298.02 1.92 1.80 4.53 -4.07 1.67 11.90 -7.82 0.35
Pedestrian 0.00 0 -5.74 664.18 172.31 685.40 208.27 1.73 0.56 0.86 3.12 1.70 35.14 -5.65 0.25
Car 0.00 0 -4.59 587.72 176.15 618.44 200.85 1.56 1.58 4.17 -0.45 1.79 48.29 -4.60 0.23
Cyclist 0.00 0 -7.04 1223.07 162.26 1241.00 212.00 1.88 0.65 1.63 24.50 1.48 27.61 -6.32 0.21
Car 0.00 0 -4.62 648.34 176.76 674.07 199.10 1.55 1.55 3.79 3.76 1.85 52.91 -4.55 0.18
Pedestrian 0.00 0 -6.89 1142.77 149.50 1216.78 248.17 1.77 0.61 0.88 10.40 1.35 13.25 -6.22 0.17
Pedestrian 0.00 0 -3.48 641.93 171.56 654.70 194.34 1.81 0.55 0.89 3.04 1.71 57.74 -3.43 0.17
Pedestrian 0.00 0 -8.44 1136.91 167.30 1164.68 214.00 1.80 0.70 0.51 21.00 1.59 28.08 -7.80 0.13
Car 0.00 0 -4.53 492.03 176.53 547.13 215.74 1.57 1.65 4.30 -3.91 1.75 31.55 -4.66 0.13
Car 0.00 0 -3.25 479.65 178.05 563.29 210.12 1.55 1.66 4.04 -4.53 1.82 36.44 -3.37 0.12
Cyclist 0.00 0 -8.53 768.93 171.73 792.79 201.87 1.69 0.44 1.58 9.75 1.63 41.36 -8.30 0.12
Car 0.00 0 -2.88 405.17 174.38 541.78 224.44 1.67 1.74 4.37 -4.73 1.72 25.10 -3.07 0.11
Pedestrian 0.00 0 -7.85 677.06 172.42 696.08 216.16 1.80 0.78 0.58 3.14 1.78 29.95 -7.74 0.11
Car 0.00 0 -3.06 705.96 176.18 792.27 205.61 1.46 1.66 4.27 7.18 1.64 37.38 -2.87 0.10
