Pedestrian 0.00 0 -5.81 169.47 142.53 333.25 367.51 1.91 0.64 1.14 -3.17 1.59 6.31 -6.27 0.68
Cyclist 0.00 0 -3.08 767.66 160.53 860.55 250.27 1.72 0.49 1.75 4.12 1.34 14.09 -2.79 0.58
Cyclist 0.00 0 -6.58 1052.61 161.83 1223.00 282.94 1.63 0.81 1.98 7.69 1.38 10.25 -5.93 0.50
Pedestrian 0.00 0 -8.11 262.25 164.30 309.58 257.61 1.73 0.62 0.95 -6.23 1.44 13.70 -8.53 0.50
Cyclist 0.00 0 -4.28 1212.78 149.43 1223.00 283.45 1.72 0.50 1.73 9.06 1.32 9.64 -3.53 0.37
Pedestrian 0.00 0 -2.45 629.07 170.46 682.03 261.76 1.60 0.56 0.79 0.87 1.43 12.88 -2.38 0.25
Pedestrian 0.00 0 -8.15 837.35 169.58 869.37 233.88 1.59 0.58 0.69 6.22 1.32 17.82 -7.82 0.23
Pedestrian 0.00 0 -4.98 989.60 225.95 1076.02 369.00 1.18 0.39 0.67 3.17 1.55 5.35 -4.45 0.23
Car 0.00 0 -8.68 1107.72 190.08 1223.00 369.00 1.43 1.58 3.49 5.22 1.52 4.60 -7.83 0.16
Cyclist 0.00 0 -7.79 852.21 158.81 888.92 263.86 1.72 0.50 1.66 4.65 1.37 12.44 -7.43 0.16
Car 0.00 0 -2.39 0.00 164.85 140.24 284.96 1.63 1.66 3.86 -9.40 1.42 10.48 -3.12 0.13
Car 0.00 0 -7.87 657.94 139.97 688.07 169.29 1.57 1.66 3.79 3.92 -0.68 41.23 -7.78 0.13
Pedestrian 0.00 0 -7.96 776.19 159.57 816.78 262.09 1.74 0.61 0.81 3.32 1.39 12.47 -7.70 0.11
Car 0.00 0 -4.99 587.74 174.37 652.42 215.11 1.57 1.59 4.11 0.52 1.33 29.42 -4.98 0.11
Pedestrian 0.00 0 -4.25 685.58 167.81 729.08 252.31 1.67 0.60 0.79 2.06 1.42 14.50 -4.11 0.11
Pedestrian 0.00 0 -5.80 1014.58 161.92 1083.82 268.44 1.68 0.57 0.79 7.25 1.39 11.63 -5.24 0.10
