Car 0.00 0 -7.96 631.21 179.91 684.95 219.40 1.44 1.70 4.22 1.83 1.74 29.17 -7.90 0.97
Car 0.00 0 -2.59 0.00 184.27 272.38 315.34 1.52 1.67 4.19 -7.00 1.68 9.52 -3.22 0.97
Car 0.00 0 -7.09 1069.41 194.56 1241.00 374.00 1.44 1.57 3.82 5.96 1.63 5.66 -6.28 0.96
Car 0.00 0 -3.68 841.29 182.12 1193.20 291.13 1.47 1.56 4.40 5.84 1.62 10.74 -3.18 0.94
Car 0.00 0 -6.73 783.71 188.96 1031.15 268.23 1.35 1.52 4.04 5.43 1.67 13.55 -6.35 0.94
Car 0.00 0 -7.04 972.84 182.27 1241.00 332.35 1.47 1.58 3.70 6.27 1.59 8.16 -6.38 0.94
Car 0.00 0 -2.89 311.04 181.71 460.02 230.06 1.47 1.63 4.31 -7.18 1.77 23.23 -3.19 0.90
Car 0.00 0 -2.20 0.00 194.64 18.20 374.00 1.48 1.61 4.11 -6.84 1.66 4.96 -3.14 0.90
Cyclist 0.00 0 -4.64 476.92 174.99 503.16 239.38 1.71 0.61 1.70 -3.37 1.77 20.09 -4.81 0.89
Car 0.00 0 -6.67 770.05 174.79 964.26 253.35 1.64 1.63 3.72 5.56 1.69 16.02 -6.33 0.85
Car 0.00 0 -5.78 15.97 159.83 333.41 282.48 1.89 1.72 4.25 -7.13 1.69 12.07 -6.32 0.68
Car 0.00 0 -2.85 364.67 179.48 482.10 223.24 1.50 1.53 3.79 -6.68 1.75 25.86 -3.10 0.66
Car 0.00 0 -7.75 621.01 177.14 653.61 203.16 1.50 1.62 3.86 1.68 1.77 44.23 -7.72 0.42
Cyclist 0.00 0 -6.56 710.11 173.23 744.36 208.46 1.82 0.69 1.64 6.07 1.84 37.64 -6.40 0.38
Car 0.00 0 -7.79 474.07 177.37 507.78 208.20 1.51 1.50 3.47 -6.20 1.75 37.57 -7.95 0.21
Pedestrian 0.00 0 -5.03 1184.25 140.96 1232.40 223.15 1.94 0.73 0.64 14.39 1.19 17.43 -4.34 0.20
Pedestrian 0.00 0 -4.60 1100.91 148.34 1132.34 215.54 1.91 0.67 0.73 14.67 1.21 20.96 -3.99 0.20
Cyclist 0.00 0 -6.32 315.60 167.06 352.87 201.68 1.79 0.76 1.80 -14.53 1.49 37.93 -6.68 0.18
Car 0.00 0 -2.82 433.49 179.29 512.80 206.48 1.46 1.59 4.05 -7.64 1.83 40.26 -3.01 0.18
Pedestrian 0.00 0 -7.50 306.10 161.40 323.48 200.05 1.95 0.68 0.52 -15.06 1.37 36.71 -7.88 0.18
Car 0.00 0 -7.94 613.01 174.18 641.76 198.83 1.61 1.63 4.05 1.12 1.71 49.50 -7.92 0.17
Car 0.00 0 -4.51 373.15 179.45 432.37 219.41 1.44 1.52 3.72 -8.16 1.72 28.53 -4.79 0.16
Car 0.00 0 -8.02 739.51 171.01 770.68 194.70 1.66 1.62 3.71 10.45 1.53 52.31 -7.82 0.15
Pedestrian 0.00 0 -8.21 294.39 163.34 313.15 197.85 1.79 0.72 0.66 -16.16 1.30 38.00 -8.62 0.14
Pedestrian 0.00 0 -7.90 981.47 157.26 999.94 201.33 1.90 0.69 0.60 16.58 1.23 31.52 -7.41 0.14
Car 0.00 0 -3.30 452.50 176.63 516.07 200.94 1.52 1.60 3.87 -8.22 1.77 46.97 -3.47 0.14
Car 0.00 0 -2.94 354.88 176.29 461.05 214.74 1.60 1.68 4.16 -8.69 1.75 31.14 -3.21 0.13
Pedestrian 0.00 0 -8.05 717.35 169.39 734.19 207.92 1.90 0.71 0.66 5.73 1.73 35.97 -7.89 0.11
