Car 0.00 0 -8.11 760.51 187.84 901.42 277.73 1.43 1.63 4.00 4.10 1.77 14.19 -7.83 0.96
Car 0.00 0 -3.87 0.00 214.11 117.90 374.00 1.53 1.68 4.14 -4.66 1.86 3.60 -4.78 0.95
Car 0.00 0 -4.48 490.55 186.00 552.01 226.92 1.52 1.67 4.01 -3.68 2.11 30.23 -4.60 0.94
Car 0.00 0 -8.12 725.07 185.40 819.14 246.26 1.46 1.61 3.63 4.31 1.84 19.89 -7.91 0.89
Car 0.00 0 -8.28 828.85 152.44 1230.89 374.00 1.91 1.78 4.73 3.90 1.75 7.94 -7.83 0.86
Car 0.00 0 -7.98 712.93 181.93 775.73 231.70 1.55 1.65 3.78 4.54 1.89 25.05 -7.80 0.83
Car 0.00 0 -7.94 701.37 181.74 747.99 220.60 1.50 1.63 3.66 4.75 1.90 30.54 -7.78 0.69
Pedestrian 0.00 0 -7.78 1113.19 150.35 1150.53 221.83 1.74 0.70 0.72 13.00 1.19 18.03 -7.15 0.54
Car 0.00 0 -4.96 846.01 179.21 879.85 200.87 1.60 1.59 3.90 19.77 2.12 56.59 -4.62 0.37
Pedestrian 0.00 0 -7.63 934.58 169.48 967.55 233.89 1.80 0.74 0.60 9.70 1.71 20.61 -7.19 0.33
Car 0.00 0 -8.00 687.38 180.11 735.82 214.92 1.57 1.73 4.45 4.92 1.95 35.74 -7.86 0.32
Car 0.00 0 -4.56 574.10 181.20 601.43 204.20 1.72 1.65 3.48 -1.75 2.40 57.07 -4.59 0.31
Car 0.00 0 -4.54 520.32 184.31 565.36 218.54 1.55 1.60 3.93 -3.33 2.15 36.01 -4.64 0.30
Pedestrian 0.00 0 -5.07 1155.61 165.14 1223.52 276.62 1.76 0.62 0.81 9.45 1.64 11.86 -4.40 0.23
Pedestrian 0.00 0 -5.65 441.78 177.19 458.04 205.30 1.79 0.72 0.74 -10.38 2.08 46.66 -5.87 0.22
Pedestrian 0.00 0 -5.66 938.60 158.66 975.95 217.79 2.02 0.70 0.95 12.10 1.54 25.25 -5.21 0.17
Pedestrian 0.00 0 -3.49 1019.56 151.19 1095.35 268.67 2.02 0.71 0.96 7.89 1.65 12.85 -2.94 0.16
Car 0.00 0 -4.57 666.06 182.78 698.59 207.42 1.45 1.55 3.98 4.65 2.12 46.27 -4.47 0.14
Car 0.00 0 -4.47 532.04 185.37 576.05 214.20 1.45 1.59 3.81 -3.10 2.19 40.16 -4.55 0.13
Pedestrian 0.00 0 -3.96 1145.97 149.69 1192.29 221.99 1.77 0.64 0.66 13.92 1.20 18.04 -3.30 0.11
