Car 0.00 0 -3.10 395.95 172.33 466.73 199.39 1.56 1.64 3.99 -10.23 1.09 41.84 -3.34 0.59
Car 0.00 0 -7.92 535.29 159.72 581.22 206.53 1.83 1.64 4.07 -2.06 1.02 29.82 -7.99 0.56
Pedestrian 0.00 0 -4.55 300.83 153.68 361.28 280.71 1.89 0.74 0.96 -4.32 1.49 11.08 -4.92 0.51
Car 0.00 0 -7.93 524.58 167.66 564.77 201.98 1.57 1.63 4.13 -3.02 0.99 34.60 -8.02 0.50
Pedestrian 0.00 0 -7.91 373.61 169.85 389.73 210.11 1.73 0.63 0.70 -9.76 1.27 30.83 -8.22 0.34
Pedestrian 0.00 0 -6.28 363.64 166.61 377.90 221.96 1.77 0.64 0.44 -7.66 1.33 23.02 -6.60 0.21
Cyclist 0.00 0 -4.71 480.82 167.98 489.00 192.27 1.70 0.57 1.84 -8.56 0.82 50.42 -4.88 0.21
Cyclist 0.00 0 -7.73 436.82 169.54 449.90 205.72 1.65 0.42 1.55 -7.56 1.15 33.03 -7.96 0.21
Cyclist 0.00 0 -7.66 404.97 170.68 419.14 201.76 1.60 0.42 1.59 -10.17 1.10 37.26 -7.93 0.16
Pedestrian 0.00 0 -4.55 297.73 196.18 326.93 272.02 1.23 0.38 0.46 -4.95 1.50 11.87 -4.94 0.15
Pedestrian 0.00 0 -3.32 667.61 160.00 712.56 242.34 1.80 0.53 0.91 1.85 1.35 15.75 -3.20 0.13
Pedestrian 0.00 0 -4.76 665.94 150.10 696.46 235.18 1.93 0.66 1.00 1.73 1.24 16.53 -4.65 0.13
Pedestrian 0.00 0 -3.98 209.23 220.10 256.05 308.88 1.04 0.33 0.40 -4.65 1.55 8.75 -4.47 0.13
Pedestrian 0.00 0 -8.31 638.00 168.18 658.94 210.56 1.66 0.62 0.62 1.70 1.18 28.05 -8.25 0.11
Cyclist 0.00 0 -4.74 90.29 172.46 131.76 277.26 1.69 0.54 1.70 -8.61 1.56 12.24 -5.35 0.10
Pedestrian 0.00 0 -4.52 390.21 182.95 409.54 228.29 1.31 0.46 0.47 -6.02 1.38 20.64 -4.80 0.10
Cyclist 0.00 0 -7.85 430.66 170.79 440.37 209.67 1.61 0.39 1.53 -7.23 1.21 30.07 -8.09 0.10
