Pedestrian 0.00 0 -5.45 1073.03 161.65 1186.23 326.75 1.76 0.71 0.75 5.74 1.64 8.08 -4.83 0.73
Pedestrian 0.00 0 -4.42 748.92 172.89 769.49 219.58 1.83 0.65 0.63 5.89 1.83 28.67 -4.22 0.60
Pedestrian 0.00 0 -5.46 673.64 175.95 687.78 200.54 1.86 0.62 0.91 5.38 2.10 55.17 -5.37 0.41
Cyclist 0.00 0 -1.99 114.15 179.84 138.05 208.83 1.83 0.66 1.66 -31.35 2.29 46.69 -2.58 0.33
Cyclist 0.00 0 -8.05 682.09 174.27 699.56 207.43 1.80 0.63 1.80 4.46 1.88 40.22 -7.94 0.27
Pedestrian 0.00 0 -7.99 886.55 166.31 915.09 230.17 1.81 0.65 0.87 8.41 1.63 21.00 -7.61 0.27
Cyclist 0.00 0 -3.35 1051.27 168.96 1105.93 209.03 1.74 0.78 1.91 20.70 1.57 31.97 -2.78 0.24
Pedestrian 0.00 0 -3.16 731.71 174.34 742.86 197.45 1.80 0.53 0.85 9.95 1.92 56.56 -2.98 0.16
Pedestrian 0.00 0 -4.86 1229.91 158.39 1241.00 296.30 1.76 0.60 0.71 8.72 1.58 9.68 -4.13 0.15
Pedestrian 0.00 0 -3.47 698.32 174.22 707.64 193.27 1.78 0.47 0.76 8.73 1.91 67.90 -3.34 0.13
Car 0.00 0 -5.08 985.12 205.44 1043.88 234.47 1.38 1.56 4.09 23.00 3.34 41.24 -4.57 0.11
Pedestrian 0.00 0 -7.89 1077.51 160.04 1097.00 205.72 1.90 0.66 0.73 20.13 1.37 30.50 -7.31 0.11
Car 0.00 0 -5.33 1050.91 160.97 1109.29 188.38 2.09 1.80 4.14 37.18 1.19 57.22 -4.76 0.11
