Car 0.00 0 -6.44 665.01 178.17 756.67 212.28 1.56 1.67 4.07 4.68 1.82 34.09 -6.30 0.89
Car 0.00 0 -4.23 0.00 217.05 216.00 374.00 1.53 1.60 3.89 -2.80 1.82 2.66 -5.04 0.41
Car 0.00 0 -6.22 643.84 179.16 696.77 197.83 1.41 1.59 4.01 4.69 1.91 56.18 -6.13 0.38
Pedestrian 0.00 0 -2.99 474.71 172.13 494.92 211.32 1.94 0.60 0.92 -6.28 1.90 36.00 -3.17 0.23
Pedestrian 0.00 0 -8.69 961.98 166.88 995.01 224.97 1.76 0.54 0.74 11.36 1.58 22.34 -8.22 0.20
Car 0.00 0 -4.64 239.95 174.42 279.82 204.36 1.43 1.54 3.86 -17.83 1.52 36.79 -5.09 0.20
Car 0.00 0 -6.10 477.50 180.23 534.10 200.49 1.47 1.57 3.95 -7.76 2.03 53.73 -6.25 0.15
Pedestrian 0.00 0 -5.58 131.15 163.94 202.75 270.03 1.84 0.61 0.91 -7.95 1.69 12.88 -6.13 0.12
Pedestrian 0.00 0 -4.67 1065.53 139.86 1079.75 171.02 1.78 0.65 0.91 26.79 -0.11 41.83 -4.10 0.11
Car 0.00 0 -4.90 584.82 184.88 656.42 236.97 1.42 1.55 3.67 0.20 1.83 22.53 -4.89 0.10
Car 0.00 0 -3.56 1200.96 147.79 1241.00 175.87 1.65 1.66 4.06 38.62 0.18 43.73 -2.84 0.10
