Car 0.00 0 -3.72 0.00 207.60 372.16 373.00 1.59 1.72 4.21 -2.72 1.76 2.59 -4.53 0.96
Pedestrian 0.00 0 -4.68 535.40 170.24 560.70 229.96 1.84 0.77 0.96 -1.70 1.50 22.66 -4.75 0.81
Pedestrian 0.00 0 -8.01 670.15 171.45 694.07 225.60 1.73 0.66 0.80 2.60 1.41 23.40 -7.90 0.67
Pedestrian 0.00 0 -8.97 1125.40 141.88 1237.00 373.00 1.79 0.60 0.82 4.74 1.50 5.71 -8.27 0.58
Pedestrian 0.00 0 -4.72 695.97 172.61 715.98 226.26 1.72 0.64 0.78 3.38 1.44 23.46 -4.58 0.58
Pedestrian 0.00 0 -4.24 898.27 154.00 1057.40 373.00 1.75 0.73 0.81 2.64 1.58 5.15 -3.77 0.53
Pedestrian 0.00 0 -5.12 744.33 158.95 801.74 275.52 1.88 0.62 0.90 2.82 1.51 12.06 -4.89 0.41
Pedestrian 0.00 0 -6.39 609.02 172.79 625.56 205.49 1.80 0.63 0.85 0.87 1.32 39.84 -6.37 0.40
Pedestrian 0.00 0 -4.97 1073.55 152.09 1168.40 319.82 1.76 0.68 0.77 5.71 1.45 8.00 -4.35 0.39
Cyclist 0.00 0 -7.48 828.79 157.08 913.72 285.99 1.81 0.59 1.84 4.10 1.47 10.95 -7.12 0.34
Car 0.00 0 -7.91 744.51 176.18 806.53 230.97 1.56 1.65 3.88 5.34 1.41 22.51 -7.68 0.33
Pedestrian 0.00 0 -5.50 18.60 164.81 61.01 242.74 1.93 0.62 0.57 -14.23 1.52 18.16 -6.16 0.32
Pedestrian 0.00 0 -5.73 727.70 169.42 745.93 201.17 1.81 0.65 0.81 7.80 1.12 41.37 -5.54 0.30
Pedestrian 0.00 0 -7.94 975.23 167.73 1033.05 279.25 1.64 0.72 0.63 6.09 1.44 10.97 -7.43 0.30
Pedestrian 0.00 0 -6.33 716.99 172.28 728.61 199.62 1.75 0.58 0.71 7.81 1.16 46.21 -6.16 0.29
Cyclist 0.00 0 -4.39 428.64 168.36 478.06 245.56 1.82 0.65 1.84 -3.70 1.51 17.91 -4.59 0.28
Pedestrian 0.00 0 -4.53 21.40 163.93 78.55 285.41 1.96 0.61 0.95 -9.34 1.68 12.14 -5.19 0.27
Pedestrian 0.00 0 -6.28 614.59 169.72 631.16 199.19 1.96 0.58 1.10 1.44 1.18 48.03 -6.25 0.26
Pedestrian 0.00 0 -5.34 250.03 173.30 269.39 206.81 1.83 0.65 0.75 -18.90 1.38 39.72 -5.79 0.26
Car 0.00 0 -4.60 632.70 174.16 654.39 192.35 1.63 1.56 4.00 3.96 0.97 66.52 -4.54 0.26
Car 0.00 0 -3.31 719.87 159.82 777.48 182.61 1.80 1.72 4.30 11.80 0.09 57.64 -3.11 0.24
Cyclist 0.00 0 -7.25 0.00 179.99 15.34 258.16 1.75 0.42 1.55 -14.56 1.72 16.86 -7.96 0.23
Pedestrian 0.00 0 -3.28 470.75 170.52 504.72 234.84 1.81 0.58 0.89 -3.30 1.50 20.61 -3.44 0.21
Cyclist 0.00 0 -3.75 571.48 175.04 601.47 206.67 1.76 0.59 1.66 -0.84 1.40 40.63 -3.77 0.19
Pedestrian 0.00 0 -7.92 411.48 176.11 441.49 255.92 1.72 0.60 0.72 -3.93 1.61 15.96 -8.16 0.19
Pedestrian 0.00 0 -3.98 1007.45 140.49 1111.77 304.25 1.90 0.61 0.93 5.53 1.43 8.75 -3.42 0.19
Pedestrian 0.00 0 -8.17 806.84 175.46 842.17 249.54 1.63 0.63 0.49 4.94 1.50 16.06 -7.88 0.18
Pedestrian 0.00 0 -7.53 241.88 177.63 262.09 216.10 1.69 0.64 0.62 -15.51 1.52 31.86 -7.98 0.17
Pedestrian 0.00 0 -4.60 241.59 173.44 288.24 288.08 1.79 0.61 0.80 -5.50 1.66 11.68 -5.04 0.17
Pedestrian 0.00 0 -5.29 228.65 160.14 290.56 273.94 1.96 0.69 0.78 -6.16 1.59 12.87 -5.74 0.16
Car 0.00 0 -2.77 536.42 176.71 600.49 203.24 1.57 1.61 3.56 -2.00 1.29 43.82 -2.82 0.16
Car 0.00 0 -2.93 474.97 182.58 570.80 217.30 1.49 1.62 3.98 -3.46 1.54 31.90 -3.04 0.15
Pedestrian 0.00 0 -6.27 1191.46 142.07 1237.00 283.17 1.87 0.61 0.67 8.60 1.35 9.97 -5.56 0.15
Car 0.00 0 -7.77 713.18 179.88 787.83 247.85 1.52 1.54 3.63 3.78 1.48 18.01 -7.57 0.14
Pedestrian 0.00 0 -7.91 266.82 170.13 283.87 209.44 1.86 0.71 0.72 -15.70 1.33 34.56 -8.34 0.13
Pedestrian 0.00 0 -8.29 526.57 183.75 546.40 222.32 1.50 0.53 0.70 -2.59 1.59 28.46 -8.38 0.13
Pedestrian 0.00 0 -5.09 808.70 157.93 834.63 211.39 1.94 0.67 0.78 8.07 1.08 26.43 -4.79 0.12
Pedestrian 0.00 0 -4.47 928.50 157.55 973.26 251.24 1.82 0.62 0.88 7.02 1.36 14.50 -4.02 0.12
Pedestrian 0.00 0 -7.69 777.01 177.27 825.49 288.18 1.59 0.59 0.68 2.94 1.53 10.72 -7.42 0.12
Pedestrian 0.00 0 -6.90 464.89 176.68 500.99 239.02 1.67 0.56 0.80 -3.28 1.54 19.72 -7.07 0.12
Pedestrian 0.00 0 -4.96 731.20 176.10 770.22 267.94 1.67 0.53 0.79 2.74 1.57 13.43 -4.76 0.12
Cyclist 0.00 0 -4.00 231.09 179.68 279.29 241.69 1.72 0.48 1.36 -9.99 1.68 20.70 -4.45 0.12
Pedestrian 0.00 0 -7.39 722.39 163.02 768.38 253.51 1.85 0.63 0.87 3.01 1.47 15.18 -7.20 0.11
Cyclist 0.00 0 -8.22 891.33 167.38 941.41 244.46 1.70 0.50 1.68 7.25 1.39 16.67 -7.81 0.11
Cyclist 0.00 0 -5.03 798.57 165.92 827.41 213.25 1.81 0.57 1.78 8.34 1.22 28.43 -4.74 0.11
Car 0.00 0 -5.08 704.79 178.16 772.44 213.27 1.48 1.61 4.13 6.09 1.34 32.41 -4.89 0.10
