Pedestrian 0.00 0 -6.27 371.01 150.52 466.33 303.12 1.86 0.65 1.14 -2.43 1.50 9.07 -6.53 0.78
Pedestrian 0.00 0 -5.17 977.11 215.76 1081.34 369.00 1.27 0.40 0.72 3.14 1.56 5.36 -4.64 0.21
Car 0.00 0 -7.13 0.00 185.21 69.99 237.12 1.47 1.62 3.94 -19.26 1.63 22.34 -7.84 0.19
Pedestrian 0.00 0 -8.07 837.70 168.91 869.29 234.25 1.61 0.62 0.68 6.22 1.33 17.81 -7.73 0.17
Pedestrian 0.00 0 -7.56 16.95 169.26 72.11 256.78 1.72 0.67 0.81 -11.42 1.50 14.37 -8.23 0.16
Pedestrian 0.00 0 -3.95 1166.88 165.11 1223.00 263.59 1.62 0.65 0.75 10.12 1.37 11.99 -3.25 0.13
Cyclist 0.00 0 -2.91 649.25 139.99 680.91 172.08 1.77 0.67 1.67 3.38 -0.48 39.87 -2.82 0.13
Car 0.00 0 -8.90 1101.11 195.28 1223.00 369.00 1.48 1.52 3.13 4.98 1.61 4.30 -8.04 0.13
Pedestrian 0.00 0 -5.01 633.27 171.78 676.45 264.89 1.64 0.55 0.87 0.86 1.48 12.90 -4.95 0.12
Pedestrian 0.00 0 -7.77 262.35 162.57 301.95 259.21 1.81 0.63 0.90 -6.30 1.47 13.73 -8.20 0.11
Cyclist 0.00 0 -7.68 500.74 165.90 549.33 267.60 1.74 0.58 1.83 -1.49 1.49 13.02 -7.79 0.11
Pedestrian 0.00 0 -6.65 1117.85 147.90 1201.73 263.49 1.83 0.62 0.92 9.04 1.31 11.61 -5.99 0.11
Pedestrian 0.00 0 -4.96 940.82 163.49 992.45 268.55 1.66 0.59 0.73 5.89 1.40 11.62 -4.49 0.11
Pedestrian 0.00 0 -3.36 819.23 175.52 860.32 253.31 1.52 0.48 0.69 4.62 1.42 14.06 -3.04 0.10
Pedestrian 0.00 0 -4.40 842.20 159.46 889.41 263.44 1.78 0.59 0.73 4.59 1.42 12.55 -4.05 0.10
