Pedestrian 0.00 0 -8.45 1169.37 126.52 1237.00 373.00 1.74 0.70 0.94 3.76 1.48 3.97 -7.69 0.90
Pedestrian 0.00 0 -8.06 552.12 168.84 582.46 234.70 1.76 0.67 0.85 -0.98 1.43 19.74 -8.11 0.89
Pedestrian 0.00 0 -4.63 601.57 174.14 622.20 235.13 1.63 0.51 0.71 0.26 1.43 19.55 -4.62 0.77
Pedestrian 0.00 0 -4.06 0.00 114.09 47.80 373.00 1.87 0.67 0.88 -2.40 1.71 2.21 -4.89 0.76
Pedestrian 0.00 0 -3.97 690.95 169.75 798.67 347.12 1.68 0.60 0.94 1.41 1.57 7.32 -3.78 0.74
Pedestrian 0.00 0 -6.38 587.29 172.21 612.58 230.53 1.65 0.58 0.67 -0.08 1.39 20.69 -6.39 0.72
Pedestrian 0.00 0 -4.35 482.78 167.44 516.31 238.30 1.81 0.60 0.87 -2.70 1.45 18.84 -4.50 0.61
Pedestrian 0.00 0 -4.80 1024.94 146.32 1088.79 289.04 1.77 0.64 0.72 5.89 1.34 9.39 -4.24 0.56
Pedestrian 0.00 0 -4.58 630.68 167.00 650.54 212.51 1.79 0.69 0.84 1.55 1.22 28.66 -4.53 0.55
Pedestrian 0.00 0 -2.90 487.32 170.43 519.68 230.40 1.75 0.55 0.84 -2.92 1.42 21.23 -3.04 0.54
Pedestrian 0.00 0 -8.41 968.18 152.30 1046.69 278.17 1.72 0.66 0.79 5.73 1.33 10.24 -7.90 0.52
Pedestrian 0.00 0 -6.11 578.64 165.83 600.27 215.79 1.90 0.67 0.73 -0.48 1.30 27.63 -6.13 0.50
Pedestrian 0.00 0 -5.60 925.14 138.56 1023.39 290.12 1.86 0.67 0.92 4.79 1.33 9.35 -5.12 0.48
Pedestrian 0.00 0 -7.90 397.46 173.10 436.47 268.80 1.70 0.66 0.79 -3.44 1.55 13.22 -8.15 0.47
Pedestrian 0.00 0 -8.16 623.28 171.31 639.88 205.73 1.78 0.65 0.80 1.57 1.25 37.58 -8.12 0.44
Pedestrian 0.00 0 -7.55 510.94 171.97 524.47 201.23 1.85 0.66 0.78 -5.33 1.25 45.84 -7.67 0.42
Pedestrian 0.00 0 -4.08 608.32 170.66 637.93 228.65 1.70 0.56 0.74 0.62 1.38 21.50 -4.05 0.40
Pedestrian 0.00 0 -6.08 658.27 166.13 679.86 214.70 1.78 0.60 0.69 2.50 1.22 26.75 -5.98 0.37
Cyclist 0.00 0 -4.57 424.47 183.18 458.15 254.94 1.53 0.51 1.61 -3.62 1.57 16.17 -4.79 0.34
Pedestrian 0.00 0 -7.68 667.25 164.02 687.81 221.53 1.86 0.55 0.78 2.49 1.30 23.70 -7.57 0.34
Pedestrian 0.00 0 -4.19 0.00 166.41 193.13 373.00 1.71 0.62 0.77 -1.67 1.68 1.99 -4.89 0.34
Cyclist 0.00 0 -4.64 505.39 173.12 516.50 203.28 1.69 0.53 1.51 -5.17 1.22 41.09 -4.77 0.32
Pedestrian 0.00 0 -4.86 645.38 166.68 669.27 221.96 1.78 0.66 0.85 1.80 1.30 23.55 -4.78 0.32
Car 0.00 0 -4.65 520.47 176.23 545.39 197.56 1.49 1.56 3.90 -4.94 1.13 52.28 -4.74 0.28
Pedestrian 0.00 0 -4.30 450.19 168.66 469.09 206.36 1.82 0.64 0.80 -6.95 1.20 35.20 -4.49 0.27
Pedestrian 0.00 0 -4.39 286.97 192.99 345.35 301.66 1.46 0.57 0.70 -4.03 1.62 10.07 -4.77 0.26
Pedestrian 0.00 0 -3.75 917.31 155.06 986.90 277.77 1.71 0.60 0.68 5.00 1.34 10.36 -3.30 0.25
Pedestrian 0.00 0 -3.99 238.35 216.75 341.26 373.00 1.32 0.50 0.68 -2.75 1.65 6.27 -4.41 0.23
Cyclist 0.00 0 -7.66 484.56 173.32 500.64 210.49 1.61 0.41 1.64 -4.86 1.26 32.02 -7.81 0.23
Pedestrian 0.00 0 -6.03 601.70 169.20 624.90 226.14 1.74 0.62 0.59 0.35 1.37 22.32 -6.02 0.23
Pedestrian 0.00 0 -5.86 660.81 164.02 724.31 277.74 1.76 0.62 0.84 1.43 1.49 11.61 -5.74 0.22
Pedestrian 0.00 0 -3.74 751.11 154.33 807.30 237.05 1.91 0.67 1.12 4.19 1.28 17.10 -3.50 0.22
Pedestrian 0.00 0 -4.38 0.00 149.80 67.28 332.55 1.92 0.67 0.93 -6.62 1.59 8.08 -5.07 0.19
Cyclist 0.00 0 -5.95 174.57 177.85 296.93 270.78 1.61 0.73 1.83 -6.58 1.55 12.93 -6.42 0.19
Pedestrian 0.00 0 -6.45 813.71 178.91 830.80 221.38 1.58 0.63 0.52 8.31 1.49 27.12 -6.15 0.18
Cyclist 0.00 0 -8.51 697.17 165.07 741.09 215.80 1.72 0.54 1.80 4.11 1.17 25.33 -8.35 0.17
Pedestrian 0.00 0 -7.01 637.53 168.73 661.06 211.59 1.75 0.61 0.76 1.97 1.23 29.86 -6.95 0.16
Car 0.00 0 -6.68 631.38 180.63 770.83 232.67 1.43 1.58 3.71 2.85 1.41 20.96 -6.55 0.15
Pedestrian 0.00 0 -6.58 593.32 167.85 606.33 205.43 1.83 0.63 0.48 -0.09 1.17 35.35 -6.58 0.14
Pedestrian 0.00 0 -4.01 700.46 173.79 721.52 213.79 1.59 0.56 0.64 4.40 1.28 28.95 -3.86 0.14
Pedestrian 0.00 0 -7.56 261.51 184.39 331.00 312.43 1.59 0.66 0.68 -3.98 1.63 9.29 -7.96 0.14
Pedestrian 0.00 0 -5.45 500.33 169.53 513.00 205.11 1.80 0.51 0.39 -4.85 1.20 36.70 -5.58 0.14
Car 0.00 0 -3.17 532.24 176.75 585.47 200.08 1.55 1.64 3.53 -2.89 1.23 48.57 -3.23 0.13
Pedestrian 0.00 0 -1.98 90.52 185.67 141.92 285.46 1.54 0.53 0.48 -7.79 1.61 11.47 -2.57 0.13
Pedestrian 0.00 0 -5.89 467.72 171.41 482.73 207.04 1.74 0.61 0.54 -6.23 1.25 35.42 -6.07 0.12
Cyclist 0.00 0 -3.86 615.46 184.34 679.86 252.05 1.46 0.50 1.48 1.02 1.52 16.16 -3.80 0.12
Pedestrian 0.00 0 -4.02 114.65 170.13 179.81 271.20 1.75 0.59 0.84 -8.19 1.56 12.91 -4.58 0.12
Pedestrian 0.00 0 -3.17 219.63 189.33 263.44 276.73 1.45 0.47 0.66 -6.23 1.59 12.34 -3.64 0.12
Car 0.00 0 -7.37 1079.91 174.83 1237.00 349.37 1.40 1.53 3.89 6.83 1.35 7.08 -6.60 0.12
Pedestrian 0.00 0 -5.06 383.41 194.48 429.36 280.93 1.38 0.59 0.55 -3.30 1.61 11.98 -5.32 0.12
Car 0.00 0 -7.21 970.33 171.07 1129.07 240.54 1.44 1.51 3.02 9.99 1.22 16.09 -6.65 0.11
Cyclist 0.00 0 -7.15 778.22 166.12 838.86 231.42 1.74 0.72 1.65 5.71 1.33 19.88 -6.87 0.11
Pedestrian 0.00 0 -8.32 377.76 172.28 406.73 236.07 1.74 0.58 0.57 -5.84 1.49 19.94 -8.60 0.11
Pedestrian 0.00 0 -4.83 136.28 194.58 230.98 368.86 1.51 0.69 0.72 -4.01 1.64 6.79 -5.37 0.11
Car 0.00 0 -4.21 10.66 123.56 120.78 171.33 1.58 1.66 3.74 -19.63 -0.40 26.50 -4.85 0.10
