Car 0.00 0 -7.65 424.00 181.21 502.74 239.23 1.64 1.66 4.07 -4.61 1.93 23.03 -7.85 0.98
Car 0.00 0 -8.23 762.39 175.01 1064.70 369.92 1.58 1.63 3.71 2.83 1.61 7.77 -7.88 0.97
Car 0.00 0 -7.61 320.69 198.86 451.26 286.16 1.35 1.59 3.61 -4.26 1.93 14.10 -7.90 0.97
Car 0.00 0 -7.97 680.17 181.28 758.46 246.47 1.44 1.53 3.33 2.60 1.67 18.09 -7.83 0.93
Car 0.00 0 -4.56 491.47 182.44 533.46 215.26 1.55 1.57 3.81 -5.00 2.07 37.13 -4.69 0.92
Car 0.00 0 -7.95 646.04 178.16 687.36 213.69 1.55 1.57 3.58 2.56 1.81 33.74 -7.88 0.89
Car 0.00 0 -7.17 1141.54 142.95 1241.00 330.22 1.58 1.62 4.32 7.82 1.33 7.00 -6.33 0.63
Car 0.00 0 -4.51 680.12 174.10 714.70 198.88 1.71 1.69 4.10 6.34 1.81 52.27 -4.39 0.36
Car 0.00 0 -6.49 759.69 177.57 868.25 215.03 1.44 1.62 3.94 8.07 1.64 28.95 -6.22 0.29
Pedestrian 0.00 0 -4.44 376.83 177.54 409.44 246.01 1.80 0.64 0.85 -5.89 1.93 19.46 -4.73 0.28
Car 0.00 0 -4.41 523.62 181.65 559.23 204.76 1.58 1.55 3.75 -5.01 2.25 52.85 -4.50 0.24
Pedestrian 0.00 0 -7.74 352.17 181.25 376.99 245.88 1.70 0.57 0.58 -6.64 1.93 19.39 -8.07 0.23
Pedestrian 0.00 0 -3.63 789.08 136.93 869.84 278.78 1.96 0.65 0.91 3.09 1.46 10.37 -3.34 0.21
Pedestrian 0.00 0 -6.49 649.96 168.48 669.78 205.82 1.98 0.62 0.95 2.63 1.75 38.59 -6.42 0.12
Pedestrian 0.00 0 -3.82 1073.52 162.38 1123.76 245.67 1.72 0.54 0.69 10.22 1.50 15.17 -3.23 0.11
Pedestrian 0.00 0 -7.96 918.51 163.45 941.84 214.19 1.95 0.77 0.57 12.42 1.59 28.09 -7.55 0.11
