Car 0.00 0 -8.29 798.28 189.09 1136.71 374.00 1.48 1.66 3.93 3.39 1.71 7.87 -7.88 0.97
Car 0.00 0 -8.12 746.61 177.84 891.57 276.30 1.54 1.60 3.67 3.62 1.64 13.30 -7.86 0.96
Car 0.00 0 -4.17 0.00 194.77 312.51 374.00 1.46 1.65 4.45 -4.95 1.76 7.77 -4.74 0.96
Car 0.00 0 -8.09 706.77 178.88 806.11 243.87 1.48 1.63 4.02 3.64 1.66 18.86 -7.89 0.94
Car 0.00 0 -4.45 423.31 180.10 496.82 231.20 1.51 1.55 3.30 -4.86 1.77 23.55 -4.66 0.93
Car 0.00 0 -8.79 987.28 203.76 1241.00 374.00 1.52 1.66 4.35 3.39 1.74 2.71 -7.89 0.92
Car 0.00 0 -4.48 459.32 179.74 521.24 221.17 1.47 1.55 3.88 -4.65 1.76 28.24 -4.65 0.88
Car 0.00 0 -5.42 0.00 180.91 79.02 235.31 1.38 1.50 3.62 -16.70 1.61 19.58 -6.13 0.80
Car 0.00 0 -8.02 701.52 180.04 763.76 226.76 1.43 1.54 3.30 4.02 1.69 24.31 -7.85 0.71
Car 0.00 0 -6.38 676.46 173.81 729.44 191.86 1.53 1.67 4.38 7.94 1.61 62.10 -6.25 0.46
Pedestrian 0.00 0 -5.97 661.78 170.86 676.13 196.46 1.86 0.58 0.91 4.28 1.71 52.75 -5.89 0.44
Car 0.00 0 -8.63 1041.02 177.70 1165.88 223.75 1.42 1.46 3.50 16.55 1.60 24.47 -8.03 0.37
Cyclist 0.00 0 -4.75 431.50 172.78 440.85 199.11 1.78 0.56 1.88 -12.05 1.78 49.88 -4.98 0.35
Pedestrian 0.00 0 -4.52 212.98 179.92 242.81 239.89 1.63 0.60 0.77 -10.73 1.83 20.19 -5.01 0.28
Pedestrian 0.00 0 -4.64 792.34 167.66 807.00 205.46 1.82 0.64 0.85 9.21 1.57 35.16 -4.39 0.25
Car 0.00 0 -8.50 972.94 164.65 1025.12 187.12 1.74 1.74 3.79 31.07 1.10 57.79 -8.01 0.20
Pedestrian 0.00 0 -6.30 525.81 174.73 533.52 197.95 1.70 0.66 0.55 -5.97 1.84 53.36 -6.41 0.18
Car 0.00 0 -5.74 982.40 164.62 1156.23 224.78 1.49 1.56 3.78 12.46 1.29 19.91 -5.18 0.16
Car 0.00 0 -8.75 1118.32 159.94 1241.00 239.13 1.46 1.64 4.01 13.27 1.22 15.42 -8.04 0.15
Car 0.00 0 -5.23 0.00 191.34 158.84 287.62 1.47 1.54 3.68 -10.18 1.84 12.99 -5.90 0.14
Car 0.00 0 -4.79 429.74 180.37 470.78 215.04 1.48 1.56 3.90 -7.57 1.85 33.81 -5.01 0.10
Pedestrian 0.00 0 -4.93 139.19 167.11 172.73 233.78 1.80 0.63 0.81 -12.63 1.65 20.00 -5.49 0.10
Pedestrian 0.00 0 -5.11 404.79 173.80 426.14 215.85 1.73 0.61 0.77 -8.20 1.77 30.26 -5.38 0.10
