Pedestrian 0.00 0 -4.56 755.47 155.26 847.15 362.41 1.74 0.68 0.92 1.80 1.52 6.60 -4.29 0.84
Pedestrian 0.00 0 -5.07 555.69 163.98 592.12 233.50 1.80 0.69 0.90 -0.77 1.35 19.14 -5.11 0.82
Pedestrian 0.00 0 -6.04 475.78 162.85 515.11 227.84 1.81 0.54 1.00 -3.03 1.30 20.38 -6.18 0.80
Pedestrian 0.00 0 -5.69 595.60 164.77 627.13 228.47 1.74 0.65 0.62 0.25 1.29 20.11 -5.68 0.76
Pedestrian 0.00 0 -7.97 587.50 162.27 609.16 212.07 1.84 0.71 1.03 -0.14 1.13 27.12 -7.97 0.73
Pedestrian 0.00 0 -4.60 609.58 164.01 633.46 231.35 1.74 0.53 0.92 0.51 1.29 19.01 -4.57 0.67
Pedestrian 0.00 0 -5.04 1090.63 141.29 1183.47 305.08 1.77 0.64 0.78 6.07 1.34 8.24 -4.40 0.66
Pedestrian 0.00 0 -3.75 622.52 165.06 656.39 225.25 1.72 0.64 0.76 1.08 1.25 21.00 -3.70 0.64
Pedestrian 0.00 0 -3.19 959.22 136.73 1044.87 302.01 1.84 0.70 0.84 4.66 1.34 8.48 -2.69 0.62
Car 0.00 0 -7.82 529.17 174.11 553.63 195.96 1.49 1.60 3.72 -4.20 0.99 50.81 -7.90 0.61
Pedestrian 0.00 0 -8.03 639.59 163.70 658.36 209.19 1.75 0.64 0.58 1.83 1.07 28.03 -7.97 0.61
Pedestrian 0.00 0 -4.87 492.92 162.83 526.47 240.29 1.82 0.66 0.92 -2.27 1.38 17.41 -5.00 0.58
Pedestrian 0.00 0 -4.65 657.38 162.43 680.55 217.95 1.74 0.69 0.90 2.14 1.14 22.98 -4.56 0.48
Cyclist 0.00 0 -4.48 421.96 181.01 464.61 256.98 1.51 0.53 1.62 -3.34 1.50 15.11 -4.70 0.47
Pedestrian 0.00 0 -4.21 457.34 169.04 477.01 207.17 1.78 0.62 0.76 -6.34 1.20 33.91 -4.39 0.45
Pedestrian 0.00 0 -7.54 385.29 175.52 436.20 274.40 1.62 0.63 0.77 -3.27 1.53 12.19 -7.80 0.42
Pedestrian 0.00 0 -8.16 1002.87 146.95 1080.70 290.27 1.71 0.63 0.76 5.47 1.30 9.03 -7.62 0.35
Car 0.00 0 -8.00 581.98 173.83 625.21 205.12 1.49 1.61 3.99 0.05 1.13 36.37 -8.00 0.34
Car 0.00 0 -7.48 467.06 170.16 534.74 210.16 1.63 1.65 3.83 -4.32 1.17 31.33 -7.62 0.33
Pedestrian 0.00 0 -3.61 647.76 164.94 667.23 207.80 1.72 0.54 0.61 2.26 1.06 29.20 -3.53 0.32
Cyclist 0.00 0 -7.88 512.36 171.04 521.37 200.74 1.62 0.46 1.51 -4.71 1.05 39.93 -7.99 0.32
Pedestrian 0.00 0 -2.94 738.62 165.05 767.49 222.56 1.64 0.53 0.73 4.38 1.17 20.89 -2.73 0.30
Pedestrian 0.00 0 -4.92 669.57 159.48 689.11 209.29 1.79 0.56 0.75 2.81 1.00 26.17 -4.81 0.25
Cyclist 0.00 0 -4.82 679.59 162.25 734.94 291.20 1.73 0.60 1.80 1.47 1.47 10.52 -4.68 0.25
Pedestrian 0.00 0 -5.02 723.64 155.84 749.71 212.80 1.85 0.58 0.98 4.47 1.02 23.90 -4.83 0.24
Pedestrian 0.00 0 -4.80 466.39 170.18 496.91 241.30 1.67 0.65 0.88 -2.94 1.41 17.38 -4.97 0.23
Pedestrian 0.00 0 -3.12 741.57 158.32 766.42 218.19 1.77 0.61 0.72 4.57 1.09 21.63 -2.91 0.20
Cyclist 0.00 0 -8.00 809.83 161.35 844.83 245.29 1.69 0.47 1.65 4.76 1.28 15.30 -7.70 0.19
Pedestrian 0.00 0 -2.35 180.07 181.23 250.39 285.81 1.60 0.57 0.82 -6.16 1.60 11.39 -2.84 0.18
Cyclist 0.00 0 -4.25 35.95 170.44 138.01 293.45 1.72 0.53 1.76 -7.81 1.56 10.93 -4.87 0.18
Pedestrian 0.00 0 -6.41 518.78 171.43 532.86 200.40 1.79 0.70 0.79 -4.72 1.17 44.83 -6.52 0.18
Pedestrian 0.00 0 -4.32 1154.21 145.14 1223.69 270.43 1.73 0.55 0.70 8.41 1.23 10.33 -3.64 0.18
Pedestrian 0.00 0 -4.10 171.16 207.11 310.42 373.00 1.45 0.71 0.58 -2.67 1.65 5.26 -4.57 0.18
Pedestrian 0.00 0 -6.67 637.22 167.75 648.07 202.50 1.73 0.53 0.37 2.06 1.05 36.10 -6.61 0.17
Pedestrian 0.00 0 -7.70 216.21 174.04 265.42 277.13 1.70 0.65 0.75 -6.20 1.58 12.30 -8.16 0.17
Pedestrian 0.00 0 -5.28 82.85 195.45 210.25 373.00 1.51 0.54 0.78 -3.74 1.63 5.84 -5.85 0.17
Car 0.00 0 -5.76 1146.63 184.07 1237.00 373.00 1.38 1.50 3.35 5.87 1.41 4.93 -4.89 0.17
Car 0.00 0 -7.98 729.05 185.90 851.98 273.33 1.34 1.62 4.14 3.29 1.44 13.36 -7.74 0.16
Pedestrian 0.00 0 -8.16 1057.94 141.51 1136.12 285.34 1.74 0.64 0.65 6.19 1.25 9.07 -7.56 0.15
Pedestrian 0.00 0 -4.53 234.46 193.45 296.75 327.67 1.45 0.55 0.56 -3.85 1.59 8.16 -4.97 0.15
Pedestrian 0.00 0 -5.81 373.69 167.36 391.20 213.46 1.80 0.53 0.47 -8.64 1.25 28.28 -6.11 0.14
Pedestrian 0.00 0 -3.99 366.82 162.09 409.40 233.97 1.83 0.65 0.88 -5.61 1.34 18.80 -4.28 0.14
Pedestrian 0.00 0 -4.36 318.26 189.44 375.41 293.49 1.41 0.55 0.70 -3.62 1.52 10.12 -4.70 0.14
Car 0.00 0 -7.61 649.90 173.07 737.44 229.27 1.44 1.59 3.85 2.70 1.23 20.55 -7.48 0.13
Car 0.00 0 -7.60 365.88 166.34 417.43 199.10 1.59 1.67 3.65 -10.65 0.85 36.66 -7.88 0.13
Pedestrian 0.00 0 -4.25 111.75 147.68 184.07 281.64 1.93 0.61 0.84 -6.85 1.45 10.82 -4.81 0.13
Pedestrian 0.00 0 -6.26 610.08 163.31 629.58 221.26 1.74 0.54 0.59 0.54 1.20 21.90 -6.24 0.13
Pedestrian 0.00 0 -4.79 1128.13 152.52 1168.76 237.72 1.66 0.59 0.71 10.96 1.10 14.45 -4.15 0.12
Cyclist 0.00 0 -8.07 695.10 163.47 714.83 203.44 1.70 0.50 1.71 4.51 0.93 31.44 -7.92 0.12
Pedestrian 0.00 0 -4.67 661.03 210.74 679.64 267.10 1.01 0.33 0.40 1.24 1.56 13.31 -4.57 0.12
Cyclist 0.00 0 -7.46 384.29 167.02 409.52 205.61 1.66 0.47 1.67 -9.06 1.04 31.82 -7.74 0.12
Pedestrian 0.00 0 -4.92 315.06 220.08 366.18 363.62 1.22 0.35 0.47 -2.44 1.59 6.57 -5.28 0.12
Cyclist 0.00 0 -3.47 625.39 180.12 701.47 252.61 1.48 0.53 1.51 1.27 1.46 15.15 -3.39 0.12
Pedestrian 0.00 0 -3.86 720.61 164.97 743.58 211.26 1.65 0.56 0.60 4.71 1.06 26.03 -3.68 0.11
Cyclist 0.00 0 -4.63 511.32 169.91 524.95 204.90 1.69 0.54 1.53 -4.12 1.13 35.53 -4.74 0.11
Pedestrian 0.00 0 -4.46 141.29 201.89 205.89 362.93 1.42 0.40 0.53 -4.03 1.62 6.71 -5.00 0.10
Pedestrian 0.00 0 -4.36 0.00 162.90 76.16 322.67 1.81 0.61 0.78 -6.83 1.60 8.58 -5.04 0.10
Pedestrian 0.00 0 -4.75 293.67 183.82 320.93 254.58 1.44 0.50 0.56 -6.17 1.49 14.96 -5.15 0.10
