Car 0.00 0 -7.68 437.92 179.44 513.68 236.82 1.58 1.66 3.42 -3.90 1.42 21.48 -7.86 0.98
Car 0.00 0 -8.04 702.26 190.29 811.92 266.31 1.35 1.54 3.37 2.87 1.46 14.65 -7.85 0.97
Car 0.00 0 -7.53 253.21 188.94 445.35 304.44 1.45 1.61 3.76 -3.77 1.52 11.03 -7.86 0.97
Car 0.00 0 -7.30 0.00 180.43 216.95 296.51 1.59 1.64 3.73 -8.19 1.52 11.74 -7.91 0.97
Car 0.00 0 -7.96 652.04 183.43 705.26 222.09 1.42 1.68 3.98 2.69 1.36 28.42 -7.86 0.95
Car 0.00 0 -7.57 380.26 182.27 441.11 216.93 1.40 1.57 3.71 -8.45 1.29 30.99 -7.84 0.93
Car 0.00 0 -7.69 476.78 180.54 532.78 219.77 1.51 1.64 4.10 -4.21 1.33 29.66 -7.83 0.80
Car 0.00 0 -7.81 503.28 180.76 534.92 207.20 1.42 1.61 3.55 -4.97 1.18 40.40 -7.93 0.76
Car 0.00 0 -7.87 584.22 179.39 607.42 201.29 1.53 1.60 3.75 -0.92 1.13 52.18 -7.89 0.67
Car 0.00 0 -7.91 623.86 179.18 647.48 199.19 1.52 1.62 3.95 2.15 1.06 56.59 -7.88 0.62
Car 0.00 0 -4.82 527.93 180.47 554.14 201.55 1.47 1.54 3.31 -4.88 1.14 52.04 -4.91 0.49
Car 0.00 0 -8.03 261.57 187.07 342.84 243.21 1.46 1.56 3.50 -8.90 1.52 20.70 -8.43 0.31
Cyclist 0.00 0 -6.51 429.76 176.37 461.57 209.41 1.78 0.60 1.60 -8.89 1.30 39.31 -6.73 0.31
Car 0.00 0 -4.66 613.27 177.93 633.01 193.71 1.43 1.64 4.23 1.46 0.77 67.42 -4.64 0.21
Cyclist 0.00 0 -6.07 611.73 173.16 646.85 209.82 1.80 0.70 1.64 1.04 1.21 35.76 -6.04 0.15
Pedestrian 0.00 0 -4.23 939.07 205.52 1099.80 375.00 1.62 0.50 0.81 2.37 1.75 4.23 -3.72 0.14
Car 0.00 0 -7.97 696.18 182.78 737.52 215.43 1.44 1.50 3.50 4.99 1.33 33.45 -7.82 0.14
Car 0.00 0 -7.88 600.80 180.29 645.47 221.62 1.52 1.64 4.10 0.51 1.34 28.51 -7.86 0.10
Cyclist 0.00 0 -7.95 577.19 177.95 582.82 197.87 1.65 0.32 1.48 -2.34 1.05 60.15 -7.99 0.10
