Car 0.00 0 -6.26 587.15 177.80 677.81 213.08 1.73 1.78 4.49 1.11 1.98 36.60 -6.23 0.27
Car 0.00 0 -5.82 339.93 179.20 396.57 198.06 1.47 1.65 4.00 -19.43 1.99 57.98 -6.14 0.25
Car 0.00 0 -5.35 990.91 184.68 1167.73 257.66 1.46 1.58 3.68 10.77 1.77 16.97 -4.78 0.25
Car 0.00 0 -8.50 912.46 183.98 1049.58 243.34 1.48 1.56 3.69 10.42 1.83 20.66 -8.03 0.25
Car 0.00 0 -4.85 819.15 175.58 849.47 202.56 1.91 1.62 3.96 16.55 2.12 53.46 -4.55 0.21
Car 0.00 0 -8.14 706.41 176.95 746.20 201.43 1.56 1.66 3.73 7.77 1.85 48.70 -7.98 0.21
Car 0.00 0 -7.90 552.44 181.77 606.77 234.48 1.47 1.53 3.75 -1.07 1.78 22.75 -7.95 0.19
Car 0.00 0 -3.23 587.20 178.84 667.41 207.79 1.61 1.74 4.47 0.92 1.96 41.48 -3.21 0.18
Car 0.00 0 -4.78 916.40 181.11 949.31 207.78 1.56 1.62 3.96 20.40 2.11 45.77 -4.36 0.16
Car 0.00 0 -6.38 608.83 174.62 743.76 226.23 1.77 1.76 4.63 2.24 1.84 25.74 -6.30 0.16
Car 0.00 0 -5.20 659.78 177.89 696.23 194.78 1.54 1.67 4.30 6.50 2.05 69.62 -5.11 0.15
Cyclist 0.00 0 -4.66 1200.84 123.68 1219.86 168.89 1.74 0.49 1.74 23.91 -0.16 28.78 -3.97 0.12
Car 0.00 0 -5.10 786.33 179.68 839.32 207.63 1.46 1.52 3.79 11.29 1.86 40.53 -4.83 0.11
Car 0.00 0 -7.94 682.03 178.31 711.07 202.31 1.52 1.61 3.68 5.74 1.90 48.42 -7.83 0.11
