Car 0.00 0 -7.40 491.48 170.18 565.52 203.47 1.45 1.66 4.50 -3.33 0.96 33.65 -7.50 0.93
Car 0.00 0 -7.26 0.00 201.72 362.76 373.00 1.53 1.77 4.72 -2.79 1.70 3.62 -7.92 0.90
Car 0.00 0 -4.11 356.10 171.70 419.65 198.53 1.47 1.53 3.99 -12.29 0.94 41.58 -4.40 0.78
Car 0.00 0 -7.74 563.89 166.99 597.96 192.28 1.45 1.60 4.07 -1.19 0.62 43.32 -7.77 0.66
Car 0.00 0 -5.92 0.00 182.16 109.10 231.81 1.40 1.55 3.78 -17.27 1.42 21.57 -6.60 0.19
Pedestrian 0.00 0 -4.48 1162.14 127.58 1237.00 286.54 1.70 0.63 0.77 6.84 1.12 8.15 -3.78 0.18
Car 0.00 0 -2.64 131.40 170.88 235.87 202.93 1.52 1.61 4.12 -20.22 1.02 34.85 -3.16 0.14
Pedestrian 0.00 0 -5.70 662.93 164.69 681.86 202.61 1.75 0.62 0.65 3.30 0.97 33.56 -5.61 0.12
Car 0.00 0 -5.68 0.00 187.87 164.31 261.06 1.44 1.56 3.79 -11.66 1.59 15.18 -6.33 0.12
Pedestrian 0.00 0 -6.97 645.50 163.87 658.34 194.13 1.80 0.65 0.46 3.04 0.75 43.17 -6.90 0.12
Pedestrian 0.00 0 -5.64 350.95 166.76 367.07 194.78 1.85 0.61 0.81 -16.10 0.88 47.73 -5.97 0.11
Pedestrian 0.00 0 -8.92 1220.50 125.16 1237.00 175.50 1.83 0.65 0.57 23.43 -0.22 26.58 -8.20 0.11
Pedestrian 0.00 0 -2.83 346.84 167.48 353.52 195.27 1.80 0.48 0.28 -16.38 0.89 46.84 -3.17 0.10
Pedestrian 0.00 0 -4.11 1081.30 136.91 1171.43 273.70 1.65 0.58 0.78 6.55 1.11 9.04 -3.49 0.10
Car 0.00 0 -4.52 549.91 168.94 575.05 187.26 1.71 1.65 4.12 -3.68 0.54 69.25 -4.57 0.10
