Car 0.00 0 -4.31 118.33 195.18 420.38 366.13 1.46 1.67 4.41 -3.82 1.81 8.96 -4.71 0.95
Car 0.00 0 -7.91 638.31 173.94 700.31 232.55 1.57 1.58 3.33 1.61 1.60 21.02 -7.84 0.92
Car 0.00 0 -4.52 459.83 179.60 531.80 229.04 1.48 1.65 4.03 -3.77 1.72 24.14 -4.68 0.92
Pedestrian 0.00 0 -3.92 991.75 130.82 1160.64 374.00 1.88 0.63 0.75 3.11 1.62 4.94 -3.35 0.21
Cyclist 0.00 0 -4.40 427.83 176.90 455.27 222.92 1.64 0.52 1.63 -6.25 1.79 26.65 -4.63 0.20
Pedestrian 0.00 0 -2.07 0.00 192.69 44.33 280.28 1.66 0.56 0.77 -11.76 2.06 14.22 -2.76 0.14
Car 0.00 0 -7.97 591.27 167.17 613.99 185.55 1.70 1.68 4.26 -0.75 1.17 68.75 -7.98 0.14
Car 0.00 0 -2.73 480.00 175.99 550.83 200.98 1.40 1.57 3.79 -5.55 1.59 42.15 -2.86 0.13
Pedestrian 0.00 0 -1.99 177.92 181.98 244.45 291.44 1.72 0.73 0.73 -6.63 1.87 11.91 -2.50 0.13
Pedestrian 0.00 0 -3.85 700.31 161.21 727.56 211.79 1.90 0.59 0.85 3.94 1.47 27.63 -3.70 0.12
Pedestrian 0.00 0 -5.77 226.20 172.76 259.45 239.31 1.87 0.70 0.58 -10.55 1.87 20.64 -6.24 0.11
Car 0.00 0 -7.95 665.70 163.73 697.87 193.63 1.76 1.60 3.77 4.34 1.22 44.38 -7.85 0.11
Pedestrian 0.00 0 -3.52 937.94 142.88 1073.33 360.41 1.85 0.60 0.91 3.47 1.60 6.49 -3.03 0.11
Car 0.00 0 -5.94 606.38 176.69 661.16 196.28 1.58 1.53 4.31 1.96 1.91 60.24 -5.91 0.11
Pedestrian 0.00 0 -3.91 158.55 168.02 198.54 246.99 1.97 0.65 0.59 -11.05 1.85 18.41 -4.45 0.10
