Car 0.00 0 -7.75 474.66 185.71 521.64 220.31 1.38 1.55 4.16 -4.67 1.40 30.84 -7.90 0.95
Car 0.00 0 -7.40 138.09 185.49 304.77 267.49 1.53 1.62 3.79 -8.07 1.54 15.34 -7.89 0.95
Car 0.00 0 -7.24 0.00 196.87 261.19 375.00 1.48 1.68 4.63 -4.82 1.62 6.06 -7.91 0.92
Car 0.00 0 -7.32 42.63 185.97 215.96 254.03 1.46 1.65 4.05 -11.45 1.48 17.50 -7.89 0.91
Car 0.00 0 -7.50 269.71 186.17 381.48 240.78 1.46 1.71 4.25 -8.28 1.49 21.40 -7.87 0.87
Car 0.00 0 -7.89 572.93 179.08 605.00 208.19 1.59 1.70 4.54 -1.17 1.26 41.63 -7.91 0.82
Car 0.00 0 -7.49 247.32 182.26 321.30 222.99 1.54 1.54 3.63 -13.01 1.43 29.03 -7.92 0.73
Cyclist 0.00 0 -2.38 495.54 176.41 528.54 209.12 1.81 0.75 1.84 -5.43 1.32 40.56 -2.51 0.33
Car 0.00 0 -4.32 147.56 187.83 204.50 215.08 1.55 1.59 3.79 -25.91 1.71 43.22 -4.86 0.29
Cyclist 0.00 0 -5.29 623.46 179.60 649.68 212.73 1.68 0.59 1.59 1.46 1.40 37.31 -5.25 0.25
Pedestrian 0.00 0 -6.04 792.91 166.59 832.18 236.14 1.95 0.57 0.98 5.84 1.43 20.65 -5.77 0.20
Pedestrian 0.00 0 -8.00 483.33 188.87 505.02 228.36 1.44 0.70 0.66 -4.26 1.58 26.71 -8.16 0.19
Car 0.00 0 -4.09 249.52 191.45 320.93 218.57 1.50 1.65 4.43 -19.31 1.90 43.19 -4.51 0.19
Pedestrian 0.00 0 -5.65 1105.03 151.72 1230.32 353.10 1.80 0.56 0.76 5.26 1.50 6.86 -5.00 0.18
Car 0.00 0 -4.69 527.97 179.98 547.27 197.94 1.48 1.54 3.89 -5.94 1.05 61.05 -4.79 0.17
Pedestrian 0.00 0 -4.68 986.84 163.55 1039.15 294.69 1.75 0.62 0.64 5.62 1.46 10.04 -4.17 0.16
Cyclist 0.00 0 -7.99 649.63 179.92 663.75 220.24 1.67 0.39 1.54 2.04 1.45 30.56 -7.92 0.16
Car 0.00 0 -5.53 314.22 183.94 381.39 209.67 1.47 1.59 3.63 -15.38 1.40 42.47 -5.88 0.14
Pedestrian 0.00 0 -4.03 1202.03 144.60 1240.00 350.05 1.84 0.56 0.85 6.19 1.48 6.77 -3.29 0.13
Car 0.00 0 -2.51 310.64 182.32 394.84 213.71 1.53 1.61 3.80 -12.91 1.39 36.34 -2.85 0.11
Car 0.00 0 -4.21 489.96 175.75 525.52 193.03 1.64 1.64 4.19 -9.76 0.74 70.38 -4.35 0.10
