Car 0.00 0 -8.10 667.77 171.70 810.69 273.97 1.60 1.64 3.93 2.14 1.58 13.30 -7.94 0.96
Car 0.00 0 -4.43 270.75 188.00 474.50 328.40 1.43 1.58 3.58 -2.94 1.67 9.56 -4.73 0.94
Car 0.00 0 -7.95 614.24 175.43 644.74 199.63 1.49 1.59 4.29 1.20 1.67 47.18 -7.92 0.88
Car 0.00 0 -2.82 170.62 182.92 386.39 253.24 1.46 1.65 4.13 -7.41 1.71 16.35 -3.25 0.77
Car 0.00 0 -2.84 289.69 181.41 441.16 234.21 1.47 1.54 3.93 -7.15 1.73 21.19 -3.16 0.64
Car 0.00 0 -3.14 438.33 176.91 514.78 203.38 1.45 1.61 4.18 -7.58 1.68 40.91 -3.32 0.46
Car 0.00 0 -2.94 407.75 176.40 486.95 208.47 1.58 1.58 3.67 -8.22 1.76 36.49 -3.17 0.34
Cyclist 0.00 0 -4.39 488.62 178.79 508.78 213.52 1.58 0.55 1.33 -5.24 1.87 33.79 -4.55 0.29
Car 0.00 0 -4.84 678.86 176.51 712.66 202.51 1.44 1.52 3.65 4.95 1.66 42.32 -4.72 0.28
Car 0.00 0 -7.69 507.64 172.42 537.94 196.88 1.84 1.70 4.08 -6.78 1.81 56.27 -7.81 0.27
Car 0.00 0 -3.26 395.83 179.44 498.21 215.89 1.46 1.63 4.10 -7.01 1.75 30.82 -3.48 0.25
Pedestrian 0.00 0 -4.05 1234.75 152.34 1241.00 200.74 1.88 0.51 0.21 24.87 1.09 28.36 -3.33 0.24
Car 0.00 0 -2.70 307.94 177.85 436.90 228.37 1.56 1.55 3.69 -7.74 1.73 23.52 -3.01 0.22
Pedestrian 0.00 0 -5.08 1059.22 151.53 1126.06 274.64 1.80 0.60 0.81 7.30 1.49 11.02 -4.49 0.22
Pedestrian 0.00 0 -7.79 829.45 161.60 847.16 211.15 1.95 0.64 0.66 9.06 1.50 28.77 -7.49 0.18
Pedestrian 0.00 0 -6.56 658.61 172.19 671.29 195.33 1.68 0.56 0.80 3.99 1.63 52.80 -6.48 0.18
Car 0.00 0 -6.18 442.00 170.16 519.38 200.67 1.78 1.73 4.41 -7.73 1.63 43.23 -6.36 0.17
Pedestrian 0.00 0 -5.75 121.51 160.22 198.29 270.08 1.87 0.55 0.99 -7.87 1.65 12.56 -6.31 0.16
Pedestrian 0.00 0 -4.32 1152.85 153.95 1241.84 300.52 1.74 0.58 0.87 7.29 1.52 9.03 -3.64 0.15
Pedestrian 0.00 0 -7.87 856.82 165.74 873.51 210.49 1.86 0.65 0.90 10.74 1.56 30.50 -7.53 0.13
Cyclist 0.00 0 -7.01 1188.05 159.51 1231.16 194.85 1.83 0.69 1.70 31.24 1.14 37.65 -6.32 0.12
Pedestrian 0.00 0 -7.31 329.86 166.77 346.61 198.44 1.88 0.66 0.73 -16.29 1.52 43.18 -7.67 0.12
Pedestrian 0.00 0 -3.82 1002.12 160.09 1052.85 241.57 1.81 0.63 0.78 9.43 1.53 16.40 -3.30 0.12
Pedestrian 0.00 0 -8.05 842.28 163.59 865.11 215.74 1.87 0.66 0.71 8.84 1.54 26.31 -7.73 0.12
Car 0.00 0 -5.00 754.96 167.69 809.07 199.88 1.65 1.71 4.24 9.20 1.38 39.07 -4.77 0.11
Pedestrian 0.00 0 -3.91 927.11 157.27 941.09 192.38 1.79 0.55 0.38 16.63 1.00 37.11 -3.49 0.11
Pedestrian 0.00 0 -7.49 668.82 169.91 684.14 202.94 1.89 0.72 0.61 3.82 1.72 41.78 -7.40 0.10
Pedestrian 0.00 0 -2.43 334.56 166.00 352.71 213.96 1.94 0.56 0.44 -10.96 1.67 29.59 -2.79 0.10
Cyclist 0.00 0 -7.73 869.51 159.32 881.96 192.52 1.68 0.41 1.63 13.69 0.99 37.24 -7.38 0.10
