Car 0.00 0 -8.03 662.94 176.28 729.99 226.01 1.56 1.62 4.03 2.86 1.69 24.96 -7.91 0.95
Car 0.00 0 -4.42 352.94 190.45 439.57 247.44 1.47 1.56 3.35 -6.25 2.03 21.27 -4.71 0.93
Car 0.00 0 -4.44 455.68 181.40 514.28 216.72 1.57 1.73 4.35 -6.08 2.01 35.35 -4.61 0.82
Car 0.00 0 -4.47 408.43 188.27 477.37 230.95 1.39 1.58 3.95 -6.17 2.00 26.87 -4.69 0.82
Car 0.00 0 -8.29 1148.36 138.57 1237.02 178.78 1.85 1.76 4.20 28.41 0.27 35.40 -7.62 0.46
Car 0.00 0 -5.16 1210.44 142.31 1241.00 173.41 1.54 1.63 4.05 33.55 0.03 37.89 -4.44 0.46
Car 0.00 0 -4.72 534.55 181.48 551.98 198.03 1.45 1.57 3.92 -6.28 2.28 67.40 -4.82 0.44
Car 0.00 0 -4.93 1109.53 143.07 1177.49 181.64 1.71 1.74 4.11 25.17 0.39 34.23 -4.30 0.33
Car 0.00 0 -3.92 0.00 220.42 250.31 374.00 1.62 1.70 4.14 -3.20 1.95 2.75 -4.78 0.26
Car 0.00 0 -4.56 488.12 182.81 542.21 220.75 1.45 1.66 4.43 -4.04 1.91 31.06 -4.69 0.24
Car 0.00 0 -4.55 479.25 180.64 517.73 208.71 1.51 1.59 3.89 -6.46 1.98 41.88 -4.70 0.16
Car 0.00 0 -4.51 653.03 173.02 677.83 189.47 1.52 1.62 3.92 5.31 1.54 68.91 -4.44 0.15
Pedestrian 0.00 0 -5.61 278.30 175.27 298.08 228.43 1.81 0.48 0.41 -11.13 1.89 24.86 -6.03 0.15
Cyclist 0.00 0 -5.01 1233.77 140.45 1241.00 176.15 1.72 0.68 1.77 31.64 0.16 35.76 -4.29 0.15
Pedestrian 0.00 0 -6.46 357.63 178.36 376.77 217.79 1.75 0.74 0.70 -11.06 2.01 32.74 -6.79 0.14
Cyclist 0.00 0 -6.21 182.23 197.63 289.45 294.43 1.64 0.62 1.70 -6.84 2.12 13.18 -6.69 0.13
Car 0.00 0 -7.46 322.06 187.04 374.14 214.75 1.44 1.57 3.52 -14.93 2.29 41.20 -7.81 0.13
Cyclist 0.00 0 -7.54 108.63 190.13 189.76 307.10 1.72 0.63 1.64 -7.49 2.02 11.73 -8.11 0.13
Pedestrian 0.00 0 -4.62 240.97 206.48 261.54 258.45 1.31 0.43 0.61 -9.47 2.21 18.97 -5.09 0.13
Car 0.00 0 -3.56 901.66 154.57 961.63 174.46 1.67 1.69 4.35 27.33 0.14 61.43 -3.14 0.12
Pedestrian 0.00 0 -8.15 1110.99 159.17 1143.15 214.76 1.52 0.62 0.47 14.30 1.15 20.03 -7.53 0.11
Pedestrian 0.00 0 -3.12 699.90 160.19 735.31 230.50 1.98 0.55 0.99 3.03 1.62 20.64 -2.97 0.11
Cyclist 0.00 0 -8.68 1069.87 144.38 1112.37 182.96 1.85 0.50 1.90 23.60 0.48 35.49 -8.10 0.11
