Car 0.00 0 -3.73 0.00 196.17 144.54 374.00 1.60 1.64 4.23 -3.73 1.74 2.38 -4.74 0.92
Car 0.00 0 -7.90 623.38 161.44 694.22 226.84 1.48 1.59 4.36 1.09 1.22 18.49 -7.84 0.89
Pedestrian 0.00 0 -7.85 596.26 155.84 622.27 226.00 1.72 0.64 0.81 -0.07 1.30 18.08 -7.85 0.64
Car 0.00 0 -4.61 502.02 163.20 530.21 186.02 1.62 1.66 3.96 -6.93 0.94 53.36 -4.74 0.32
Car 0.00 0 -3.13 402.80 161.44 488.73 195.71 1.59 1.69 3.94 -7.92 1.06 34.76 -3.36 0.27
Car 0.00 0 -5.95 1190.78 183.93 1241.00 374.00 1.50 1.53 3.67 3.98 1.56 2.05 -4.85 0.24
Car 0.00 0 -8.31 849.09 149.00 1227.31 357.76 1.58 1.59 3.99 3.84 1.40 7.46 -7.84 0.23
Car 0.00 0 -7.86 606.46 160.33 630.14 183.95 1.66 1.66 3.75 0.56 0.78 52.47 -7.85 0.22
Pedestrian 0.00 0 -2.59 71.56 158.05 154.50 320.58 1.83 0.65 0.54 -5.87 1.66 8.46 -3.19 0.19
Cyclist 0.00 0 -7.82 495.14 163.01 503.14 193.16 1.66 0.39 1.62 -6.25 1.12 40.50 -7.97 0.15
Pedestrian 0.00 0 -7.94 686.06 157.71 705.17 206.43 1.76 0.63 0.84 3.09 1.21 26.46 -7.82 0.14
Pedestrian 0.00 0 -3.27 712.57 156.35 749.43 224.98 1.66 0.57 0.83 2.92 1.26 17.75 -3.11 0.13
Car 0.00 0 -7.68 615.16 164.19 659.96 195.38 1.46 1.61 3.63 1.38 1.06 35.76 -7.64 0.11
Pedestrian 0.00 0 -4.53 803.70 148.23 860.79 288.17 1.73 0.58 0.77 2.85 1.42 9.39 -4.23 0.10
