Car 0.00 0 -7.98 591.18 178.54 618.29 198.56 1.46 1.61 3.82 -0.47 1.92 55.75 -7.99 0.60
Car 0.00 0 -8.19 829.61 182.12 902.95 221.40 1.43 1.62 3.73 10.15 1.82 28.95 -7.85 0.40
Car 0.00 0 -4.84 573.10 180.65 643.50 235.67 1.54 1.70 4.07 -0.19 1.81 22.87 -4.85 0.37
Car 0.00 0 -6.50 674.94 178.57 819.54 233.94 1.61 1.72 4.08 4.09 1.80 22.16 -6.32 0.33
Cyclist 0.00 0 -4.89 1205.37 182.26 1235.38 234.49 1.61 0.46 1.63 19.75 1.93 23.42 -4.19 0.32
Cyclist 0.00 0 -8.16 917.43 178.55 934.79 210.56 1.63 0.38 1.57 16.57 1.94 37.92 -7.75 0.28
Pedestrian 0.00 0 -6.19 780.65 172.12 790.63 196.03 1.81 0.62 0.68 13.36 1.75 54.99 -5.95 0.24
Cyclist 0.00 0 -7.83 1169.96 182.54 1187.13 231.22 1.65 0.44 1.62 20.07 2.00 25.51 -7.16 0.19
Car 0.00 0 -3.31 677.65 178.24 759.44 206.24 1.54 1.73 4.35 6.06 1.85 40.84 -3.16 0.18
Car 0.00 0 -5.78 0.00 172.64 76.56 235.38 1.51 1.66 4.45 -16.77 1.50 18.63 -6.52 0.17
Car 0.00 0 -7.15 0.00 182.55 88.49 236.79 1.43 1.59 3.86 -17.94 1.75 21.69 -7.84 0.15
Pedestrian 0.00 0 -4.88 925.57 163.26 946.59 210.58 2.00 0.71 0.70 13.92 1.59 30.91 -4.46 0.15
Car 0.00 0 -4.67 900.97 177.52 932.42 204.84 1.57 1.60 4.07 18.82 1.87 44.27 -4.27 0.11
Cyclist 0.00 0 -5.32 134.61 171.85 177.41 216.45 1.75 0.60 1.68 -18.28 1.71 28.98 -5.88 0.10
