Pedestrian 0.00 0 -6.00 179.07 159.26 266.65 305.23 1.75 0.50 0.85 -4.78 1.49 8.78 -6.49 0.50
Cyclist 0.00 0 -4.11 33.17 157.89 139.13 267.05 1.86 0.71 1.72 -9.48 1.48 12.94 -4.74 0.28
Pedestrian 0.00 0 -4.83 20.12 167.49 66.59 255.74 1.72 0.63 0.91 -11.44 1.47 14.34 -5.50 0.23
Pedestrian 0.00 0 -5.11 977.97 221.95 1076.15 369.00 1.23 0.41 0.67 3.13 1.57 5.36 -4.58 0.21
Car 0.00 0 -5.53 0.00 181.14 128.31 225.43 1.54 1.67 4.39 -20.02 1.57 25.67 -6.19 0.17
Pedestrian 0.00 0 -8.16 837.89 168.98 870.94 234.27 1.61 0.60 0.71 6.23 1.33 17.80 -7.82 0.16
Car 0.00 0 -8.74 1099.09 189.78 1223.00 369.00 1.48 1.55 3.32 4.99 1.56 4.38 -7.89 0.15
Cyclist 0.00 0 -2.95 649.19 140.25 680.74 172.22 1.77 0.66 1.68 3.37 -0.47 39.87 -2.87 0.15
Cyclist 0.00 0 -4.87 668.91 165.68 690.45 209.87 1.73 0.62 1.55 2.97 1.15 28.42 -4.77 0.15
Pedestrian 0.00 0 -4.63 859.01 163.96 901.55 268.33 1.69 0.61 0.78 4.61 1.42 11.93 -4.26 0.13
Cyclist 0.00 0 -7.81 507.11 163.47 541.89 265.02 1.74 0.57 1.80 -1.51 1.45 13.05 -7.93 0.12
Pedestrian 0.00 0 -3.94 1169.79 167.85 1223.00 264.13 1.59 0.60 0.72 10.12 1.38 11.97 -3.23 0.12
Pedestrian 0.00 0 -5.00 1078.96 150.74 1137.87 265.30 1.80 0.59 0.76 8.17 1.33 11.56 -4.38 0.11
Pedestrian 0.00 0 -5.59 639.22 168.23 696.76 261.28 1.66 0.62 0.86 1.12 1.44 13.11 -5.51 0.11
Pedestrian 0.00 0 -5.07 769.57 158.02 824.00 264.17 1.80 0.65 0.87 3.31 1.42 12.42 -4.81 0.11
