Car 0.00 0 -4.49 404.49 186.42 551.02 292.47 1.41 1.57 3.75 -2.07 1.67 12.00 -4.66 0.95
Pedestrian 0.00 0 -5.18 934.83 157.21 974.79 221.09 1.85 0.69 1.01 10.19 1.40 21.44 -4.74 0.81
Car 0.00 0 -2.69 26.72 175.23 234.09 241.28 1.63 1.68 4.26 -12.55 1.70 19.05 -3.28 0.30
Cyclist 0.00 0 -3.59 0.00 175.01 53.07 234.35 1.65 0.57 1.48 -17.17 1.71 20.90 -4.28 0.20
Car 0.00 0 -3.16 572.26 177.90 655.82 210.04 1.49 1.62 3.91 0.14 1.74 34.55 -3.16 0.20
Car 0.00 0 -4.15 0.00 203.18 253.26 374.00 1.53 1.59 3.99 -2.79 1.73 2.75 -4.94 0.19
Car 0.00 0 -6.01 379.59 177.36 449.50 201.74 1.47 1.58 3.88 -12.06 1.75 44.53 -6.28 0.16
Cyclist 0.00 0 -4.31 326.48 175.82 401.41 299.07 1.68 0.45 1.63 -3.66 1.72 10.68 -4.64 0.14
Car 0.00 0 -4.04 321.01 178.77 402.51 214.00 1.45 1.56 3.58 -11.07 1.73 32.30 -4.37 0.14
Cyclist 0.00 0 -7.67 556.59 172.01 572.62 210.78 1.72 0.46 1.47 -2.09 1.68 32.76 -7.73 0.13
Pedestrian 0.00 0 -7.41 923.79 166.65 939.90 195.21 1.73 0.67 0.70 19.66 1.35 44.14 -6.99 0.13
Cyclist 0.00 0 -7.23 125.89 178.08 224.68 298.00 1.69 0.47 1.56 -6.63 1.77 11.00 -7.77 0.12
Car 0.00 0 -4.43 763.40 169.39 792.36 185.63 1.50 1.60 4.10 15.98 1.18 68.62 -4.20 0.12
Car 0.00 0 -7.87 913.31 166.40 939.19 189.95 1.62 1.63 4.02 22.69 1.18 51.93 -7.46 0.11
Pedestrian 0.00 0 -5.99 548.24 171.15 560.63 196.86 1.74 0.59 0.70 -3.82 1.63 49.25 -6.07 0.11
