Car 0.00 0 -6.06 445.89 176.01 697.62 266.08 1.58 1.68 4.61 -0.72 1.65 13.98 -6.11 0.93
Car 0.00 0 -4.45 216.24 179.40 255.76 201.54 1.47 1.57 3.76 -26.50 1.95 51.16 -4.93 0.33
Car 0.00 0 -6.47 0.00 179.08 65.60 216.73 1.43 1.69 3.99 -25.46 1.71 30.13 -7.17 0.31
Car 0.00 0 -7.32 67.20 177.53 155.71 212.00 1.45 1.59 3.86 -22.67 1.68 32.93 -7.93 0.29
Pedestrian 0.00 0 -7.45 965.24 167.65 983.91 205.76 1.94 0.65 0.66 18.71 1.67 37.10 -6.98 0.29
Pedestrian 0.00 0 -4.82 190.38 187.17 312.11 374.00 1.69 0.61 0.68 -2.34 1.79 4.56 -5.29 0.23
Car 0.00 0 -7.61 177.83 182.66 222.78 207.65 1.48 1.62 4.02 -26.46 2.15 46.66 -8.13 0.22
Pedestrian 0.00 0 -4.50 353.00 147.98 423.34 313.78 1.93 0.64 1.00 -2.78 1.64 8.94 -4.81 0.20
Car 0.00 0 -6.63 0.00 166.62 35.88 236.78 1.47 1.61 4.01 -16.58 1.34 17.31 -7.39 0.18
Car 0.00 0 -6.26 0.00 178.78 99.62 222.21 1.42 1.61 3.96 -20.90 1.65 26.01 -6.94 0.16
Cyclist 0.00 0 -2.56 370.47 177.02 390.24 198.88 1.76 0.56 1.47 -18.75 2.11 58.85 -2.87 0.15
Cyclist 0.00 0 -3.72 78.63 179.33 107.77 207.53 1.68 0.51 1.40 -31.65 2.09 44.16 -4.34 0.13
Car 0.00 0 -8.29 767.81 170.72 809.17 193.59 1.84 1.78 4.12 14.86 1.67 60.37 -8.05 0.12
Pedestrian 0.00 0 -4.90 557.59 201.12 576.18 246.58 1.09 0.39 0.38 -1.11 1.79 17.76 -4.97 0.11
Cyclist 0.00 0 -7.11 202.78 178.81 222.93 198.88 1.67 0.43 1.75 -33.82 2.18 61.42 -7.61 0.11
Pedestrian 0.00 0 -3.29 286.58 145.67 394.23 353.08 1.85 0.42 0.90 -2.61 1.61 6.84 -3.66 0.11
Pedestrian 0.00 0 -6.52 592.76 171.89 601.05 193.20 1.76 0.69 0.54 -1.12 1.68 60.09 -6.54 0.10
Cyclist 0.00 0 -8.36 1106.09 172.37 1166.77 248.47 1.59 0.44 1.42 11.48 1.58 15.84 -7.73 0.10
