Car 0.00 0 -4.36 232.04 186.24 366.21 258.10 1.40 1.59 3.92 -7.09 1.75 16.77 -4.76 0.94
Car 0.00 0 -6.43 407.93 179.08 458.78 198.12 1.49 1.60 3.83 -14.42 2.01 58.80 -6.67 0.47
Car 0.00 0 -3.88 0.00 230.81 291.45 374.00 1.40 1.53 3.65 -2.97 1.78 2.91 -4.68 0.30
Pedestrian 0.00 0 -5.03 949.19 167.64 974.55 215.39 1.97 0.69 0.97 14.73 1.76 30.30 -4.57 0.21
Car 0.00 0 -7.39 270.14 184.31 316.59 207.08 1.43 1.52 3.40 -21.38 2.23 48.78 -7.81 0.18
Pedestrian 0.00 0 -8.27 880.15 190.78 899.35 226.14 1.58 0.60 0.64 12.69 2.40 32.84 -7.90 0.16
Pedestrian 0.00 0 -5.22 492.19 204.21 612.53 374.00 1.54 0.52 0.53 -0.40 1.74 4.27 -5.31 0.13
Car 0.00 0 -4.77 708.62 183.28 739.85 210.77 1.45 1.54 3.95 6.51 2.08 41.63 -4.62 0.13
Cyclist 0.00 0 -6.54 47.90 175.86 98.14 215.02 1.60 0.55 1.61 -22.68 1.73 30.44 -7.18 0.12
Car 0.00 0 -5.63 0.00 178.19 73.12 211.79 1.48 1.60 3.97 -27.12 1.73 32.89 -6.32 0.12
Pedestrian 0.00 0 -7.47 661.06 167.85 684.48 216.12 1.89 0.79 0.52 2.45 1.69 28.65 -7.38 0.10
