Car 0.00 0 -6.42 613.79 185.87 695.27 213.45 1.39 1.61 4.13 2.29 2.10 38.28 -6.36 0.94
Car 0.00 0 -4.01 0.00 212.73 235.55 374.00 1.58 1.58 4.04 -3.21 1.86 2.96 -4.84 0.46
Car 0.00 0 -5.78 0.00 174.38 47.20 215.00 1.48 1.54 3.89 -24.11 1.54 27.47 -6.50 0.25
Car 0.00 0 -3.31 909.93 158.27 975.24 180.46 1.63 1.70 4.24 25.01 0.56 54.44 -2.88 0.23
Car 0.00 0 -7.49 198.09 186.26 359.36 283.18 1.55 1.58 3.81 -6.27 1.85 14.03 -7.91 0.21
Pedestrian 0.00 0 -3.90 1075.83 161.10 1142.85 262.45 1.77 0.55 0.83 8.87 1.56 12.91 -3.29 0.20
Car 0.00 0 -3.66 803.19 180.01 921.93 220.85 1.51 1.62 4.13 9.80 1.80 28.22 -3.33 0.18
Car 0.00 0 -5.96 469.95 185.21 583.58 227.79 1.52 1.66 4.00 -3.20 2.01 27.61 -6.08 0.17
Car 0.00 0 -4.99 591.31 182.31 618.86 200.36 1.55 1.55 3.72 -0.50 2.44 66.08 -5.00 0.16
Pedestrian 0.00 0 -7.37 1099.99 152.85 1116.69 180.05 1.85 0.63 0.84 34.26 0.49 49.64 -6.77 0.16
Car 0.00 0 -3.12 595.63 184.83 647.36 202.86 1.46 1.66 4.27 0.96 2.47 60.41 -3.10 0.16
Pedestrian 0.00 0 -3.17 968.81 156.16 983.85 184.52 1.84 0.53 0.87 24.00 0.76 47.34 -2.70 0.15
Pedestrian 0.00 0 -8.51 858.48 172.69 884.60 222.22 1.83 0.62 0.71 9.78 1.83 27.10 -8.16 0.14
Pedestrian 0.00 0 -3.89 243.16 193.35 413.19 374.00 1.68 0.61 0.51 -1.46 1.80 3.61 -4.27 0.14
Pedestrian 0.00 0 -4.89 279.47 218.67 395.47 374.00 1.59 0.53 0.60 -1.66 1.88 4.22 -5.27 0.11
Pedestrian 0.00 0 -5.31 1173.08 247.84 1241.00 374.00 1.07 0.32 0.51 4.31 1.63 5.15 -4.61 0.11
Pedestrian 0.00 0 -7.38 1012.25 169.66 1034.19 214.08 1.91 0.75 0.36 17.97 1.77 31.45 -6.86 0.10
