Car 0.00 0 -7.79 533.92 179.74 566.45 206.81 1.47 1.64 3.88 -3.48 1.89 42.14 -7.87 0.87
Car 0.00 0 -7.88 585.30 177.40 611.73 202.87 1.56 1.62 3.57 -0.81 1.87 46.76 -7.90 0.85
Car 0.00 0 -4.71 458.28 181.31 479.89 201.61 1.49 1.61 4.19 -11.14 2.18 56.97 -4.90 0.47
Car 0.00 0 -7.75 620.82 175.68 648.73 197.80 1.56 1.65 4.04 1.84 1.77 53.44 -7.71 0.21
Pedestrian 0.00 0 -3.95 1139.30 109.83 1241.00 374.00 1.92 0.58 1.00 3.74 1.58 4.22 -3.23 0.19
Cyclist 0.00 0 -8.18 1233.86 154.48 1241.00 308.03 1.61 0.50 1.63 7.84 1.42 8.41 -7.43 0.17
Pedestrian 0.00 0 -6.24 506.80 174.38 519.26 200.87 1.80 0.55 0.82 -6.65 1.90 49.29 -6.38 0.15
Cyclist 0.00 0 -4.81 466.72 175.94 479.80 210.36 1.75 0.52 1.57 -7.18 1.92 37.66 -5.00 0.14
Car 0.00 0 -4.44 338.40 171.27 410.97 220.10 1.96 1.83 4.59 -10.13 1.90 31.29 -4.76 0.14
Car 0.00 0 -4.61 576.40 174.22 597.79 192.02 1.58 1.56 4.01 -2.09 1.71 66.24 -4.64 0.13
Pedestrian 0.00 0 -3.31 630.78 171.00 646.31 199.31 1.88 0.49 0.97 1.88 1.76 48.26 -3.27 0.12
Car 0.00 0 -4.33 397.15 181.03 437.12 200.52 1.41 1.60 4.04 -14.94 2.07 56.01 -4.59 0.12
Pedestrian 0.00 0 -3.93 1083.59 156.23 1157.44 274.32 1.69 0.59 0.67 7.50 1.46 10.70 -3.31 0.11
Pedestrian 0.00 0 -7.54 975.88 152.60 1018.73 240.32 1.86 0.63 0.74 8.44 1.43 15.80 -7.05 0.11
Car 0.00 0 -4.77 507.35 176.51 527.47 194.14 1.55 1.59 3.85 -8.54 1.89 66.18 -4.90 0.11
Cyclist 0.00 0 -6.48 1120.32 124.85 1181.69 176.46 1.86 0.64 1.72 19.96 0.13 26.71 -5.84 0.11
Car 0.00 0 -7.59 359.55 182.36 437.03 231.33 1.55 1.65 4.05 -7.48 1.92 25.70 -7.88 0.11
