Car 0.00 0 -7.57 336.66 186.54 455.65 260.94 1.43 1.55 3.58 -4.51 1.46 15.66 -7.85 0.97
Car 0.00 0 -7.24 0.00 193.84 296.06 375.00 1.50 1.66 3.98 -4.60 1.60 6.57 -7.85 0.97
Car 0.00 0 -7.63 405.88 180.11 481.47 229.10 1.49 1.59 3.92 -5.36 1.33 23.75 -7.85 0.94
Car 0.00 0 -7.19 0.00 179.42 119.01 262.73 1.49 1.62 3.68 -12.11 1.39 14.75 -7.88 0.92
Car 0.00 0 -7.54 284.08 182.36 374.25 230.41 1.45 1.60 4.03 -9.14 1.37 23.81 -7.90 0.91
Car 0.00 0 -7.30 54.57 187.32 264.20 273.52 1.43 1.56 4.02 -8.53 1.48 14.07 -7.84 0.89
Car 0.00 0 -7.82 573.49 176.58 609.73 209.93 1.51 1.61 3.23 -0.76 1.12 34.11 -7.84 0.87
Car 0.00 0 -7.55 393.30 176.73 448.97 211.85 1.56 1.55 3.53 -8.72 1.18 33.73 -7.81 0.54
Car 0.00 0 -7.43 302.93 179.42 371.24 214.18 1.49 1.52 3.71 -12.25 1.24 32.65 -7.79 0.38
Car 0.00 0 -4.80 533.17 180.34 554.05 197.86 1.48 1.49 3.86 -5.63 1.07 62.71 -4.89 0.16
Cyclist 0.00 0 -8.74 1166.46 177.25 1240.00 350.34 1.54 0.54 1.59 6.52 1.47 7.22 -8.01 0.14
Car 0.00 0 -7.91 516.29 175.97 542.73 200.47 1.67 1.63 3.91 -5.61 1.04 51.01 -8.02 0.14
Car 0.00 0 -7.67 451.50 170.02 490.12 202.69 2.11 1.81 4.22 -9.20 1.13 48.46 -7.85 0.13
Car 0.00 0 -4.48 493.87 175.61 544.33 209.14 1.58 1.61 4.10 -4.39 1.13 35.90 -4.60 0.11
Car 0.00 0 -3.99 0.00 186.16 124.25 237.53 1.39 1.54 4.11 -16.84 1.42 21.64 -4.65 0.10
