Cyclist 0.00 0 -4.50 588.77 165.50 614.10 215.43 1.77 0.60 1.68 -0.01 1.20 26.30 -4.50 0.87
Pedestrian 0.00 0 -4.32 425.82 167.68 478.53 256.87 1.76 0.75 0.96 -3.09 1.49 14.74 -4.52 0.70
Pedestrian 0.00 0 -7.95 664.97 166.29 696.68 247.48 1.66 0.58 0.88 1.62 1.35 15.08 -7.84 0.67
Pedestrian 0.00 0 -8.30 723.42 162.70 747.02 209.75 1.76 0.61 0.76 5.06 1.06 27.28 -8.11 0.61
Cyclist 0.00 0 -5.03 560.97 163.98 584.77 204.18 1.82 0.58 1.78 -1.35 1.03 33.42 -5.07 0.59
Pedestrian 0.00 0 -4.49 694.86 165.75 733.93 247.08 1.67 0.69 0.68 2.36 1.35 15.22 -4.33 0.57
Pedestrian 0.00 0 -4.74 528.41 165.60 544.23 208.29 1.80 0.65 0.94 -2.81 1.13 30.80 -4.83 0.50
Cyclist 0.00 0 -4.97 600.35 169.58 620.86 205.51 1.65 0.59 1.51 0.41 1.10 33.75 -4.96 0.48
Pedestrian 0.00 0 -4.12 739.54 161.76 761.24 208.10 1.80 0.61 0.59 5.84 1.03 28.26 -3.91 0.46
Pedestrian 0.00 0 -7.11 0.00 177.00 9.65 229.21 1.80 0.67 0.78 -21.46 1.65 25.22 -7.82 0.42
Pedestrian 0.00 0 -4.76 28.97 169.11 62.68 240.48 1.81 0.65 0.91 -14.54 1.49 18.75 -5.42 0.41
Pedestrian 0.00 0 -8.01 711.34 166.24 730.69 206.62 1.73 0.73 0.65 5.15 1.07 31.02 -7.85 0.39
Car 0.00 0 -3.00 444.91 174.73 532.93 206.67 1.46 1.60 3.88 -5.22 1.15 33.60 -3.15 0.37
Car 0.00 0 -7.71 575.96 170.23 604.35 193.95 1.69 1.60 3.74 -0.78 0.89 53.16 -7.73 0.33
Pedestrian 0.00 0 -6.09 661.21 169.30 675.27 194.84 1.75 0.63 0.86 4.63 0.91 49.67 -6.00 0.32
Car 0.00 0 -7.36 295.95 173.87 339.18 194.92 1.63 1.67 3.70 -22.73 1.04 57.71 -7.73 0.31
Pedestrian 0.00 0 -3.89 357.14 170.52 388.89 228.49 1.73 0.59 0.72 -7.00 1.41 21.94 -4.20 0.30
Pedestrian 0.00 0 -4.27 75.47 171.52 185.63 362.20 1.74 0.61 0.80 -4.60 1.65 6.99 -4.86 0.30
Cyclist 0.00 0 -3.58 979.86 141.60 1237.00 373.00 1.74 0.63 1.79 1.99 1.67 1.89 -2.77 0.29
Pedestrian 0.00 0 -5.66 140.20 163.95 192.31 234.04 1.98 0.63 1.13 -12.56 1.49 20.69 -6.21 0.29
Cyclist 0.00 0 -8.02 921.34 116.57 1141.48 373.00 1.92 0.65 1.81 2.11 1.66 3.86 -7.52 0.29
Pedestrian 0.00 0 -2.67 750.94 157.31 784.52 210.99 1.84 0.64 0.96 5.80 1.01 25.16 -2.45 0.26
Cyclist 0.00 0 -3.06 308.87 167.49 363.52 216.48 1.70 0.70 1.77 -9.41 1.21 25.49 -3.41 0.25
Pedestrian 0.00 0 -3.37 729.17 160.47 752.46 204.43 1.82 0.66 0.83 5.83 0.95 30.15 -3.18 0.24
Pedestrian 0.00 0 -5.84 806.55 152.75 909.50 329.28 1.77 0.64 0.85 2.71 1.48 7.73 -5.51 0.23
Cyclist 0.00 0 -8.24 388.96 173.52 420.11 220.21 1.61 0.47 1.65 -7.05 1.34 25.60 -8.51 0.23
Pedestrian 0.00 0 -4.57 416.12 164.42 440.48 227.35 1.84 0.60 0.77 -5.18 1.34 21.39 -4.80 0.22
Pedestrian 0.00 0 -8.36 834.37 157.30 971.02 373.00 1.71 0.56 0.85 2.10 1.55 5.22 -7.98 0.20
Cyclist 0.00 0 -7.95 152.74 188.72 162.51 214.58 1.60 0.37 1.61 -28.18 2.07 45.62 -8.51 0.19
Pedestrian 0.00 0 -5.68 973.28 187.95 1091.11 373.00 1.47 0.52 0.52 3.02 1.52 5.14 -5.14 0.19
Car 0.00 0 -4.78 469.35 176.27 496.78 199.92 1.58 1.62 4.01 -8.27 1.23 50.08 -4.94 0.19
Pedestrian 0.00 0 -7.86 169.36 172.34 191.56 230.66 1.75 0.58 0.49 -12.89 1.48 21.95 -8.39 0.18
Cyclist 0.00 0 -4.82 782.47 160.28 810.68 217.67 1.73 0.67 1.80 6.10 1.09 22.63 -4.55 0.18
Pedestrian 0.00 0 -7.96 180.91 173.88 202.15 226.62 1.68 0.56 0.39 -13.26 1.44 23.19 -8.48 0.18
Cyclist 0.00 0 -7.59 342.45 174.77 365.56 215.81 1.61 0.48 1.62 -10.00 1.35 29.02 -7.92 0.17
Pedestrian 0.00 0 -6.05 0.00 149.08 141.57 373.00 1.90 0.49 1.06 -4.68 1.64 6.20 -6.70 0.17
Pedestrian 0.00 0 -4.53 369.77 187.27 396.86 253.22 1.36 0.47 0.43 -4.62 1.48 15.09 -4.82 0.16
Cyclist 0.00 0 -6.83 222.43 172.41 349.03 300.51 1.73 0.54 1.67 -4.63 1.61 10.55 -7.25 0.16
Pedestrian 0.00 0 -8.30 952.06 165.17 1043.90 318.23 1.59 0.64 0.69 4.24 1.42 7.80 -7.81 0.14
Cyclist 0.00 0 -4.61 384.81 170.36 410.91 235.84 1.71 0.53 1.53 -5.56 1.42 19.57 -4.88 0.13
Pedestrian 0.00 0 -3.17 344.15 169.11 349.87 207.07 1.91 0.47 0.26 -12.92 1.29 36.46 -3.51 0.13
Cyclist 0.00 0 -7.60 295.96 176.56 318.45 214.65 1.74 0.57 1.67 -13.81 1.52 33.72 -7.99 0.13
Car 0.00 0 -7.77 646.36 170.92 666.91 189.16 1.69 1.64 3.97 5.34 0.71 68.62 -7.70 0.13
Pedestrian 0.00 0 -6.38 549.39 171.66 560.18 195.49 1.80 0.67 0.76 -3.53 1.06 54.68 -6.44 0.12
Cyclist 0.00 0 -7.86 412.60 178.09 434.87 245.43 1.59 0.51 1.68 -4.45 1.51 17.83 -8.10 0.12
Pedestrian 0.00 0 -5.05 176.42 172.93 190.18 212.32 1.83 0.49 0.29 -19.55 1.43 33.57 -5.58 0.12
Pedestrian 0.00 0 -5.94 558.42 169.65 568.82 192.09 1.96 0.50 0.79 -3.29 0.93 63.10 -5.99 0.11
Pedestrian 0.00 0 -6.36 0.00 183.30 15.08 211.98 1.77 0.46 0.77 -37.17 1.89 44.91 -7.05 0.11
Car 0.00 0 -7.84 300.54 173.53 333.13 202.43 1.52 1.61 3.91 -15.80 1.10 39.95 -8.22 0.10
Pedestrian 0.00 0 -3.28 554.11 171.22 564.35 193.93 1.85 0.50 0.78 -3.44 1.02 58.96 -3.34 0.10
