Pedestrian 0.00 0 -3.44 874.07 145.30 961.59 301.19 1.85 0.56 0.86 3.79 1.43 8.72 -3.03 0.55
Car 0.00 0 -7.17 0.00 186.04 69.30 238.28 1.47 1.65 4.04 -19.28 1.66 22.35 -7.88 0.24
Pedestrian 0.00 0 -5.16 981.67 221.80 1083.43 369.00 1.23 0.38 0.72 3.16 1.56 5.35 -4.62 0.21
Pedestrian 0.00 0 -8.11 838.06 169.42 870.01 234.18 1.60 0.60 0.69 6.23 1.33 17.81 -7.77 0.20
Pedestrian 0.00 0 -4.18 0.00 177.38 53.30 260.97 1.62 0.64 0.81 -11.71 1.56 14.18 -4.87 0.17
Car 0.00 0 -6.23 653.81 141.50 720.01 169.25 1.50 1.62 3.66 4.68 -0.66 40.26 -6.11 0.15
Pedestrian 0.00 0 -7.95 260.62 163.50 303.86 258.81 1.77 0.68 0.90 -6.31 1.46 13.71 -8.38 0.15
Cyclist 0.00 0 -7.67 496.64 164.77 550.89 265.42 1.71 0.67 1.87 -1.50 1.45 13.00 -7.79 0.14
Pedestrian 0.00 0 -4.51 60.88 180.78 92.52 236.46 1.57 0.60 0.72 -15.31 1.58 20.45 -5.15 0.13
Car 0.00 0 -8.83 1081.38 188.61 1223.00 369.00 1.49 1.56 3.45 5.01 1.57 4.42 -7.99 0.13
Pedestrian 0.00 0 -5.10 684.65 164.91 726.80 252.29 1.73 0.59 0.81 2.01 1.43 14.50 -4.96 0.11
