Car 0.00 0 -8.31 784.85 184.70 1241.00 374.00 1.49 1.59 3.87 2.71 1.62 5.99 -7.88 0.97
Car 0.00 0 -8.10 703.33 177.27 873.09 294.19 1.54 1.62 4.27 2.61 1.62 11.79 -7.88 0.96
Car 0.00 0 -7.69 438.32 179.04 527.67 248.82 1.62 1.67 4.20 -3.30 1.80 19.21 -7.86 0.94
Car 0.00 0 -8.00 676.23 177.12 760.06 239.10 1.51 1.66 4.37 2.84 1.64 20.08 -7.86 0.90
Car 0.00 0 -7.97 651.16 176.38 700.97 219.10 1.55 1.53 3.36 2.47 1.69 28.09 -7.89 0.84
Car 0.00 0 -6.38 633.91 178.27 715.96 208.12 1.51 1.68 4.10 3.30 1.79 37.56 -6.30 0.61
Car 0.00 0 -4.58 484.59 180.44 539.03 223.33 1.56 1.62 4.25 -3.92 1.88 29.05 -4.71 0.48
Car 0.00 0 -3.05 477.24 177.58 538.31 205.14 1.70 1.66 3.70 -6.48 2.01 45.77 -3.19 0.30
Cyclist 0.00 0 -8.23 741.34 172.05 770.12 216.26 1.67 0.52 1.66 5.64 1.64 28.19 -8.03 0.24
Pedestrian 0.00 0 -3.56 1219.35 134.13 1241.00 266.00 1.81 0.64 0.70 9.24 1.28 10.31 -2.82 0.22
Cyclist 0.00 0 -8.30 1139.84 126.14 1241.00 291.87 1.84 0.55 1.74 7.22 1.32 8.90 -7.62 0.22
Cyclist 0.00 0 -6.59 878.05 155.23 921.14 196.01 1.87 0.65 1.74 13.39 1.06 33.49 -6.20 0.21
Pedestrian 0.00 0 -3.85 621.74 171.38 636.49 198.81 1.95 0.50 0.97 1.35 1.85 51.84 -3.83 0.20
Pedestrian 0.00 0 -7.39 431.81 172.94 444.36 210.07 1.98 0.55 0.37 -9.24 1.98 38.64 -7.63 0.16
Car 0.00 0 -3.49 771.51 174.95 894.49 215.11 1.46 1.57 4.13 8.28 1.54 27.12 -3.19 0.15
Pedestrian 0.00 0 -8.39 1046.90 154.46 1111.22 265.37 1.69 0.61 0.63 7.30 1.41 11.33 -7.82 0.14
Pedestrian 0.00 0 -4.11 411.25 194.62 430.90 231.84 1.25 0.42 0.55 -6.55 2.01 24.87 -4.37 0.12
Pedestrian 0.00 0 -7.75 304.38 180.08 319.64 223.52 1.78 0.54 0.45 -12.39 2.08 29.91 -8.14 0.11
Pedestrian 0.00 0 -8.55 755.77 170.24 774.44 205.28 1.76 0.71 0.59 7.85 1.63 36.72 -8.34 0.10
Pedestrian 0.00 0 -5.25 0.00 174.33 40.05 305.10 1.85 0.71 0.60 -9.05 1.87 10.65 -5.95 0.10
