Car 0.00 0 -7.71 395.64 185.21 456.95 228.07 1.44 1.59 4.03 -6.57 1.44 26.22 -7.95 0.96
Car 0.00 0 -7.61 320.42 185.93 421.45 250.77 1.52 1.60 3.99 -6.16 1.55 18.98 -7.92 0.93
Car 0.00 0 -7.83 647.65 181.72 711.15 239.89 1.55 1.69 3.40 2.08 1.46 20.93 -7.73 0.93
Car 0.00 0 -7.69 725.87 183.76 759.58 205.62 1.42 1.62 3.96 9.19 1.33 48.88 -7.50 0.71
Car 0.00 0 -4.50 598.95 174.52 627.14 194.59 1.67 1.69 3.78 0.48 0.78 61.96 -4.50 0.38
Car 0.00 0 -4.51 464.66 181.15 510.13 209.98 1.49 1.64 4.20 -6.53 1.28 39.20 -4.68 0.22
Car 0.00 0 -6.91 38.55 188.59 239.01 257.77 1.48 1.61 3.94 -11.38 1.57 17.70 -7.48 0.17
Cyclist 0.00 0 -8.08 837.21 176.65 867.91 234.27 1.70 0.52 1.72 7.46 1.45 22.08 -7.75 0.16
Car 0.00 0 -7.92 575.44 179.87 604.24 203.39 1.46 1.62 3.70 -1.22 1.13 46.60 -7.95 0.15
Pedestrian 0.00 0 -3.53 1056.57 160.46 1127.53 298.13 1.86 0.50 0.68 6.68 1.52 10.01 -2.94 0.13
Car 0.00 0 -4.60 369.43 177.35 397.88 200.93 1.73 1.65 4.03 -17.11 1.16 54.97 -4.91 0.13
Pedestrian 0.00 0 -5.92 567.66 178.15 581.96 205.01 1.66 0.56 0.74 -2.08 1.22 44.80 -5.97 0.12
Car 0.00 0 -4.52 791.82 184.28 834.01 210.26 1.49 1.63 4.43 12.47 1.44 43.62 -4.24 0.12
Car 0.00 0 -7.82 803.94 178.79 823.07 197.12 1.73 1.67 4.07 20.07 1.13 70.05 -7.54 0.12
Car 0.00 0 -4.80 652.48 179.59 685.87 205.52 1.54 1.70 4.10 3.74 1.21 44.67 -4.72 0.12
Pedestrian 0.00 0 -8.36 749.43 189.25 763.68 218.02 1.33 0.45 0.54 6.94 1.52 33.70 -8.16 0.11
Pedestrian 0.00 0 -5.12 846.63 215.86 888.24 314.00 1.22 0.35 0.45 3.30 1.62 9.30 -4.78 0.10
Car 0.00 0 -4.07 379.54 183.72 434.96 206.99 1.46 1.52 3.79 -13.09 1.36 47.04 -4.34 0.10
