Car 0.00 0 -3.97 0.00 218.45 280.89 374.00 1.40 1.56 3.93 -2.82 1.70 2.66 -4.79 0.69
Cyclist 0.00 0 -5.64 910.43 177.40 950.93 213.86 1.76 0.58 1.87 15.99 2.00 36.09 -5.22 0.42
Car 0.00 0 -4.90 847.82 180.16 887.90 207.51 1.55 1.60 3.76 15.61 2.02 43.93 -4.56 0.31
Pedestrian 0.00 0 -5.06 1216.47 181.81 1241.00 238.57 1.63 0.62 0.76 18.47 1.90 21.38 -4.34 0.27
Car 0.00 0 -3.07 194.26 171.39 344.82 223.19 1.52 1.63 4.14 -10.59 1.48 22.65 -3.50 0.23
Car 0.00 0 -8.19 453.51 176.49 497.15 199.93 1.45 1.61 3.91 -8.93 1.70 47.46 -8.38 0.22
Car 0.00 0 -3.07 0.00 187.26 164.58 273.33 1.44 1.51 3.46 -10.90 1.76 14.22 -3.73 0.16
Pedestrian 0.00 0 -5.34 982.26 164.46 1064.87 290.22 1.94 0.72 0.98 6.60 1.81 11.65 -4.82 0.13
Car 0.00 0 -7.81 470.91 186.49 547.22 259.29 1.45 1.60 3.97 -2.35 1.82 17.20 -7.94 0.13
Car 0.00 0 -5.17 907.68 184.02 976.45 214.63 1.56 1.72 4.43 18.53 2.22 40.56 -4.74 0.13
