Car 0.00 0 -7.14 0.00 203.05 31.52 375.00 1.61 1.63 4.10 -6.87 1.81 5.75 -8.01 0.97
Car 0.00 0 -7.48 150.31 196.53 307.30 278.73 1.48 1.64 4.02 -8.06 1.76 15.63 -7.96 0.96
Car 0.00 0 -7.34 0.00 204.98 168.77 284.13 1.45 1.61 4.30 -12.05 1.97 16.52 -7.97 0.96
Car 0.00 0 -7.78 689.02 179.79 749.84 231.19 1.55 1.72 3.60 3.70 1.39 23.62 -7.63 0.96
Car 0.00 0 -7.64 283.28 192.80 334.86 223.59 1.44 1.65 3.93 -15.23 1.85 36.76 -8.04 0.83
Car 0.00 0 -7.67 776.74 178.79 811.48 200.14 1.46 1.66 4.29 13.38 1.02 51.55 -7.42 0.82
Car 0.00 0 -7.10 0.00 214.70 19.36 347.41 1.44 1.62 3.90 -11.10 1.96 10.66 -7.91 0.66
Car 0.00 0 -4.42 248.93 190.32 293.30 216.67 1.48 1.46 3.44 -20.03 1.80 42.82 -4.86 0.61
Car 0.00 0 -7.46 172.28 191.90 243.40 226.51 1.47 1.65 3.53 -18.39 1.80 33.15 -7.97 0.40
Cyclist 0.00 0 -7.55 664.09 181.83 678.79 209.92 1.62 0.39 1.65 3.72 1.42 42.20 -7.47 0.36
Car 0.00 0 -2.92 511.85 177.49 579.38 201.87 1.59 1.67 4.23 -4.15 1.09 47.99 -3.01 0.34
Car 0.00 0 -7.64 421.57 180.89 452.19 202.09 1.64 1.59 3.82 -13.63 1.30 57.43 -7.87 0.33
Pedestrian 0.00 0 -8.28 852.60 176.59 874.55 216.41 1.72 0.65 0.75 11.18 1.35 31.51 -7.94 0.28
Cyclist 0.00 0 -7.38 634.01 175.19 651.12 202.34 1.78 0.41 1.69 2.31 1.13 48.05 -7.33 0.25
Car 0.00 0 -6.01 108.10 196.72 256.27 244.69 1.49 1.62 4.01 -14.23 1.90 24.19 -6.55 0.17
Pedestrian 0.00 0 -5.24 780.44 192.53 805.52 239.75 1.33 0.45 0.61 5.29 1.54 20.70 -4.99 0.17
Pedestrian 0.00 0 -5.29 838.55 167.15 868.96 223.10 1.99 0.64 0.93 8.88 1.35 26.08 -4.96 0.16
Cyclist 0.00 0 -7.71 501.98 181.64 517.92 218.82 1.60 0.45 1.74 -4.35 1.45 31.78 -7.84 0.13
Cyclist 0.00 0 -4.28 80.04 193.60 110.71 230.56 1.57 0.51 1.53 -22.60 1.95 31.68 -4.90 0.12
Pedestrian 0.00 0 -5.98 800.39 182.73 814.97 210.90 1.52 0.55 0.63 10.86 1.39 39.15 -5.71 0.11
