Car 0.00 0 -8.09 783.98 176.19 982.81 314.51 1.57 1.69 4.03 3.60 1.63 10.39 -7.75 0.97
Car 0.00 0 -4.17 19.63 196.06 391.91 374.00 1.49 1.69 4.38 -4.27 1.83 8.50 -4.64 0.95
Car 0.00 0 -7.96 762.57 174.89 835.76 235.91 1.55 1.59 3.69 5.19 1.61 20.34 -7.71 0.92
Car 0.00 0 -4.71 747.44 174.02 795.35 221.00 1.58 1.59 4.12 5.89 1.63 26.61 -4.50 0.82
Car 0.00 0 -4.45 641.35 170.74 681.59 197.42 1.73 1.72 4.17 3.51 1.59 48.99 -4.38 0.78
Cyclist 0.00 0 -7.90 737.73 167.88 750.10 203.81 1.82 0.55 1.75 6.91 1.57 37.48 -7.72 0.64
Car 0.00 0 -6.78 820.44 170.60 880.33 192.72 1.49 1.59 3.60 16.56 1.34 49.84 -6.46 0.31
Pedestrian 0.00 0 -7.78 979.58 161.17 994.12 196.63 1.84 0.63 0.61 19.76 1.24 37.90 -7.30 0.30
Car 0.00 0 -4.38 670.00 171.19 708.12 193.50 1.66 1.66 4.23 6.16 1.54 56.07 -4.27 0.24
Cyclist 0.00 0 -6.93 0.00 177.88 22.60 363.93 1.80 0.57 1.81 -7.64 1.86 7.95 -7.69 0.17
Cyclist 0.00 0 -7.20 743.86 169.31 772.00 201.07 1.73 0.69 1.63 8.21 1.54 40.21 -7.00 0.15
Pedestrian 0.00 0 -2.98 922.36 159.23 969.61 239.16 1.83 0.61 0.92 7.88 1.52 17.03 -2.54 0.15
Car 0.00 0 -4.27 406.51 183.10 497.51 227.51 1.53 1.76 4.46 -6.12 1.97 28.30 -4.49 0.12
Cyclist 0.00 0 -6.55 993.29 153.43 1034.06 189.97 1.88 0.65 1.75 21.01 0.88 37.64 -6.04 0.11
Pedestrian 0.00 0 -3.39 774.48 164.31 787.64 194.60 1.82 0.60 0.65 10.33 1.31 43.72 -3.16 0.10
