Cyclist 0.00 0 -4.70 657.42 173.74 667.12 200.91 1.74 0.61 1.62 3.38 1.79 46.97 -4.63 0.37
Car 0.00 0 -4.84 157.41 177.45 190.44 197.80 1.44 1.62 3.96 -32.61 1.79 53.87 -5.38 0.33
Pedestrian 0.00 0 -6.07 643.96 172.28 657.89 196.96 1.85 0.47 0.97 3.06 1.80 54.37 -6.01 0.29
Cyclist 0.00 0 -8.09 590.10 172.73 604.31 202.99 1.69 0.43 1.68 -0.77 1.68 41.06 -8.10 0.22
Car 0.00 0 -4.08 0.00 227.73 201.24 374.00 1.48 1.55 3.76 -3.08 1.84 2.73 -4.93 0.20
Car 0.00 0 -8.04 834.43 174.08 862.42 192.53 1.55 1.64 3.66 20.65 1.66 62.65 -7.73 0.19
Car 0.00 0 -7.95 611.99 175.32 632.50 191.35 1.47 1.56 4.04 1.12 1.71 68.94 -7.94 0.11
Pedestrian 0.00 0 -6.07 604.15 170.80 614.67 196.45 1.82 0.77 0.60 -0.07 1.67 51.55 -6.07 0.11
Pedestrian 0.00 0 -6.03 1117.94 186.81 1131.81 224.92 1.66 0.46 0.40 22.71 2.28 31.88 -5.41 0.10
Car 0.00 0 -7.87 1039.80 167.47 1061.03 184.93 1.59 1.64 4.09 41.30 1.10 67.75 -7.32 0.10
