Car 0.00 0 -7.82 584.27 180.54 610.88 204.30 1.49 1.67 4.49 -0.83 2.03 48.88 -7.84 0.77
Car 0.00 0 -4.60 424.16 186.12 462.66 214.85 1.45 1.65 4.32 -9.35 2.23 40.61 -4.83 0.70
Car 0.00 0 -4.82 800.44 170.44 868.14 229.10 1.63 1.59 3.19 6.62 1.56 21.71 -4.52 0.52
Pedestrian 0.00 0 -8.93 1127.25 150.26 1183.21 242.99 1.78 0.64 0.66 10.74 1.35 14.29 -8.29 0.28
Car 0.00 0 -4.50 397.45 187.86 454.96 228.92 1.44 1.52 3.37 -7.19 2.07 28.31 -4.75 0.21
Cyclist 0.00 0 -8.08 697.12 174.70 712.03 207.15 1.70 0.42 1.66 5.02 1.80 38.64 -7.95 0.21
Car 0.00 0 -4.56 402.61 183.63 434.06 206.79 1.46 1.54 3.60 -13.04 2.22 49.15 -4.82 0.17
Car 0.00 0 -4.44 313.18 188.81 412.60 249.60 1.50 1.67 4.30 -7.15 2.02 21.17 -4.77 0.17
Car 0.00 0 -4.01 191.88 187.01 317.44 238.26 1.55 1.61 4.23 -12.37 2.09 25.34 -4.47 0.16
Car 0.00 0 -4.63 434.25 183.05 476.20 217.65 1.55 1.68 4.32 -7.65 2.08 35.81 -4.84 0.14
Pedestrian 0.00 0 -8.84 1159.65 126.70 1241.00 275.01 1.82 0.71 0.61 7.58 1.26 9.27 -8.15 0.13
Pedestrian 0.00 0 -7.96 1196.73 158.75 1222.75 208.26 2.01 0.78 0.38 24.56 1.43 29.60 -7.27 0.13
Cyclist 0.00 0 -7.77 863.86 165.65 883.08 221.47 1.74 0.46 1.58 8.45 1.51 23.25 -7.43 0.10
