Car 0.00 0 -8.77 846.52 175.85 1065.98 262.25 1.44 1.58 3.64 6.53 1.50 14.10 -8.34 0.98
Car 0.00 0 -8.10 648.53 182.63 711.14 226.43 1.45 1.54 3.22 2.44 1.83 26.34 -8.00 0.97
Car 0.00 0 -7.97 627.75 179.77 669.88 213.69 1.56 1.63 4.10 1.85 1.93 36.17 -7.92 0.91
Car 0.00 0 -2.39 0.00 199.86 223.64 360.70 1.46 1.62 3.85 -6.55 1.78 7.76 -3.09 0.91
Car 0.00 0 -2.58 0.00 166.08 348.03 312.95 1.90 1.69 4.39 -6.25 1.81 10.18 -3.13 0.91
Car 0.00 0 -2.22 0.00 202.12 45.21 374.00 1.49 1.60 3.52 -6.82 1.75 5.62 -3.10 0.90
Car 0.00 0 -2.88 310.80 191.78 464.48 241.02 1.41 1.61 4.24 -6.78 2.01 22.15 -3.17 0.86
Car 0.00 0 -2.52 173.16 193.36 383.75 271.21 1.45 1.59 3.79 -6.94 1.91 15.13 -2.95 0.81
Car 0.00 0 -2.80 221.44 190.04 404.61 256.08 1.47 1.55 3.77 -7.07 1.90 17.32 -3.19 0.68
Car 0.00 0 -4.62 493.30 185.93 527.12 214.83 1.49 1.55 3.59 -5.61 2.26 40.59 -4.75 0.64
Car 0.00 0 -7.71 439.19 186.49 493.70 225.44 1.45 1.65 4.23 -6.02 2.06 30.44 -7.90 0.46
Car 0.00 0 -2.86 406.07 185.23 501.33 220.04 1.57 1.62 4.12 -7.40 2.17 34.16 -3.07 0.40
Car 0.00 0 -5.96 334.96 190.76 467.41 235.72 1.43 1.55 4.04 -7.08 2.06 24.53 -6.24 0.38
Car 0.00 0 -2.46 366.77 190.64 476.97 232.76 1.42 1.48 3.95 -7.11 2.12 27.05 -2.72 0.25
Cyclist 0.00 0 -3.41 823.67 171.56 879.08 222.41 1.74 0.52 1.75 8.32 1.70 25.05 -3.09 0.24
Pedestrian 0.00 0 -7.97 704.18 177.69 719.88 210.07 1.67 0.72 0.79 5.30 1.93 37.78 -7.84 0.17
Car 0.00 0 -4.61 721.24 163.64 743.77 182.24 1.63 1.62 3.95 11.09 0.82 65.30 -4.44 0.15
Car 0.00 0 -3.00 464.66 178.96 525.52 205.97 1.63 1.68 3.54 -7.13 2.02 44.81 -3.16 0.15
Car 0.00 0 -7.72 625.70 180.76 658.68 205.73 1.50 1.64 4.01 2.10 2.04 46.89 -7.68 0.15
Car 0.00 0 -2.90 462.13 177.97 531.98 203.88 1.74 1.73 4.49 -7.82 2.10 49.95 -3.05 0.14
Car 0.00 0 -7.93 615.91 176.21 636.77 195.84 1.73 1.62 4.11 1.46 2.05 66.41 -7.91 0.13
Pedestrian 0.00 0 -4.73 1200.32 149.58 1241.52 245.82 1.75 0.58 0.70 11.40 1.32 13.54 -4.03 0.12
