Car 0.00 0 -7.81 544.74 180.43 591.92 222.94 1.42 1.57 3.24 -1.51 1.71 26.23 -7.87 0.89
Car 0.00 0 -7.74 490.36 178.57 529.71 209.04 1.47 1.60 3.68 -5.17 1.78 37.41 -7.87 0.85
Car 0.00 0 -4.02 873.84 186.72 941.01 214.70 1.65 1.57 4.30 18.88 2.56 45.83 -3.63 0.73
Car 0.00 0 -3.75 758.76 184.68 825.41 210.73 1.45 1.59 3.58 10.78 2.18 42.87 -3.50 0.63
Pedestrian 0.00 0 -6.59 125.04 177.63 184.77 291.33 1.62 0.70 0.57 -6.86 1.70 10.79 -7.16 0.35
Cyclist 0.00 0 -8.24 625.42 176.09 645.94 210.77 1.62 0.41 1.60 1.18 1.78 34.63 -8.21 0.27
Pedestrian 0.00 0 -8.33 1069.67 181.90 1097.55 233.38 1.78 0.60 0.64 16.66 2.11 25.45 -7.75 0.20
Pedestrian 0.00 0 -6.18 1064.57 178.71 1082.75 218.65 1.89 0.66 0.67 22.29 2.18 34.74 -5.61 0.19
Car 0.00 0 -6.27 428.39 176.35 575.35 231.04 1.59 1.66 4.32 -3.35 1.71 22.28 -6.42 0.18
Car 0.00 0 -4.44 688.06 178.31 723.40 200.71 1.66 1.67 4.33 7.58 2.11 57.00 -4.31 0.16
Pedestrian 0.00 0 -7.55 1047.45 170.27 1077.58 227.64 2.05 0.77 0.64 16.46 1.96 26.31 -6.99 0.14
Cyclist 0.00 0 -3.09 471.39 177.09 491.18 198.08 1.78 0.65 1.63 -11.02 2.14 61.69 -3.27 0.11
Pedestrian 0.00 0 -8.46 921.87 190.17 947.65 232.91 1.52 0.59 0.66 11.85 2.17 26.42 -8.04 0.10
