Pedestrian 0.00 0 -3.47 565.23 155.38 713.10 373.00 1.85 0.78 1.14 0.27 1.64 6.49 -3.43 0.84
Pedestrian 0.00 0 -6.80 936.95 174.42 1112.67 373.00 1.62 0.70 0.93 3.14 1.57 5.49 -6.28 0.82
Pedestrian 0.00 0 -4.37 332.36 185.62 442.87 373.00 1.71 0.66 0.76 -1.78 1.75 5.90 -4.67 0.77
Car 0.00 0 -7.19 974.61 155.44 1234.32 257.72 1.71 1.74 4.25 9.36 1.28 13.47 -6.58 0.75
Cyclist 0.00 0 -3.02 594.77 160.67 646.01 208.99 1.74 0.70 1.80 0.68 0.99 26.31 -2.99 0.72
Pedestrian 0.00 0 -8.75 1206.08 145.63 1237.00 197.12 1.68 0.62 0.68 20.62 0.51 23.81 -8.04 0.45
Pedestrian 0.00 0 -7.11 358.49 168.20 389.56 220.27 1.79 0.61 0.87 -7.99 1.33 25.17 -7.42 0.45
Pedestrian 0.00 0 -7.23 1146.14 81.28 1237.00 373.00 1.90 0.67 0.92 2.88 1.55 2.94 -6.45 0.25
Pedestrian 0.00 0 -4.47 1200.90 139.31 1233.58 196.27 1.78 0.64 0.68 19.57 0.46 22.86 -3.76 0.20
Car 0.00 0 -7.76 985.50 162.29 1076.55 230.16 1.56 1.64 4.00 11.15 1.12 18.59 -7.22 0.20
Car 0.00 0 -8.43 768.07 173.41 894.13 232.60 1.44 1.52 3.57 6.03 1.24 19.38 -8.13 0.20
Car 0.00 0 -3.15 65.24 182.54 256.82 243.76 1.50 1.63 4.27 -11.82 1.53 19.46 -3.70 0.15
Pedestrian 0.00 0 -4.69 492.61 158.51 509.57 209.98 1.85 0.60 0.57 -3.67 1.03 26.17 -4.83 0.14
Pedestrian 0.00 0 -8.09 584.11 162.94 600.92 205.14 1.83 0.61 0.61 -0.41 1.03 31.53 -8.10 0.14
Cyclist 0.00 0 -4.63 1184.75 148.94 1209.19 194.60 1.63 0.56 1.73 21.88 0.47 26.41 -3.94 0.13
Pedestrian 0.00 0 -4.74 208.18 165.50 232.37 225.82 1.89 0.67 0.63 -12.19 1.39 22.92 -5.23 0.12
Pedestrian 0.00 0 -4.46 501.59 164.72 519.52 206.65 1.75 0.61 0.63 -3.85 1.05 30.30 -4.59 0.11
Pedestrian 0.00 0 -3.62 1038.74 142.41 1157.32 307.18 1.84 0.56 0.98 5.69 1.40 8.34 -3.02 0.11
Pedestrian 0.00 0 -7.91 1193.20 156.26 1228.84 224.63 1.68 0.65 0.52 15.28 1.06 18.05 -7.21 0.11
Car 0.00 0 -3.64 685.76 158.34 830.77 219.24 1.74 1.76 3.98 4.74 1.08 21.98 -3.43 0.11
Pedestrian 0.00 0 -3.16 891.88 166.81 909.05 235.33 1.59 0.60 0.36 7.05 1.25 17.03 -2.77 0.11
Pedestrian 0.00 0 -7.78 268.50 162.62 290.28 220.27 1.86 0.61 0.59 -10.59 1.25 23.58 -8.21 0.11
Cyclist 0.00 0 -6.86 834.98 153.00 894.73 212.41 1.79 0.63 1.65 8.09 0.93 22.16 -6.51 0.11
