Car 0.00 0 -8.04 702.57 186.77 837.30 287.74 1.51 1.66 3.76 2.69 1.80 13.17 -7.84 0.98
Car 0.00 0 -4.60 522.27 183.37 576.49 223.14 1.48 1.79 4.58 -2.51 1.96 30.44 -4.69 0.93
Car 0.00 0 -4.10 0.00 201.14 393.82 374.00 1.59 1.70 4.57 -2.70 1.82 3.75 -4.72 0.92
Car 0.00 0 -4.84 658.14 184.42 715.87 231.24 1.50 1.58 3.89 2.65 1.94 25.97 -4.73 0.91
Car 0.00 0 -4.71 560.56 182.22 585.28 207.54 1.49 1.50 3.80 -2.38 2.11 45.75 -4.76 0.57
Pedestrian 0.00 0 -7.93 718.28 180.40 734.69 221.85 1.67 0.61 0.69 4.72 1.98 29.54 -7.77 0.32
Pedestrian 0.00 0 -4.20 843.89 173.40 888.95 263.29 1.84 0.52 0.91 5.37 1.85 15.24 -3.86 0.24
Car 0.00 0 -7.68 659.13 181.87 707.90 218.12 1.53 1.65 3.64 3.41 1.97 33.39 -7.58 0.24
Car 0.00 0 -7.94 643.56 181.44 672.76 207.29 1.53 1.53 3.59 2.99 2.10 45.83 -7.88 0.21
Pedestrian 0.00 0 -6.89 706.84 174.39 727.85 212.31 1.90 0.70 0.80 5.43 1.98 36.75 -6.75 0.21
Car 0.00 0 -4.78 493.53 187.20 529.23 217.40 1.43 1.58 4.03 -5.32 2.23 38.29 -4.92 0.11
Cyclist 0.00 0 -6.03 503.67 178.42 533.67 208.69 1.81 0.68 1.69 -5.56 2.15 43.67 -6.16 0.11
