Car 0.00 0 -7.98 604.28 188.12 669.93 236.01 1.37 1.69 3.74 0.77 1.92 23.87 -7.95 0.98
Car 0.00 0 -8.29 731.01 193.82 1015.12 362.69 1.45 1.64 3.83 2.76 1.76 8.68 -7.98 0.98
Car 0.00 0 -3.98 0.00 237.36 89.92 374.00 1.41 1.71 4.34 -4.98 1.96 3.89 -4.88 0.96
Car 0.00 0 -4.32 0.00 210.97 257.74 374.00 1.41 1.57 3.75 -5.70 1.98 8.71 -4.90 0.96
Car 0.00 0 -7.91 594.00 185.05 640.21 225.58 1.49 1.65 3.94 0.19 2.02 29.67 -7.91 0.93
Car 0.00 0 -2.90 812.14 170.17 951.08 226.44 1.72 1.73 4.00 8.89 1.63 23.84 -2.55 0.89
Car 0.00 0 -4.75 1198.40 163.44 1241.00 267.63 1.46 1.63 4.14 11.01 1.33 12.23 -4.01 0.82
Car 0.00 0 -4.60 417.97 188.25 459.35 220.56 1.55 1.74 3.82 -9.14 2.42 38.60 -4.83 0.81
Car 0.00 0 -2.91 750.85 178.51 856.04 217.93 1.52 1.57 3.96 7.97 1.77 29.94 -2.65 0.70
Car 0.00 0 -7.92 578.35 181.03 602.32 202.74 1.64 1.67 3.89 -1.64 2.32 58.01 -7.95 0.63
Car 0.00 0 -7.93 273.98 181.16 317.00 217.43 1.53 1.60 2.56 -14.29 1.92 32.65 -8.34 0.54
Cyclist 0.00 0 -8.60 1073.04 167.23 1124.72 218.45 1.62 0.42 1.62 16.00 1.45 23.72 -8.00 0.33
Car 0.00 0 -7.50 216.87 190.50 271.98 218.56 1.48 1.62 3.99 -21.61 2.58 42.73 -7.97 0.33
Car 0.00 0 -6.22 812.08 175.80 930.19 219.99 1.51 1.63 3.94 9.48 1.62 26.34 -5.88 0.31
Car 0.00 0 -7.59 437.77 188.11 478.57 215.57 1.52 1.62 3.30 -9.14 2.48 43.51 -7.80 0.24
Car 0.00 0 -4.01 0.00 198.35 62.23 226.54 1.52 1.65 3.42 -35.45 3.13 43.82 -4.69 0.23
Pedestrian 0.00 0 -7.43 23.74 205.32 57.61 262.86 1.52 0.57 0.51 -15.61 2.42 19.73 -8.10 0.22
Car 0.00 0 -4.13 76.82 194.55 132.73 217.40 1.49 1.53 3.76 -36.80 3.13 52.62 -4.74 0.20
Car 0.00 0 -5.46 847.64 172.95 942.97 206.38 1.54 1.71 4.59 13.95 1.54 35.68 -5.09 0.18
Car 0.00 0 -8.12 362.51 183.15 399.47 207.77 1.67 1.65 3.72 -16.76 2.45 52.63 -8.43 0.16
Pedestrian 0.00 0 -8.11 342.28 186.18 359.78 222.05 1.58 0.59 0.68 -11.71 2.19 32.52 -8.46 0.15
Cyclist 0.00 0 -6.93 1162.31 161.13 1241.00 217.76 1.66 0.78 1.83 17.67 1.31 21.54 -6.24 0.14
Cyclist 0.00 0 -8.95 1148.78 129.71 1197.54 168.78 1.72 0.58 1.67 25.52 -0.19 32.78 -8.29 0.13
Pedestrian 0.00 0 -4.83 1118.66 169.58 1145.22 220.06 1.55 0.59 0.70 16.28 1.45 22.57 -4.21 0.13
Pedestrian 0.00 0 -8.14 658.85 183.21 674.74 215.39 1.58 0.59 0.78 2.80 2.10 36.15 -8.07 0.12
Car 0.00 0 -4.29 40.51 187.09 99.61 216.79 1.81 1.64 4.10 -36.04 2.81 48.24 -4.93 0.11
