Cyclist 0.00 0 -8.09 709.48 168.84 733.56 216.63 1.80 0.52 1.76 4.27 1.64 28.00 -7.94 0.84
Car 0.00 0 -4.36 352.96 191.07 406.14 219.92 1.52 1.69 4.05 -13.55 2.64 42.55 -4.67 0.78
Pedestrian 0.00 0 -6.12 1203.15 172.84 1228.65 220.83 1.92 0.56 0.71 24.59 1.92 29.33 -5.43 0.28
Car 0.00 0 -4.21 188.59 196.41 261.36 229.63 1.51 1.64 3.96 -20.04 2.81 37.68 -4.70 0.26
Car 0.00 0 -4.48 510.94 183.62 545.02 208.87 1.62 1.50 3.88 -5.67 2.40 50.03 -4.59 0.23
Car 0.00 0 -5.97 142.76 192.66 255.26 229.01 1.46 1.66 3.96 -17.93 2.36 31.57 -6.49 0.23
Car 0.00 0 -4.08 274.20 189.13 333.76 215.84 1.56 1.57 3.86 -19.76 2.66 46.68 -4.48 0.22
Pedestrian 0.00 0 -5.61 0.00 177.63 266.13 374.00 1.84 0.52 0.79 -1.79 1.86 2.53 -6.23 0.13
Car 0.00 0 -3.97 0.00 204.07 119.81 253.30 1.48 1.62 3.79 -20.03 2.70 26.16 -4.62 0.13
Car 0.00 0 -5.83 117.69 198.78 221.22 231.93 1.48 1.59 3.95 -21.17 2.76 34.73 -6.38 0.12
Car 0.00 0 -7.97 1184.79 184.45 1241.00 227.26 1.66 1.64 4.11 26.18 2.20 31.29 -7.28 0.11
