Car 0.00 0 -8.45 880.38 188.05 1241.00 374.00 1.53 1.67 3.62 3.59 1.68 5.60 -7.88 0.98
Car 0.00 0 -8.22 763.08 183.28 985.58 314.49 1.50 1.63 4.08 3.55 1.69 10.68 -7.90 0.97
Car 0.00 0 -4.28 144.71 187.75 387.87 324.36 1.53 1.64 3.96 -4.74 1.79 10.52 -4.70 0.96
Car 0.00 0 -4.00 0.00 201.29 204.25 374.00 1.54 1.67 4.07 -4.78 1.82 5.01 -4.76 0.95
Car 0.00 0 -8.08 725.29 180.26 841.65 259.55 1.49 1.63 3.84 3.61 1.67 15.85 -7.86 0.93
Car 0.00 0 -4.51 484.01 181.13 534.38 217.66 1.48 1.56 3.30 -4.42 1.87 31.76 -4.65 0.92
Car 0.00 0 -4.37 313.38 187.51 456.86 265.83 1.40 1.64 4.37 -4.80 1.77 15.94 -4.67 0.91
Car 0.00 0 -8.00 708.57 179.45 780.63 235.68 1.49 1.56 3.63 3.84 1.70 21.34 -7.82 0.90
Car 0.00 0 -8.02 691.73 179.20 752.82 222.91 1.48 1.61 3.97 4.07 1.73 26.94 -7.87 0.80
Car 0.00 0 -4.54 504.00 178.97 551.54 211.57 1.51 1.68 4.22 -4.12 1.84 36.42 -4.65 0.79
Car 0.00 0 -8.56 1151.88 176.56 1241.00 227.74 1.37 1.43 3.51 18.05 1.49 21.37 -7.86 0.71
Car 0.00 0 -5.17 1146.91 168.72 1241.00 260.00 1.48 1.62 3.84 12.01 1.41 13.75 -4.45 0.52
Car 0.00 0 -5.43 990.08 161.47 1129.81 216.55 1.56 1.65 3.66 13.72 1.24 22.33 -4.88 0.42
Car 0.00 0 -5.97 95.59 174.83 237.51 214.56 1.43 1.62 4.31 -16.79 1.51 27.45 -6.51 0.34
Car 0.00 0 -8.67 1189.71 166.10 1241.00 241.34 1.47 1.52 3.51 14.95 1.34 15.89 -7.91 0.32
Car 0.00 0 -7.92 981.13 175.47 1026.09 210.14 1.45 1.53 3.71 17.61 1.57 32.46 -7.42 0.25
Car 0.00 0 -5.35 1020.09 162.97 1196.77 234.34 1.58 1.58 3.89 12.08 1.36 17.90 -4.75 0.24
Pedestrian 0.00 0 -2.94 658.50 174.09 667.78 194.72 1.75 0.45 0.71 4.51 1.85 61.48 -2.87 0.19
Car 0.00 0 -7.97 686.91 179.39 730.41 214.56 1.47 1.55 3.56 4.36 1.78 32.56 -7.83 0.16
Cyclist 0.00 0 -4.18 49.53 190.97 144.47 300.34 1.60 0.48 1.65 -8.28 1.91 11.64 -4.80 0.16
Car 0.00 0 -6.41 750.88 167.73 804.78 190.23 1.74 1.71 3.94 13.13 1.34 56.74 -6.18 0.14
Pedestrian 0.00 0 -3.53 547.96 174.49 555.19 196.16 1.83 0.48 0.47 -5.00 1.97 61.42 -3.61 0.13
Car 0.00 0 -2.51 252.41 184.04 365.30 220.07 1.45 1.66 4.36 -13.03 1.95 31.17 -2.91 0.12
Car 0.00 0 -7.79 707.69 174.48 729.68 196.28 1.83 1.65 4.03 9.50 1.98 63.05 -7.64 0.12
Cyclist 0.00 0 -7.82 480.68 177.37 487.20 205.56 1.63 0.34 1.53 -7.51 1.91 42.81 -8.00 0.12
Pedestrian 0.00 0 -7.92 887.92 163.40 905.34 206.32 1.85 0.66 0.70 12.50 1.44 31.57 -7.54 0.11
