Car 0.00 0 -5.93 808.24 178.34 893.97 210.87 1.50 1.69 3.67 11.87 1.79 35.72 -5.61 0.42
Pedestrian 0.00 0 -8.24 837.80 179.97 885.43 271.06 1.64 0.66 0.58 4.58 1.77 13.31 -7.91 0.21
Car 0.00 0 -6.26 119.89 177.14 282.80 235.16 1.49 1.55 3.86 -11.42 1.62 20.31 -6.77 0.19
Cyclist 0.00 0 -3.96 518.66 175.33 539.38 201.30 1.75 0.58 1.46 -5.59 1.93 49.61 -4.07 0.17
Cyclist 0.00 0 -3.45 592.03 173.27 633.26 214.71 1.71 0.63 1.62 0.07 1.73 30.31 -3.45 0.17
Car 0.00 0 -7.51 0.00 190.90 337.98 374.00 1.58 1.57 3.80 -3.40 1.78 5.75 -8.04 0.16
Car 0.00 0 -6.08 11.75 169.67 203.56 239.03 1.49 1.55 3.43 -11.60 1.42 16.85 -6.68 0.15
Pedestrian 0.00 0 -5.76 791.31 175.88 841.89 286.96 1.68 0.57 0.55 3.20 1.73 11.34 -5.48 0.14
Car 0.00 0 -6.23 577.56 178.50 629.97 197.29 1.49 1.66 4.16 -0.50 1.95 58.52 -6.24 0.13
Pedestrian 0.00 0 -7.18 812.25 181.53 925.84 374.00 1.71 0.58 0.73 2.14 1.79 6.12 -6.85 0.13
Cyclist 0.00 0 -6.49 539.18 173.00 558.78 194.34 1.77 0.65 1.54 -5.14 1.78 60.44 -6.57 0.12
Pedestrian 0.00 0 -3.24 607.06 232.84 690.49 374.00 1.49 0.52 0.47 0.17 1.89 4.51 -3.20 0.12
Cyclist 0.00 0 -2.97 623.09 176.06 647.75 200.33 1.72 0.66 1.68 1.80 1.95 51.83 -2.93 0.11
Car 0.00 0 -4.97 543.25 184.46 653.84 262.68 1.53 1.59 3.96 -0.45 1.83 16.85 -5.00 0.11
Cyclist 0.00 0 -8.25 471.09 173.29 494.09 207.97 1.73 0.54 1.68 -6.54 1.75 36.76 -8.43 0.10
Car 0.00 0 -8.23 596.18 181.55 642.66 206.95 1.48 1.57 3.98 0.51 2.05 45.60 -8.22 0.10
Car 0.00 0 -8.15 601.59 182.35 648.82 211.13 1.47 1.60 3.76 0.76 2.02 40.18 -8.13 0.10
