Car 0.00 0 -3.88 0.00 200.41 129.44 374.00 1.60 1.66 3.84 -5.00 1.84 4.31 -4.74 0.96
Car 0.00 0 -4.53 487.79 181.69 534.50 212.11 1.49 1.74 4.27 -5.29 2.00 38.86 -4.66 0.92
Cyclist 0.00 0 -4.38 342.01 178.22 415.05 299.69 1.76 0.54 1.84 -3.68 1.85 11.46 -4.69 0.91
Car 0.00 0 -7.81 638.65 176.44 670.05 205.69 1.56 1.62 3.82 2.53 1.78 41.00 -7.75 0.90
Cyclist 0.00 0 -4.63 497.73 174.98 519.48 226.63 1.76 0.62 1.75 -3.63 1.84 25.62 -4.77 0.87
Cyclist 0.00 0 -4.67 404.79 176.14 447.19 293.05 1.74 0.60 1.87 -3.02 1.80 11.76 -4.92 0.80
Car 0.00 0 -4.49 365.97 185.69 461.10 250.69 1.54 1.63 4.34 -5.40 1.94 20.18 -4.75 0.73
Pedestrian 0.00 0 -8.36 706.16 165.26 732.88 217.04 1.89 0.64 0.87 4.04 1.62 26.90 -8.21 0.65
Pedestrian 0.00 0 -4.69 958.07 151.52 981.57 210.91 1.95 0.69 0.52 11.98 1.25 24.11 -4.23 0.30
Pedestrian 0.00 0 -4.05 887.44 120.84 1035.11 374.00 1.87 0.59 0.92 2.65 1.50 5.57 -3.61 0.25
Car 0.00 0 -7.78 657.88 172.08 685.63 196.99 1.69 1.65 4.01 4.38 1.64 51.08 -7.69 0.23
Cyclist 0.00 0 -5.15 932.25 166.43 975.91 226.24 1.71 0.57 1.54 10.12 1.52 21.37 -4.70 0.21
Pedestrian 0.00 0 -3.36 1200.22 149.22 1241.00 295.51 1.70 0.54 0.71 7.64 1.42 8.77 -2.65 0.20
Car 0.00 0 -2.79 0.00 202.10 189.93 296.25 1.43 1.61 3.96 -10.18 2.02 13.19 -3.44 0.20
Pedestrian 0.00 0 -7.00 1196.17 140.21 1241.00 343.82 1.74 0.55 0.94 5.87 1.46 6.44 -6.26 0.19
Car 0.00 0 -4.72 705.17 172.62 737.74 204.24 1.61 1.64 3.87 5.92 1.60 38.73 -4.57 0.18
Car 0.00 0 -7.99 863.85 168.96 911.72 203.05 1.45 1.54 3.41 12.41 1.28 32.48 -7.63 0.17
Pedestrian 0.00 0 -3.98 719.75 168.46 745.80 214.91 1.77 0.65 0.77 4.72 1.60 27.99 -3.82 0.15
Pedestrian 0.00 0 -4.75 952.98 173.00 982.51 241.14 1.54 0.59 0.67 8.26 1.55 16.77 -4.29 0.15
Pedestrian 0.00 0 -5.44 1121.96 139.82 1225.78 299.74 1.79 0.61 0.76 6.55 1.42 8.48 -4.78 0.11
Pedestrian 0.00 0 -3.64 950.17 141.10 1035.04 282.13 1.82 0.64 0.79 5.04 1.41 9.64 -3.15 0.10
Cyclist 0.00 0 -3.54 1106.90 153.09 1241.00 276.81 1.66 0.73 1.94 8.30 1.39 10.30 -2.86 0.10
