Car 0.00 0 -7.85 582.23 175.02 631.13 220.97 1.50 1.59 3.70 -0.07 1.16 25.24 -7.85 0.59
Car 0.00 0 -7.96 653.04 169.89 682.98 193.91 1.49 1.53 3.98 3.85 0.54 46.65 -7.87 0.52
Car 0.00 0 -7.89 586.03 182.60 655.90 245.35 1.40 1.56 3.94 0.19 1.34 18.04 -7.88 0.34
Car 0.00 0 -4.25 671.59 173.58 708.42 194.03 1.69 1.60 3.81 7.05 0.73 61.43 -4.14 0.25
Car 0.00 0 -7.81 578.10 174.35 615.95 207.36 1.45 1.60 3.69 -0.48 0.97 33.40 -7.83 0.25
Cyclist 0.00 0 -2.77 309.54 177.10 332.43 198.48 1.86 0.64 1.75 -25.05 1.15 62.78 -3.15 0.24
Car 0.00 0 -7.57 722.17 174.87 774.50 205.20 1.43 1.55 3.86 7.07 0.95 36.05 -7.38 0.22
Pedestrian 0.00 0 -4.15 425.91 180.26 465.81 271.83 1.48 0.45 0.49 -2.72 1.40 11.89 -4.38 0.19
Cyclist 0.00 0 -4.43 613.15 168.94 628.60 195.28 1.65 0.58 1.55 0.82 0.63 45.93 -4.41 0.19
Pedestrian 0.00 0 -8.27 540.84 172.13 555.79 202.61 1.60 0.63 0.51 -3.17 0.91 38.02 -8.36 0.18
Cyclist 0.00 0 -2.52 412.75 164.98 441.65 194.83 1.84 0.74 1.63 -11.35 0.60 45.08 -2.77 0.17
Car 0.00 0 -4.45 523.25 173.09 552.43 190.67 1.45 1.53 3.90 -5.94 0.45 61.33 -4.55 0.15
Pedestrian 0.00 0 -4.82 399.15 189.38 429.68 271.97 1.33 0.43 0.55 -3.27 1.40 11.96 -5.09 0.14
Pedestrian 0.00 0 -5.09 1007.73 198.39 1047.00 279.16 1.25 0.40 0.45 6.64 1.47 11.47 -4.56 0.13
Car 0.00 0 -7.52 197.50 184.49 388.08 287.92 1.44 1.64 4.15 -5.10 1.44 12.16 -7.92 0.13
Car 0.00 0 -5.39 624.02 169.42 669.47 190.15 1.65 1.62 3.97 3.17 0.39 59.38 -5.33 0.12
Car 0.00 0 -7.85 592.53 172.26 622.01 199.59 1.49 1.61 3.99 -0.05 0.78 41.17 -7.85 0.12
Car 0.00 0 -4.68 633.74 171.59 651.55 187.63 1.50 1.58 3.98 3.39 0.23 69.40 -4.63 0.12
Pedestrian 0.00 0 -2.97 0.00 175.91 11.81 267.86 1.53 0.55 0.59 -10.69 1.37 12.31 -3.68 0.11
Cyclist 0.00 0 -4.43 529.75 171.62 549.06 207.94 1.59 0.49 1.42 -3.09 1.00 32.18 -4.53 0.11
