Car 0.00 0 -7.45 86.16 192.36 384.52 374.00 1.55 1.54 3.31 -3.67 1.80 7.63 -7.89 0.99
Car 0.00 0 -4.48 355.67 183.47 488.08 280.66 1.58 1.61 3.91 -3.55 1.81 14.10 -4.72 0.94
Car 0.00 0 -4.62 477.73 181.54 528.88 220.42 1.48 1.74 4.28 -4.49 1.87 30.60 -4.76 0.88
Car 0.00 0 -4.79 527.92 173.60 552.60 194.42 1.56 1.61 4.06 -5.50 1.62 56.28 -4.88 0.48
Pedestrian 0.00 0 -6.54 477.85 174.23 492.28 201.23 1.73 0.60 0.79 -8.11 1.82 46.66 -6.71 0.30
Car 0.00 0 -7.88 503.80 177.32 535.17 208.05 1.58 1.61 3.85 -5.07 1.84 39.79 -8.01 0.30
Car 0.00 0 -5.46 178.25 191.89 356.56 259.15 1.45 1.62 4.13 -8.57 1.97 17.94 -5.91 0.21
Pedestrian 0.00 0 -7.75 677.48 168.84 696.63 217.40 1.89 0.68 0.75 3.01 1.73 28.52 -7.64 0.16
Car 0.00 0 -3.00 397.91 180.50 481.46 209.03 1.46 1.60 4.14 -9.03 1.87 38.35 -3.23 0.15
Pedestrian 0.00 0 -3.90 777.25 155.41 841.78 267.57 1.89 0.66 0.88 3.44 1.59 12.63 -3.64 0.13
Pedestrian 0.00 0 -7.44 415.28 175.43 428.86 203.10 1.77 0.68 0.57 -12.17 1.94 46.59 -7.70 0.13
Car 0.00 0 -6.08 636.55 174.42 707.68 200.12 1.54 1.64 4.15 3.83 1.64 44.73 -5.99 0.12
Car 0.00 0 -4.76 446.34 179.30 479.25 207.32 1.48 1.67 4.01 -8.51 1.87 41.34 -4.96 0.11
