Car 0.00 0 -7.61 450.22 178.00 595.45 282.85 1.47 1.56 3.68 -1.36 1.57 12.25 -7.72 0.97
Car 0.00 0 -4.16 0.00 178.23 461.76 374.00 1.60 1.59 3.65 -2.51 1.65 5.37 -4.60 0.95
Car 0.00 0 -8.25 885.42 190.20 1241.00 374.00 1.50 1.52 2.94 2.81 1.65 4.58 -7.69 0.94
Car 0.00 0 -4.67 619.85 166.63 662.19 207.71 1.69 1.70 4.12 1.39 1.44 31.84 -4.63 0.82
Car 0.00 0 -7.91 762.51 178.29 820.17 226.39 1.43 1.63 3.81 5.90 1.63 23.98 -7.67 0.82
Car 0.00 0 -7.96 772.60 176.34 841.08 239.27 1.53 1.47 2.33 5.05 1.62 18.90 -7.70 0.82
Car 0.00 0 -4.66 741.21 172.79 764.87 192.84 1.48 1.58 4.17 11.02 1.48 55.57 -4.47 0.49
Car 0.00 0 -7.74 646.11 170.43 683.44 201.63 1.63 1.62 3.81 3.02 1.50 39.62 -7.66 0.44
Car 0.00 0 -2.85 461.63 166.59 579.92 212.83 1.60 1.62 3.96 -3.24 1.39 26.17 -2.97 0.43
Pedestrian 0.00 0 -7.75 599.90 162.76 615.43 201.67 1.88 0.68 0.77 -0.15 1.39 35.31 -7.75 0.33
Cyclist 0.00 0 -4.37 76.26 158.53 172.84 294.55 1.68 0.55 1.69 -6.59 1.50 9.79 -4.96 0.27
Pedestrian 0.00 0 -7.87 611.62 164.91 624.34 200.50 1.89 0.67 0.88 0.39 1.47 38.73 -7.86 0.25
Pedestrian 0.00 0 -5.04 700.92 165.44 713.21 194.23 1.93 0.60 0.80 6.53 1.43 48.79 -4.91 0.24
Pedestrian 0.00 0 -4.65 585.77 162.30 601.20 205.19 1.87 0.63 0.83 -0.77 1.41 31.84 -4.67 0.22
Cyclist 0.00 0 -7.76 567.23 167.02 583.45 211.53 1.68 0.48 1.68 -1.38 1.46 28.12 -7.81 0.20
Pedestrian 0.00 0 -4.76 883.24 169.35 909.53 238.54 1.71 0.58 0.78 7.20 1.62 18.29 -4.39 0.18
Pedestrian 0.00 0 -5.92 409.40 164.20 423.73 216.53 1.83 0.50 0.34 -6.89 1.53 25.54 -6.19 0.17
Cyclist 0.00 0 -8.43 815.06 171.70 846.92 213.43 1.65 0.44 1.59 8.94 1.61 29.37 -8.14 0.15
Pedestrian 0.00 0 -7.92 276.05 140.38 322.29 258.02 1.91 0.67 0.77 -5.33 1.39 12.23 -8.33 0.11
Car 0.00 0 -8.04 772.81 170.91 803.84 192.44 1.53 1.54 3.75 13.08 1.39 53.21 -7.80 0.11
Pedestrian 0.00 0 -3.73 990.98 159.11 1079.40 286.67 1.76 0.67 0.86 6.00 1.57 10.30 -3.20 0.10
