Car 0.00 0 -8.69 798.33 180.89 960.74 248.94 1.41 1.54 3.53 6.30 1.63 17.36 -8.34 0.97
Car 0.00 0 -8.08 635.14 180.20 691.60 219.46 1.48 1.59 3.33 2.09 1.80 29.59 -8.01 0.96
Car 0.00 0 -2.39 0.00 187.18 213.55 331.08 1.51 1.61 3.45 -6.98 1.70 8.70 -3.07 0.94
Car 0.00 0 -2.90 333.99 184.69 471.78 229.73 1.48 1.69 4.35 -7.19 1.91 25.20 -3.18 0.89
Car 0.00 0 -2.56 0.00 191.54 313.80 300.19 1.45 1.59 3.90 -6.73 1.75 10.73 -3.12 0.80
Car 0.00 0 -7.95 616.59 180.48 654.23 210.34 1.50 1.65 4.14 1.30 1.93 39.34 -7.92 0.78
Car 0.00 0 -2.69 404.70 184.14 493.51 218.94 1.47 1.54 3.58 -7.25 2.00 32.43 -2.91 0.62
Car 0.00 0 -2.71 100.28 161.30 388.31 276.87 1.95 1.74 4.34 -6.51 1.75 13.11 -3.17 0.55
Car 0.00 0 -7.75 423.51 181.27 462.83 213.61 1.58 1.66 3.75 -8.83 2.05 38.25 -7.98 0.53
Car 0.00 0 -4.65 492.48 181.98 522.37 209.38 1.54 1.56 3.79 -6.22 2.12 43.77 -4.79 0.50
Car 0.00 0 -2.96 251.13 182.44 418.66 240.57 1.51 1.66 4.17 -7.66 1.80 20.32 -3.32 0.48
Car 0.00 0 -6.33 665.23 168.04 717.68 186.65 1.56 1.62 4.36 6.88 1.16 61.42 -6.22 0.43
Pedestrian 0.00 0 -4.32 798.12 165.69 823.51 216.54 1.95 0.68 0.86 7.82 1.68 28.23 -4.05 0.38
Car 0.00 0 -4.59 156.34 182.64 213.50 222.70 1.44 1.56 3.34 -16.87 1.85 28.69 -5.12 0.30
Car 0.00 0 -2.65 220.23 185.09 412.93 249.20 1.48 1.65 4.21 -7.35 1.81 18.15 -3.03 0.27
Cyclist 0.00 0 -2.89 428.89 178.11 475.83 221.21 1.73 0.62 1.77 -6.44 1.94 29.31 -3.11 0.25
Car 0.00 0 -5.00 1161.21 132.03 1222.67 161.99 1.53 1.67 3.83 32.58 -0.64 40.55 -4.32 0.24
Car 0.00 0 -3.07 462.88 175.76 523.50 203.76 1.81 1.69 3.87 -7.75 2.01 47.97 -3.23 0.23
Pedestrian 0.00 0 -4.78 1195.98 165.53 1233.91 249.49 1.68 0.55 0.72 12.40 1.53 14.86 -4.08 0.21
Pedestrian 0.00 0 -4.60 730.99 167.85 747.09 208.40 1.96 0.69 0.85 6.28 1.71 35.30 -4.42 0.20
Car 0.00 0 -6.00 360.62 183.56 477.84 224.46 1.50 1.66 4.05 -7.31 1.92 27.72 -6.26 0.19
Pedestrian 0.00 0 -8.10 699.49 174.84 714.75 206.62 1.82 0.69 0.85 5.58 1.93 41.75 -7.97 0.17
Pedestrian 0.00 0 -6.96 25.35 167.90 56.65 215.24 1.89 0.69 0.72 -23.09 1.69 29.23 -7.63 0.16
Pedestrian 0.00 0 -3.53 812.99 166.86 821.59 199.76 1.85 0.44 0.32 11.70 1.52 40.86 -3.26 0.13
Car 0.00 0 -4.60 601.45 176.73 622.31 193.40 1.54 1.60 3.68 0.19 1.92 69.34 -4.60 0.12
Pedestrian 0.00 0 -7.23 910.97 155.73 928.56 188.21 1.79 0.61 0.69 17.22 0.85 40.20 -6.82 0.10
