Car 0.00 0 -7.82 574.25 179.23 602.83 205.30 1.54 1.67 3.96 -1.35 1.97 45.71 -7.85 0.73
Car 0.00 0 -6.59 887.88 163.38 1121.03 245.31 1.51 1.60 3.79 7.68 1.34 14.47 -6.10 0.53
Cyclist 0.00 0 -8.58 965.41 153.74 1005.99 195.67 1.74 0.57 1.67 16.01 0.95 30.86 -8.10 0.22
Cyclist 0.00 0 -4.59 622.47 174.34 633.40 197.52 1.77 0.63 1.88 1.38 1.89 56.32 -4.56 0.21
Car 0.00 0 -4.49 307.10 185.01 406.14 251.26 1.59 1.72 4.29 -7.05 1.97 20.39 -4.82 0.20
Car 0.00 0 -4.47 438.84 182.47 488.92 214.87 1.57 1.67 4.08 -7.72 2.11 38.28 -4.67 0.19
Pedestrian 0.00 0 -4.42 940.57 139.14 957.81 172.78 1.80 0.64 0.80 18.39 -0.00 39.18 -3.98 0.18
Car 0.00 0 -4.52 423.65 184.79 473.83 220.29 1.50 1.60 3.82 -7.49 2.09 33.65 -4.74 0.14
Car 0.00 0 -4.43 407.53 186.40 437.47 205.51 1.54 1.52 3.83 -16.26 2.75 62.64 -4.69 0.13
Car 0.00 0 -7.69 393.03 185.55 453.59 230.37 1.55 1.65 3.96 -7.22 2.08 28.09 -7.94 0.11
Pedestrian 0.00 0 -6.50 1046.09 138.94 1127.06 282.75 1.71 0.62 0.72 5.87 1.31 9.01 -5.92 0.11
Car 0.00 0 -4.39 483.75 179.24 522.40 204.58 1.70 1.56 3.95 -7.61 2.17 51.46 -4.54 0.10
