Car 0.00 0 -8.28 774.64 176.00 1184.74 374.00 1.61 1.64 3.89 2.75 1.64 6.53 -7.88 0.98
Car 0.00 0 -8.12 693.12 182.42 850.62 288.77 1.48 1.59 4.06 2.54 1.68 12.52 -7.92 0.96
Car 0.00 0 -4.61 559.27 177.48 588.44 201.82 1.58 1.61 3.84 -2.48 1.91 49.58 -4.66 0.75
Car 0.00 0 -2.76 391.48 177.97 470.37 211.87 1.58 1.56 3.36 -8.66 1.83 34.87 -3.00 0.73
Car 0.00 0 -4.93 668.93 171.68 707.61 199.90 1.80 1.72 4.10 5.15 1.73 48.27 -4.82 0.68
Car 0.00 0 -2.87 465.40 180.79 538.08 209.39 1.47 1.60 3.55 -5.80 1.91 38.62 -3.02 0.33
Cyclist 0.00 0 -5.39 102.97 180.71 206.59 277.72 1.73 0.65 1.82 -8.61 1.88 13.56 -5.95 0.31
Pedestrian 0.00 0 -8.26 746.21 173.38 759.29 207.30 1.74 0.53 0.44 7.33 1.77 37.24 -8.06 0.20
Pedestrian 0.00 0 -3.70 54.85 207.02 97.60 280.38 1.32 0.41 0.50 -10.08 1.97 13.55 -4.34 0.16
Pedestrian 0.00 0 -6.14 93.15 188.09 137.84 296.66 1.63 0.59 0.50 -7.79 1.88 11.30 -6.74 0.14
Car 0.00 0 -8.14 423.89 181.30 473.56 210.43 1.47 1.62 3.91 -8.95 1.96 39.66 -8.36 0.14
Pedestrian 0.00 0 -5.33 37.14 171.35 151.86 349.09 1.80 0.63 0.84 -5.58 1.79 7.75 -5.95 0.13
Car 0.00 0 -4.59 502.42 177.60 534.61 201.79 1.64 1.75 4.52 -6.58 2.00 52.04 -4.71 0.12
