Car 0.00 0 -7.87 546.14 183.18 723.41 347.93 1.51 1.68 3.81 0.20 1.66 8.75 -7.84 0.96
Car 0.00 0 -7.13 0.00 176.73 321.95 374.00 1.68 1.66 3.84 -3.26 1.71 3.92 -7.83 0.93
Car 0.00 0 -8.04 690.84 178.30 755.29 219.37 1.42 1.67 4.35 4.22 1.65 27.80 -7.89 0.92
Car 0.00 0 -7.71 468.98 170.81 532.41 226.53 1.78 1.62 3.77 -3.73 1.71 24.88 -7.85 0.88
Car 0.00 0 -7.66 412.77 179.82 515.48 248.07 1.49 1.69 4.56 -3.62 1.69 18.49 -7.85 0.82
Car 0.00 0 -7.86 580.96 179.70 646.80 241.84 1.48 1.60 3.54 0.04 1.68 19.33 -7.86 0.73
Car 0.00 0 -8.15 779.84 191.08 1016.57 336.20 1.41 1.67 4.20 3.46 1.70 9.66 -7.80 0.54
Car 0.00 0 -7.82 601.23 175.68 636.57 207.99 1.49 1.60 3.37 0.44 1.63 35.20 -7.80 0.40
Car 0.00 0 -4.19 0.00 184.22 31.10 220.85 1.60 1.80 4.08 -30.37 2.19 35.02 -4.91 0.29
Pedestrian 0.00 0 -6.96 730.01 168.40 747.01 198.31 1.79 0.64 0.78 7.76 1.53 43.74 -6.79 0.22
Pedestrian 0.00 0 -5.59 854.43 156.18 979.74 362.88 1.78 0.63 0.88 2.79 1.64 6.74 -5.19 0.18
Car 0.00 0 -7.99 672.39 165.04 719.11 205.60 1.89 1.75 4.14 4.14 1.53 35.70 -7.87 0.15
Pedestrian 0.00 0 -4.39 311.83 158.10 365.83 281.16 1.88 0.58 0.80 -4.33 1.65 11.41 -4.75 0.12
Car 0.00 0 -4.66 163.80 181.80 187.52 199.81 1.50 1.61 4.12 -38.77 2.33 64.43 -5.20 0.11
Pedestrian 0.00 0 -2.94 282.22 180.68 352.64 319.46 1.67 0.58 0.72 -3.72 1.77 9.08 -3.33 0.10
