Car 0.00 0 -7.11 0.00 206.78 307.55 369.00 1.51 1.62 3.94 -3.15 1.72 3.45 -7.85 0.95
Car 0.00 0 -6.40 745.68 164.33 891.80 214.55 1.51 1.65 4.27 6.63 1.03 22.44 -6.11 0.89
Pedestrian 0.00 0 -7.57 1181.92 136.48 1223.00 240.75 1.79 0.62 0.89 10.82 1.03 12.62 -6.86 0.60
Cyclist 0.00 0 -8.04 882.42 157.86 901.45 195.72 1.74 0.52 1.78 13.54 0.70 33.44 -7.65 0.49
Pedestrian 0.00 0 -4.48 275.30 179.36 314.58 256.40 1.54 0.61 0.62 -6.38 1.52 14.46 -4.90 0.38
Pedestrian 0.00 0 -6.04 509.81 168.77 518.67 189.46 1.78 0.61 0.63 -7.81 0.77 61.00 -6.17 0.31
Pedestrian 0.00 0 -3.65 987.33 153.05 1025.62 222.05 1.75 0.65 0.62 10.34 1.06 18.28 -3.14 0.30
Pedestrian 0.00 0 -7.26 776.59 158.64 793.75 190.54 1.80 0.61 0.80 10.31 0.57 40.49 -7.01 0.20
Pedestrian 0.00 0 -6.22 560.59 168.37 574.32 195.55 1.74 0.52 0.86 -2.42 0.97 45.65 -6.28 0.17
Pedestrian 0.00 0 -5.57 1158.03 163.71 1197.40 232.26 1.35 0.43 0.44 11.41 1.02 14.14 -4.89 0.17
Pedestrian 0.00 0 -6.41 704.31 164.10 710.99 182.49 1.76 0.61 0.56 9.92 0.19 68.14 -6.27 0.16
Car 0.00 0 -7.99 1164.44 161.54 1222.79 194.64 1.47 1.60 3.70 27.71 0.63 33.40 -7.30 0.16
Pedestrian 0.00 0 -3.51 724.32 164.32 735.77 187.58 1.83 0.56 0.74 9.91 0.56 55.96 -3.33 0.13
Pedestrian 0.00 0 -5.97 1051.29 163.02 1076.29 222.35 1.45 0.45 0.40 11.36 1.02 17.56 -5.40 0.12
Car 0.00 0 -7.90 586.39 169.27 604.27 184.68 1.46 1.58 3.89 -0.94 0.40 69.03 -7.91 0.11
Car 0.00 0 -6.53 861.19 164.03 957.11 194.07 1.52 1.72 4.30 15.77 0.69 36.88 -6.13 0.11
