Car 0.00 0 -4.46 348.81 188.74 532.52 317.69 1.47 1.66 3.91 -2.33 1.75 10.72 -4.67 0.97
Car 0.00 0 -4.56 558.70 181.41 613.38 223.19 1.44 1.56 3.61 -0.90 1.79 27.61 -4.59 0.79
Car 0.00 0 -7.68 268.96 175.68 332.55 226.47 1.73 1.57 3.55 -11.41 1.84 26.72 -8.08 0.52
Pedestrian 0.00 0 -4.86 861.21 164.58 882.65 211.82 1.88 0.68 0.94 10.58 1.55 29.29 -4.51 0.51
Pedestrian 0.00 0 -8.36 655.98 174.73 672.53 206.16 1.64 0.70 0.53 2.82 1.74 38.01 -8.29 0.27
Car 0.00 0 -7.46 538.29 177.73 594.25 206.71 1.47 1.63 4.02 -2.37 1.75 39.49 -7.52 0.26
Cyclist 0.00 0 -7.99 1241.77 153.38 1241.00 256.55 1.69 0.46 1.69 11.45 1.37 12.63 -7.26 0.20
Pedestrian 0.00 0 -3.44 346.24 176.73 365.56 220.08 1.80 0.57 0.63 -10.77 1.97 30.45 -3.78 0.19
Car 0.00 0 -4.84 581.90 182.29 648.56 236.17 1.45 1.57 3.76 0.03 1.77 22.10 -4.83 0.15
Pedestrian 0.00 0 -4.55 210.26 171.67 242.47 245.84 1.91 0.63 0.83 -10.17 1.88 19.06 -5.04 0.15
Car 0.00 0 -4.22 755.23 173.06 791.52 188.53 1.43 1.65 4.04 15.59 1.45 68.82 -3.99 0.12
Car 0.00 0 -6.35 892.41 172.38 952.27 195.73 1.58 1.65 3.71 21.61 1.55 50.13 -5.94 0.10
Pedestrian 0.00 0 -3.08 660.17 165.45 680.38 208.18 1.88 0.59 0.86 2.64 1.55 32.07 -3.00 0.10
Car 0.00 0 -7.98 626.31 176.17 664.75 205.38 1.52 1.63 3.89 1.89 1.71 40.02 -7.94 0.10
Car 0.00 0 -4.56 685.16 173.16 715.38 194.56 1.58 1.69 4.23 6.98 1.61 55.70 -4.43 0.10
