Pedestrian 0.00 0 -3.29 543.74 155.03 646.14 326.69 1.80 0.53 1.06 -0.17 1.54 7.78 -3.31 0.87
Car 0.00 0 -8.87 1099.03 191.37 1223.00 369.00 1.49 1.55 3.08 4.99 1.58 4.36 -8.01 0.34
Car 0.00 0 -7.12 0.00 183.11 70.75 234.45 1.47 1.60 3.91 -19.23 1.56 22.35 -7.83 0.25
Cyclist 0.00 0 -4.21 46.59 163.96 130.81 264.94 1.74 0.54 1.63 -9.51 1.46 13.02 -4.84 0.20
Pedestrian 0.00 0 -7.88 262.87 161.68 300.98 257.79 1.79 0.65 0.89 -6.32 1.44 13.72 -8.31 0.17
Pedestrian 0.00 0 -8.07 837.87 169.64 869.21 234.78 1.60 0.60 0.71 6.21 1.34 17.80 -7.74 0.17
Pedestrian 0.00 0 -5.01 984.02 218.60 1073.25 369.00 1.24 0.39 0.67 3.14 1.55 5.36 -4.49 0.16
Pedestrian 0.00 0 -7.98 599.09 160.93 626.77 233.83 1.78 0.60 0.78 0.15 1.30 17.67 -7.97 0.13
Pedestrian 0.00 0 -8.39 544.45 161.99 581.69 235.89 1.79 0.65 0.73 -1.09 1.35 17.63 -8.45 0.12
Pedestrian 0.00 0 -4.50 19.75 167.21 70.93 255.67 1.73 0.64 0.88 -11.41 1.47 14.38 -5.17 0.11
Pedestrian 0.00 0 -7.31 484.63 169.58 534.07 265.17 1.68 0.58 0.77 -1.78 1.49 12.86 -7.45 0.11
Pedestrian 0.00 0 -3.96 1168.68 164.07 1223.00 263.29 1.63 0.65 0.72 10.13 1.36 11.98 -3.26 0.11
Pedestrian 0.00 0 -4.24 852.32 157.94 908.39 267.45 1.77 0.59 0.80 4.60 1.41 11.92 -3.87 0.11
Car 0.00 0 -8.04 653.21 140.40 693.38 169.27 1.54 1.65 3.78 3.92 -0.68 41.16 -7.94 0.11
Pedestrian 0.00 0 -2.76 817.92 177.52 860.41 254.27 1.48 0.46 0.68 4.61 1.43 14.06 -2.44 0.11
