Pedestrian 0.00 0 -5.25 1157.28 136.08 1237.00 373.00 1.80 0.74 0.96 4.33 1.53 4.78 -4.51 0.88
Pedestrian 0.00 0 -4.31 633.92 172.91 664.63 232.20 1.63 0.61 0.78 1.32 1.39 20.21 -4.25 0.71
Pedestrian 0.00 0 -8.08 624.86 167.10 645.82 217.13 1.81 0.59 0.86 1.22 1.29 26.44 -8.04 0.70
Pedestrian 0.00 0 -8.20 507.40 174.75 535.07 240.26 1.64 0.54 0.58 -2.09 1.48 18.41 -8.32 0.65
Pedestrian 0.00 0 -4.53 194.10 163.71 277.18 351.79 1.78 0.61 0.81 -3.72 1.61 7.26 -5.00 0.59
Pedestrian 0.00 0 -3.61 553.23 169.25 589.45 224.29 1.76 0.72 0.96 -1.01 1.37 23.52 -3.66 0.53
Pedestrian 0.00 0 -5.60 349.49 161.29 406.79 255.58 1.85 0.61 0.93 -4.55 1.45 14.54 -5.91 0.45
Pedestrian 0.00 0 -4.44 614.74 166.89 631.80 204.78 1.85 0.65 0.79 1.07 1.14 35.47 -4.41 0.38
Cyclist 0.00 0 -7.61 718.52 164.62 752.61 235.52 1.74 0.45 1.77 3.45 1.33 18.55 -7.42 0.37
Pedestrian 0.00 0 -7.40 414.60 178.49 457.11 239.10 1.50 0.85 0.65 -4.22 1.43 18.17 -7.63 0.36
Pedestrian 0.00 0 -7.92 576.73 175.61 595.07 218.07 1.57 0.63 0.82 -0.61 1.35 26.93 -7.94 0.35
Pedestrian 0.00 0 -7.72 111.55 186.30 191.83 337.91 1.53 0.65 0.74 -4.86 1.58 7.73 -8.29 0.33
Pedestrian 0.00 0 -7.21 253.42 190.70 313.31 290.87 1.43 0.57 0.59 -4.75 1.57 10.64 -7.63 0.30
Pedestrian 0.00 0 -1.63 0.00 101.26 65.51 373.00 1.91 0.67 0.97 -3.01 1.61 3.29 -2.37 0.30
Cyclist 0.00 0 -5.13 698.09 170.31 728.26 215.37 1.66 0.48 1.70 4.23 1.25 27.41 -4.98 0.27
Cyclist 0.00 0 -7.96 660.12 171.37 668.83 198.68 1.65 0.36 1.67 3.89 1.04 44.34 -7.87 0.27
Cyclist 0.00 0 -7.50 591.57 176.73 614.06 213.12 1.62 0.47 1.69 0.06 1.41 32.92 -7.50 0.24
Car 0.00 0 -7.54 494.09 182.30 562.48 222.29 1.39 1.53 3.57 -2.69 1.42 26.93 -7.64 0.24
Pedestrian 0.00 0 -5.98 636.72 169.56 651.50 200.44 1.79 0.62 0.71 2.51 1.10 42.13 -5.92 0.23
Car 0.00 0 -4.05 0.00 206.57 26.88 373.00 1.39 1.65 4.01 -6.62 1.67 5.58 -4.92 0.22
Pedestrian 0.00 0 -6.09 653.35 168.90 671.60 203.89 1.84 0.63 0.86 3.25 1.18 38.21 -6.00 0.18
Pedestrian 0.00 0 -4.91 412.36 170.06 442.90 237.86 1.75 0.63 0.87 -4.65 1.45 19.04 -5.15 0.16
Pedestrian 0.00 0 -4.41 41.37 149.13 113.76 284.42 1.98 0.65 0.95 -8.09 1.51 11.07 -5.04 0.15
Pedestrian 0.00 0 -3.62 1109.33 144.16 1231.32 323.01 1.83 0.59 0.85 6.04 1.45 7.72 -2.96 0.15
Pedestrian 0.00 0 -5.95 648.90 168.70 664.89 205.14 1.86 0.64 0.65 2.86 1.21 37.04 -5.88 0.15
Pedestrian 0.00 0 -4.52 174.10 160.95 236.88 295.20 1.81 0.64 0.80 -5.63 1.54 10.17 -5.02 0.13
Cyclist 0.00 0 -7.39 520.53 172.04 548.81 211.66 1.69 0.52 1.72 -2.93 1.29 31.53 -7.48 0.12
Pedestrian 0.00 0 -3.29 489.25 176.87 512.44 225.76 1.54 0.54 0.66 -3.24 1.39 22.92 -3.43 0.12
Cyclist 0.00 0 -8.06 672.27 172.46 685.72 202.15 1.60 0.41 1.59 4.26 1.11 39.55 -7.96 0.12
Pedestrian 0.00 0 -3.79 695.09 166.59 710.59 194.96 1.86 0.61 0.81 6.73 0.88 47.62 -3.65 0.12
Pedestrian 0.00 0 -4.75 829.17 149.07 914.16 373.00 1.83 0.61 0.82 2.14 1.59 5.90 -4.41 0.11
Pedestrian 0.00 0 -7.84 666.00 170.28 678.40 205.24 1.79 0.62 0.73 3.65 1.21 37.09 -7.74 0.11
Car 0.00 0 -7.72 600.47 165.43 628.09 186.50 1.58 1.65 3.86 1.05 0.38 55.79 -7.70 0.11
