Car 0.00 0 -4.42 593.04 174.03 628.45 196.96 1.74 1.66 4.25 0.08 1.83 57.16 -4.42 0.58
Cyclist 0.00 0 -5.81 249.71 177.07 276.54 201.83 1.74 0.68 1.58 -24.64 2.04 51.20 -6.26 0.53
Cyclist 0.00 0 -5.97 277.24 175.79 321.66 211.66 1.62 0.74 1.73 -14.27 1.76 33.09 -6.38 0.38
Car 0.00 0 -7.39 302.35 177.53 352.35 201.45 1.49 1.62 3.67 -18.64 1.81 47.66 -7.77 0.30
Pedestrian 0.00 0 -5.70 351.18 194.15 492.14 374.00 1.67 0.65 0.54 -1.15 1.80 4.25 -5.97 0.27
Car 0.00 0 -7.53 357.81 180.98 392.52 199.84 1.42 1.54 3.76 -18.84 2.10 57.94 -7.84 0.23
Cyclist 0.00 0 -2.45 0.00 178.56 22.32 217.13 1.63 0.63 1.56 -26.29 1.88 30.94 -3.16 0.19
Cyclist 0.00 0 -2.97 55.94 174.50 87.37 199.92 1.77 0.63 1.69 -37.97 1.88 50.87 -3.61 0.13
Cyclist 0.00 0 -8.06 399.71 173.91 422.05 224.61 1.69 0.43 1.53 -6.90 1.72 24.81 -8.34 0.12
Cyclist 0.00 0 -4.64 1021.47 172.74 1035.52 208.02 1.68 0.48 1.54 20.37 1.68 35.18 -4.11 0.10
