Car 0.00 0 -7.93 576.24 179.17 625.21 220.33 1.66 1.82 4.62 -0.53 1.96 32.18 -7.95 0.94
Cyclist 0.00 0 -8.19 948.28 146.15 1049.56 299.85 1.97 0.63 2.00 5.43 1.63 10.30 -7.71 0.76
Car 0.00 0 -4.63 655.90 181.42 681.13 201.93 1.55 1.69 4.20 4.77 2.28 58.74 -4.54 0.48
Car 0.00 0 -4.79 503.51 180.18 538.15 208.33 1.58 1.76 4.37 -5.53 2.05 44.10 -4.91 0.43
Cyclist 0.00 0 -1.99 143.77 181.81 166.72 209.77 1.77 0.61 1.74 -29.65 2.37 46.99 -2.55 0.31
Pedestrian 0.00 0 -7.42 1227.95 158.44 1241.00 281.66 1.81 0.64 0.84 10.04 1.60 11.06 -6.68 0.29
Car 0.00 0 -7.68 325.77 183.26 359.22 205.39 1.47 1.62 3.77 -19.15 2.24 51.70 -8.03 0.28
Car 0.00 0 -4.79 1134.53 163.70 1167.05 185.84 1.62 1.66 4.14 41.06 0.95 54.88 -4.15 0.25
Pedestrian 0.00 0 -3.17 1078.40 160.02 1122.00 247.25 1.88 0.66 0.78 10.86 1.61 16.07 -2.57 0.18
Pedestrian 0.00 0 -6.47 1116.96 166.98 1180.78 272.26 1.72 0.63 0.76 9.08 1.63 12.25 -5.83 0.15
Cyclist 0.00 0 -6.94 359.45 179.84 380.76 201.94 1.65 0.45 1.61 -18.40 2.20 55.27 -7.26 0.12
Car 0.00 0 -8.62 812.90 155.88 862.62 179.11 1.91 1.67 4.09 19.35 0.51 61.54 -8.32 0.11
Car 0.00 0 -4.34 407.28 186.70 453.87 210.73 1.42 1.61 3.95 -11.64 2.36 46.94 -4.58 0.10
Cyclist 0.00 0 -6.14 127.33 179.78 162.79 208.25 1.74 0.65 1.79 -29.02 2.18 45.01 -6.71 0.10
Pedestrian 0.00 0 -5.70 1055.64 166.89 1112.22 255.50 1.79 0.62 0.78 9.85 1.67 15.09 -5.13 0.10
