Car 0.00 0 -6.56 353.91 181.31 413.98 202.17 1.47 1.54 4.02 -16.94 2.12 54.03 -6.87 0.34
Car 0.00 0 -7.15 0.00 192.82 86.89 303.24 1.41 1.58 3.71 -10.69 1.79 11.79 -7.89 0.25
Pedestrian 0.00 0 -6.14 643.43 169.76 653.05 194.43 1.77 0.66 0.61 2.74 1.55 52.15 -6.09 0.23
Car 0.00 0 -4.67 801.83 172.07 822.20 188.72 1.52 1.66 4.28 19.13 1.45 68.28 -4.39 0.22
Pedestrian 0.00 0 -5.95 607.09 168.99 616.19 200.27 1.81 0.54 0.38 0.06 1.59 42.11 -5.95 0.20
Pedestrian 0.00 0 -3.36 651.47 167.80 668.27 198.08 1.88 0.52 0.95 3.08 1.56 45.04 -3.29 0.18
Car 0.00 0 -5.61 194.72 176.47 265.93 199.49 1.60 1.72 4.42 -27.29 1.87 51.84 -6.09 0.18
Car 0.00 0 -5.05 919.71 172.10 953.78 189.12 1.49 1.55 4.06 29.42 1.42 65.11 -4.62 0.17
Car 0.00 0 -3.81 928.19 168.95 973.16 185.29 1.52 1.64 3.62 32.30 1.16 68.48 -3.37 0.16
Car 0.00 0 -5.66 0.00 177.50 35.04 212.33 1.51 1.63 4.07 -28.74 1.73 32.57 -6.38 0.14
Car 0.00 0 -3.13 500.39 178.48 608.70 215.72 1.51 1.69 4.45 -2.37 1.76 30.60 -3.20 0.11
Car 0.00 0 -7.61 308.82 181.12 415.78 251.65 1.43 1.53 3.73 -5.75 1.65 17.01 -7.94 0.11
Pedestrian 0.00 0 -4.52 1198.85 174.66 1222.12 222.89 1.82 0.58 0.62 22.94 1.89 27.61 -3.83 0.10
