Car 0.00 0 -7.67 450.65 181.76 538.75 246.52 1.47 1.59 3.69 -2.93 1.72 18.74 -7.82 0.95
Car 0.00 0 -4.41 286.38 168.95 486.81 311.26 1.73 1.67 4.13 -3.12 1.68 10.83 -4.70 0.94
Car 0.00 0 -8.35 853.30 201.75 1241.00 374.00 1.48 1.61 3.68 2.42 1.70 3.57 -7.76 0.91
Car 0.00 0 -4.83 632.88 177.05 675.40 208.94 1.47 1.64 3.88 2.09 1.69 35.67 -4.77 0.87
Car 0.00 0 -4.52 553.23 170.28 586.04 194.52 1.75 1.70 4.09 -3.02 1.57 54.30 -4.57 0.71
Car 0.00 0 -7.90 631.12 167.73 655.74 192.30 1.77 1.63 4.16 2.44 1.40 54.08 -7.86 0.45
Car 0.00 0 -4.70 523.77 172.70 546.46 196.15 1.60 1.55 3.80 -5.34 1.59 51.28 -4.81 0.38
Car 0.00 0 -7.72 573.73 171.96 597.83 190.39 1.55 1.60 3.90 -2.10 1.48 62.83 -7.75 0.37
Cyclist 0.00 0 -7.14 295.03 166.90 381.67 265.71 1.81 0.62 1.70 -5.33 1.70 14.14 -7.50 0.33
Car 0.00 0 -8.18 971.84 168.37 1073.80 227.71 1.69 1.63 3.71 12.72 1.57 22.55 -7.67 0.22
Pedestrian 0.00 0 -8.71 1088.72 159.04 1128.34 225.13 1.77 0.74 0.54 13.57 1.40 19.71 -8.11 0.20
Pedestrian 0.00 0 -8.44 707.04 172.58 725.04 213.45 1.79 0.61 0.50 4.66 1.78 31.96 -8.29 0.19
Pedestrian 0.00 0 -7.91 446.40 173.38 468.40 226.12 1.81 0.71 0.67 -5.37 1.83 25.17 -8.12 0.19
Cyclist 0.00 0 -3.45 1211.20 148.34 1241.00 245.72 1.80 0.59 1.81 12.81 1.34 13.95 -2.71 0.19
Pedestrian 0.00 0 -3.32 290.69 174.78 308.11 233.51 1.75 0.51 0.40 -9.46 1.81 21.87 -3.73 0.19
Car 0.00 0 -7.79 497.71 174.20 526.35 199.00 1.54 1.61 4.00 -6.40 1.64 47.22 -7.93 0.19
Pedestrian 0.00 0 -5.37 964.55 178.68 1019.20 289.48 1.50 0.52 0.42 5.27 1.59 10.08 -4.88 0.16
Pedestrian 0.00 0 -6.30 675.69 170.60 688.77 198.53 1.78 0.61 0.83 4.61 1.64 46.38 -6.20 0.16
Pedestrian 0.00 0 -4.07 925.55 158.46 998.46 298.86 1.79 0.69 0.54 4.63 1.60 9.61 -3.62 0.15
Car 0.00 0 -5.57 1149.82 192.12 1241.00 374.00 1.52 1.59 3.97 5.38 1.69 4.29 -4.67 0.14
Pedestrian 0.00 0 -4.45 704.13 163.57 720.95 204.58 2.00 0.63 0.81 5.04 1.55 35.74 -4.31 0.13
Pedestrian 0.00 0 -3.40 668.67 170.60 679.89 197.16 1.79 0.60 0.63 4.33 1.64 48.98 -3.31 0.13
Pedestrian 0.00 0 -5.24 890.46 169.09 944.34 267.70 1.76 0.62 0.73 5.59 1.69 13.26 -4.84 0.13
Pedestrian 0.00 0 -4.33 25.28 147.48 94.54 262.72 1.90 0.67 0.89 -9.48 1.48 12.39 -4.99 0.13
Pedestrian 0.00 0 -4.66 728.17 171.97 744.96 212.41 1.77 0.70 0.61 5.56 1.73 31.93 -4.49 0.11
Pedestrian 0.00 0 -8.03 970.69 170.46 1006.57 247.44 1.65 0.62 0.51 8.26 1.60 15.84 -7.55 0.11
Pedestrian 0.00 0 -6.31 302.25 188.21 319.82 238.90 1.76 0.76 0.56 -10.73 2.32 25.79 -6.71 0.11
Pedestrian 0.00 0 -4.61 211.99 170.87 259.48 291.15 1.68 0.55 0.77 -5.52 1.66 10.56 -5.09 0.10
Pedestrian 0.00 0 -8.25 733.77 171.42 748.15 205.75 1.78 0.61 0.46 6.80 1.71 37.69 -8.08 0.10
