Car 0.00 0 -4.31 117.30 197.50 430.51 374.00 1.54 1.56 3.39 -3.06 1.85 7.25 -4.71 0.95
Car 0.00 0 -8.15 790.40 186.44 1011.69 336.49 1.56 1.69 3.64 3.57 1.78 9.70 -7.79 0.94
Car 0.00 0 -4.93 734.10 196.29 853.67 273.75 1.39 1.70 4.14 3.92 1.98 16.27 -4.69 0.88
Car 0.00 0 -8.47 972.57 201.31 1241.00 374.00 1.52 1.63 3.93 3.86 1.77 4.49 -7.76 0.88
Car 0.00 0 -7.94 704.98 192.31 770.16 247.94 1.45 1.60 4.11 3.82 2.11 22.40 -7.78 0.82
Car 0.00 0 -7.72 463.45 183.24 554.42 263.89 1.77 1.72 4.40 -2.52 2.07 18.64 -7.85 0.81
Car 0.00 0 -4.62 553.61 186.52 588.14 217.77 1.59 1.62 3.38 -2.16 2.38 39.97 -4.68 0.75
Car 0.00 0 -7.97 669.26 188.76 706.67 218.69 1.46 1.60 3.56 4.12 2.36 38.88 -7.86 0.61
Car 0.00 0 -7.98 693.37 191.98 746.02 233.85 1.41 1.54 3.41 4.08 2.18 27.51 -7.84 0.55
Car 0.00 0 -7.96 682.21 190.05 725.16 224.05 1.45 1.63 3.63 4.37 2.31 34.36 -7.84 0.51
Pedestrian 0.00 0 -3.81 766.23 175.06 780.98 209.13 2.01 0.63 0.59 9.72 2.14 43.03 -3.59 0.35
Car 0.00 0 -4.84 663.41 186.35 699.22 214.13 1.56 1.68 4.24 4.34 2.44 44.80 -4.74 0.30
Pedestrian 0.00 0 -5.35 869.91 162.00 888.44 200.79 1.96 0.68 0.57 13.67 1.41 36.76 -4.99 0.29
Car 0.00 0 -7.64 473.18 166.24 522.83 213.17 2.35 1.76 4.03 -5.90 2.02 38.19 -7.79 0.18
Car 0.00 0 -8.59 734.19 172.82 793.47 200.17 1.85 1.76 4.19 10.82 1.85 51.16 -8.38 0.16
Car 0.00 0 -7.73 497.55 192.83 559.68 244.34 1.47 1.59 4.00 -2.69 2.20 24.20 -7.84 0.15
Pedestrian 0.00 0 -4.57 1086.94 166.03 1130.99 264.85 1.99 0.64 0.92 10.41 1.86 15.12 -3.97 0.12
Cyclist 0.00 0 -7.46 808.58 178.20 829.04 208.05 1.68 0.54 1.68 12.07 2.00 41.81 -7.18 0.11
