Car 0.00 0 -8.36 805.37 179.85 1241.00 374.00 1.64 1.69 4.00 2.97 1.71 5.82 -7.89 0.95
Car 0.00 0 -2.53 0.00 177.60 300.32 297.43 1.53 1.61 3.78 -6.63 1.60 10.12 -3.11 0.95
Car 0.00 0 -8.56 718.41 177.79 797.61 214.95 1.47 1.51 3.36 6.25 1.70 30.95 -8.36 0.93
Car 0.00 0 -5.88 126.12 181.81 412.76 273.31 1.47 1.60 4.24 -5.83 1.63 12.60 -6.31 0.92
Car 0.00 0 -2.78 311.06 176.97 446.20 229.09 1.53 1.61 3.64 -7.12 1.67 22.26 -3.09 0.88
Car 0.00 0 -8.11 623.60 176.71 662.95 202.27 1.45 1.55 3.37 1.92 1.69 43.31 -8.06 0.85
Car 0.00 0 -2.44 0.00 171.22 198.43 344.26 1.64 1.66 3.74 -6.80 1.62 7.69 -3.17 0.77
Car 0.00 0 -2.57 189.02 184.47 395.99 257.67 1.41 1.52 3.79 -6.70 1.67 15.25 -2.98 0.66
Car 0.00 0 -7.33 0.00 173.49 246.48 374.00 1.62 1.48 3.54 -4.29 1.62 5.56 -7.99 0.61
Car 0.00 0 -7.73 614.58 175.19 643.51 197.41 1.55 1.62 4.27 1.41 1.73 52.96 -7.70 0.53
Car 0.00 0 -2.98 430.19 173.98 517.14 202.71 1.51 1.69 4.40 -7.35 1.58 38.97 -3.17 0.50
Car 0.00 0 -2.86 342.75 175.97 471.39 222.73 1.52 1.64 3.88 -6.84 1.63 24.40 -3.13 0.48
Cyclist 0.00 0 -3.79 1228.79 157.89 1241.00 374.00 1.75 0.70 1.84 6.30 1.64 5.92 -2.97 0.28
Car 0.00 0 -7.81 378.00 182.03 448.21 247.73 1.47 1.56 3.87 -5.06 1.73 18.72 -8.07 0.22
Car 0.00 0 -4.78 516.10 175.61 538.65 195.78 1.53 1.51 3.99 -6.64 1.76 57.55 -4.90 0.19
Pedestrian 0.00 0 -7.73 0.00 165.59 9.21 209.34 1.89 0.72 0.53 -26.89 1.58 31.64 -8.44 0.18
Car 0.00 0 -7.86 523.67 171.94 541.54 188.94 1.54 1.62 3.65 -7.28 1.46 67.47 -7.97 0.17
Car 0.00 0 -2.88 458.83 175.66 526.51 200.54 1.54 1.63 3.97 -7.48 1.73 46.00 -3.04 0.16
Car 0.00 0 -4.84 683.42 171.93 714.89 196.35 1.68 1.69 4.35 6.32 1.62 51.78 -4.72 0.14
Pedestrian 0.00 0 -4.62 736.12 163.22 748.29 198.02 2.00 0.64 0.59 7.64 1.45 41.85 -4.44 0.12
Pedestrian 0.00 0 -5.88 664.74 173.22 677.46 196.25 1.74 0.54 0.82 4.63 1.77 54.96 -5.79 0.12
Pedestrian 0.00 0 -4.63 472.15 169.84 493.60 221.80 1.84 0.69 0.96 -4.62 1.73 26.03 -4.81 0.11
Pedestrian 0.00 0 -7.14 73.29 163.85 100.94 210.89 1.78 0.67 0.54 -20.09 1.44 27.66 -7.77 0.11
