Car 0.00 0 -3.90 0.00 214.00 229.89 374.00 1.53 1.60 3.61 -3.42 1.81 3.11 -4.73 0.95
Car 0.00 0 -3.27 337.15 184.17 458.53 229.91 1.49 1.73 4.00 -7.67 1.93 25.94 -3.55 0.92
Car 0.00 0 -4.76 499.66 182.53 540.66 219.65 1.55 1.68 4.06 -4.25 2.03 33.40 -4.89 0.77
Pedestrian 0.00 0 -2.31 190.69 175.03 227.07 233.26 1.86 0.63 0.85 -13.09 1.93 23.47 -2.82 0.34
Car 0.00 0 -7.67 300.42 166.03 330.22 189.29 1.98 1.73 4.03 -25.88 1.40 63.42 -8.06 0.29
Car 0.00 0 -7.51 0.00 178.94 60.29 278.23 1.74 1.74 4.45 -13.55 1.89 15.33 -8.23 0.21
Pedestrian 0.00 0 -4.72 698.89 168.19 714.46 213.38 1.88 0.64 0.70 4.04 1.69 30.48 -4.59 0.20
Pedestrian 0.00 0 -7.88 722.47 177.28 736.78 212.66 1.64 0.65 0.49 5.56 1.85 33.79 -7.71 0.18
Pedestrian 0.00 0 -2.69 713.44 169.73 728.18 211.72 1.79 0.48 0.47 4.74 1.66 31.10 -2.54 0.16
Pedestrian 0.00 0 -4.10 1194.28 136.79 1241.00 257.76 1.72 0.52 0.65 9.06 1.21 10.62 -3.39 0.14
Car 0.00 0 -8.07 489.09 177.96 517.68 199.36 1.78 1.66 3.94 -9.40 2.25 63.27 -8.22 0.13
Pedestrian 0.00 0 -5.15 114.81 179.83 183.33 306.09 1.73 0.53 0.82 -6.68 1.83 10.36 -5.72 0.11
Car 0.00 0 -4.72 453.59 182.68 475.32 201.74 1.41 1.64 4.12 -11.67 2.22 57.64 -4.92 0.11
Car 0.00 0 -5.05 412.28 184.90 478.56 223.55 1.48 1.57 3.83 -7.14 2.03 30.87 -5.28 0.11
Pedestrian 0.00 0 -4.30 155.46 219.30 205.68 311.23 1.20 0.41 0.55 -5.98 1.86 9.98 -4.84 0.11
Cyclist 0.00 0 -4.52 433.92 172.27 447.21 199.81 1.67 0.49 1.67 -10.50 1.64 44.62 -4.75 0.10
Car 0.00 0 -4.72 531.83 176.96 552.08 198.03 1.76 1.71 4.28 -6.01 2.13 63.27 -4.82 0.10
Pedestrian 0.00 0 -8.56 875.01 154.77 971.00 293.68 1.77 0.67 1.05 4.17 1.54 9.79 -8.16 0.10
