Car 0.00 0 -8.33 793.38 191.24 1237.08 374.00 1.52 1.68 3.54 2.85 1.72 6.11 -7.89 0.97
Car 0.00 0 -4.97 713.56 188.49 893.14 305.63 1.41 1.61 4.36 2.76 1.71 11.49 -4.73 0.94
Car 0.00 0 -4.87 668.26 180.37 732.64 224.47 1.39 1.61 4.05 3.06 1.67 25.46 -4.75 0.92
Car 0.00 0 -4.41 321.14 174.69 487.31 290.35 1.62 1.60 3.78 -3.29 1.66 12.11 -4.68 0.91
Car 0.00 0 -4.23 0.00 189.15 437.01 374.00 1.50 1.71 4.71 -3.01 1.69 6.14 -4.68 0.91
Car 0.00 0 -7.89 651.19 175.96 677.85 200.28 1.46 1.55 3.68 3.38 1.66 45.62 -7.81 0.90
Car 0.00 0 -4.57 464.79 176.00 532.85 233.09 1.51 1.51 3.19 -3.19 1.61 20.89 -4.72 0.89
Car 0.00 0 -4.61 504.20 174.37 556.90 217.75 1.56 1.62 4.10 -3.07 1.62 28.14 -4.72 0.73
Car 0.00 0 -8.06 636.29 173.02 670.53 196.93 1.63 1.63 4.08 3.01 1.64 51.32 -8.00 0.38
Car 0.00 0 -4.71 570.12 174.47 588.66 191.84 1.47 1.58 3.90 -2.70 1.61 63.28 -4.75 0.35
Car 0.00 0 -2.82 115.71 184.44 341.39 254.43 1.42 1.60 4.16 -8.40 1.70 16.11 -3.30 0.20
Cyclist 0.00 0 -7.96 718.32 174.15 728.59 205.02 1.61 0.38 1.52 6.00 1.68 38.45 -7.80 0.16
Cyclist 0.00 0 -4.01 208.77 152.29 303.27 268.50 1.92 0.59 1.63 -6.27 1.58 12.77 -4.46 0.14
Car 0.00 0 -5.47 1139.42 197.95 1241.00 374.00 1.38 1.54 4.00 6.61 1.67 6.15 -4.65 0.13
Pedestrian 0.00 0 -8.16 1194.74 158.39 1241.00 288.65 1.80 0.58 0.75 8.88 1.60 10.41 -7.46 0.11
Cyclist 0.00 0 -7.99 884.50 170.34 921.10 250.96 1.73 0.54 1.70 6.57 1.68 16.36 -7.61 0.11
Pedestrian 0.00 0 -4.37 716.60 167.94 727.76 201.65 1.87 0.49 0.45 6.24 1.60 40.33 -4.21 0.11
Pedestrian 0.00 0 -5.41 913.94 160.64 941.93 220.18 2.01 0.65 0.59 10.83 1.60 24.70 -4.99 0.11
Car 0.00 0 -3.54 960.16 139.36 1043.73 166.90 1.55 1.67 3.96 22.83 -0.36 42.20 -3.04 0.10
Car 0.00 0 -2.90 723.09 186.75 893.69 253.38 1.37 1.56 3.61 4.61 1.73 17.03 -2.63 0.10
