Car 0.00 0 -7.97 635.67 177.54 678.24 211.00 1.48 1.62 3.52 2.14 1.71 34.22 -7.90 0.38
Cyclist 0.00 0 -4.94 1241.90 184.94 1241.00 236.11 1.69 0.43 1.71 22.41 2.12 25.03 -4.21 0.34
Car 0.00 0 -8.48 1178.73 184.47 1241.00 217.52 1.79 1.64 3.95 35.73 2.50 42.47 -7.78 0.23
Pedestrian 0.00 0 -6.44 1187.08 156.05 1241.00 260.76 1.72 0.53 0.89 10.42 1.45 12.33 -5.74 0.23
Car 0.00 0 -5.72 820.18 174.22 914.48 206.85 1.48 1.60 4.08 12.35 1.55 34.95 -5.38 0.19
Pedestrian 0.00 0 -7.64 847.61 174.86 869.73 221.79 1.60 0.61 0.60 8.58 1.67 25.02 -7.31 0.17
Pedestrian 0.00 0 -8.13 1095.52 174.35 1130.90 236.12 1.49 0.59 0.53 12.35 1.53 17.78 -7.53 0.16
Car 0.00 0 -4.88 815.34 171.02 844.89 197.10 2.17 1.78 4.01 18.87 2.02 62.07 -4.59 0.13
Car 0.00 0 -2.94 576.50 176.35 651.66 204.39 1.56 1.64 4.11 0.22 1.77 41.78 -2.94 0.11
Cyclist 0.00 0 -8.14 766.05 170.13 778.10 195.46 1.76 0.38 1.63 11.43 1.57 51.06 -7.92 0.11
Car 0.00 0 -4.93 1240.67 165.19 1241.00 209.19 2.18 1.75 4.31 34.88 1.80 38.01 -4.19 0.11
