Car 0.00 0 -7.86 656.72 170.31 796.76 303.28 1.50 1.58 4.03 1.55 1.47 10.25 -7.71 0.91
Pedestrian 0.00 0 -7.93 619.05 153.85 674.33 285.82 1.77 0.70 0.86 0.44 1.51 10.10 -7.89 0.83
Car 0.00 0 -7.78 276.41 179.67 312.32 207.57 1.49 1.64 3.67 -18.18 1.90 41.58 -8.20 0.74
Car 0.00 0 -7.92 628.15 165.14 659.22 193.01 1.64 1.66 3.94 2.00 1.19 44.48 -7.87 0.46
Car 0.00 0 -4.29 270.70 180.11 386.78 246.08 1.46 1.53 3.15 -6.93 1.66 17.97 -4.66 0.44
Car 0.00 0 -7.96 633.52 172.95 683.50 213.19 1.45 1.55 3.51 1.76 1.45 27.77 -7.90 0.37
Car 0.00 0 -2.83 101.65 176.88 266.95 225.68 1.55 1.70 4.52 -14.31 1.69 24.43 -3.36 0.36
Pedestrian 0.00 0 -5.84 676.09 165.96 693.60 199.09 1.82 0.66 0.76 4.13 1.44 40.14 -5.74 0.22
Car 0.00 0 -7.67 501.75 175.26 537.74 200.37 1.50 1.59 3.78 -5.67 1.66 45.42 -7.80 0.21
Pedestrian 0.00 0 -6.73 661.11 167.97 684.41 217.98 1.75 0.74 0.56 2.19 1.58 25.68 -6.64 0.14
Pedestrian 0.00 0 -5.77 289.96 168.21 338.02 263.05 1.78 0.58 0.66 -5.75 1.70 13.90 -6.16 0.11
