Car 0.00 0 -7.41 130.58 193.33 306.55 278.23 1.43 1.60 3.83 -7.60 1.61 14.39 -7.90 0.97
Car 0.00 0 -7.56 287.78 192.16 476.86 309.07 1.49 1.65 4.37 -3.41 1.63 11.63 -7.84 0.94
Car 0.00 0 -7.72 442.10 186.05 502.89 227.16 1.42 1.68 4.34 -5.06 1.46 27.20 -7.90 0.91
Car 0.00 0 -7.84 575.53 182.40 607.62 211.75 1.47 1.61 3.39 -0.86 1.33 37.75 -7.87 0.87
Car 0.00 0 -7.42 236.40 186.09 323.93 226.23 1.48 1.58 4.13 -12.98 1.52 28.67 -7.84 0.72
Car 0.00 0 -7.64 316.12 187.60 396.46 238.42 1.50 1.64 4.05 -8.16 1.59 23.53 -7.97 0.71
Car 0.00 0 -7.30 112.80 190.98 246.35 245.10 1.43 1.62 3.82 -12.55 1.61 21.28 -7.83 0.68
Car 0.00 0 -7.58 435.40 183.56 480.03 209.87 1.43 1.57 3.67 -8.53 1.34 40.98 -7.79 0.67
Car 0.00 0 -7.59 377.74 186.62 434.15 221.06 1.41 1.46 3.70 -8.81 1.48 31.52 -7.86 0.60
Car 0.00 0 -4.73 121.88 186.18 176.71 232.80 1.56 1.58 4.17 -16.86 1.60 26.33 -5.30 0.27
Car 0.00 0 -4.65 511.36 177.98 545.15 209.38 1.75 1.71 4.45 -4.66 1.35 42.36 -4.76 0.23
Pedestrian 0.00 0 -5.63 754.63 213.90 811.81 328.55 1.27 0.43 0.49 2.00 1.62 8.42 -5.39 0.16
Pedestrian 0.00 0 -3.69 1012.21 155.46 1089.04 283.12 1.78 0.61 0.73 6.29 1.36 10.31 -3.15 0.16
Car 0.00 0 -4.69 528.08 181.06 550.30 202.36 1.50 1.55 3.35 -5.00 1.21 52.49 -4.79 0.14
Car 0.00 0 -3.15 625.38 181.80 688.22 206.42 1.60 1.67 4.08 3.21 1.38 47.58 -3.08 0.13
Car 0.00 0 -6.19 450.98 178.43 499.82 195.09 1.58 1.69 4.47 -12.68 0.93 69.00 -6.37 0.13
Cyclist 0.00 0 -4.55 680.51 174.30 717.12 257.66 1.79 0.56 1.74 2.04 1.56 16.35 -4.42 0.12
Car 0.00 0 -8.14 700.21 181.66 750.70 213.19 1.48 1.53 3.53 5.75 1.32 35.67 -7.98 0.10
Pedestrian 0.00 0 -3.63 1191.02 152.81 1240.00 327.96 1.74 0.52 0.64 6.52 1.42 7.46 -2.91 0.10
Car 0.00 0 -4.88 417.36 182.72 446.52 202.52 1.54 1.62 4.12 -14.30 1.35 58.26 -5.12 0.10
