Car 0.00 0 -7.16 669.09 188.02 781.79 243.11 1.48 1.59 3.40 3.52 1.98 22.03 -7.00 0.84
Pedestrian 0.00 0 -4.03 757.81 177.92 785.90 230.95 1.79 0.63 0.72 5.54 1.97 24.88 -3.81 0.32
Car 0.00 0 -7.31 138.91 194.13 289.70 265.07 1.44 1.59 3.57 -9.48 2.01 17.53 -7.81 0.26
Car 0.00 0 -7.95 538.57 168.81 600.79 226.42 2.01 1.89 4.87 -1.69 1.87 27.67 -8.01 0.18
Car 0.00 0 -4.30 525.54 171.10 566.49 191.07 1.51 1.71 4.10 -5.00 1.37 56.67 -4.39 0.16
Pedestrian 0.00 0 -4.84 855.06 170.57 884.24 243.63 1.92 0.65 0.66 6.91 1.86 19.34 -4.50 0.15
Pedestrian 0.00 0 -7.46 926.38 161.24 998.16 287.57 1.94 0.76 0.88 5.64 1.76 11.65 -7.01 0.14
Cyclist 0.00 0 -7.05 605.06 166.69 637.78 198.85 1.82 0.77 1.90 0.64 1.47 41.80 -7.04 0.14
Pedestrian 0.00 0 -7.95 738.76 174.34 759.61 230.33 1.91 0.63 0.83 4.79 1.97 25.11 -7.76 0.12
Car 0.00 0 -6.12 389.29 186.42 510.44 228.32 1.49 1.62 4.24 -5.99 2.02 27.14 -6.34 0.11
Pedestrian 0.00 0 -4.53 770.22 178.49 795.51 242.35 1.83 0.60 0.76 5.04 2.00 21.21 -4.30 0.11
Pedestrian 0.00 0 -7.54 605.46 181.09 620.51 214.85 1.55 0.57 0.52 0.10 1.93 33.54 -7.53 0.11
