Car 0.00 0 -8.25 765.72 182.32 1011.09 330.42 1.46 1.55 3.57 3.19 1.60 9.16 -7.92 0.97
Car 0.00 0 -8.60 896.04 189.12 1241.00 374.00 1.52 1.62 4.06 3.10 1.65 3.69 -7.90 0.97
Car 0.00 0 -4.11 0.00 189.48 254.45 372.57 1.54 1.54 3.30 -5.58 1.76 8.01 -4.72 0.97
Car 0.00 0 -4.31 176.06 185.35 369.34 289.50 1.47 1.62 3.90 -5.70 1.73 12.64 -4.73 0.95
Car 0.00 0 -5.25 470.29 177.58 528.16 204.99 1.46 1.57 3.71 -6.38 1.75 41.10 -5.40 0.84
Car 0.00 0 -3.47 671.91 172.48 728.84 190.96 1.47 1.58 4.32 7.32 1.44 58.73 -3.34 0.78
Car 0.00 0 -4.58 228.90 177.11 286.35 217.06 1.52 1.66 3.95 -14.67 1.72 30.13 -5.04 0.52
Pedestrian 0.00 0 -5.92 666.70 170.92 688.13 206.63 1.76 0.58 0.92 3.32 1.66 35.95 -5.83 0.52
Pedestrian 0.00 0 -4.68 874.11 158.40 899.97 226.72 1.89 0.66 0.61 7.76 1.49 20.32 -4.32 0.40
Pedestrian 0.00 0 -3.15 721.86 169.91 736.52 204.49 1.84 0.58 0.77 6.34 1.68 38.64 -2.99 0.39
Car 0.00 0 -4.78 387.84 178.50 416.46 201.65 1.42 1.54 3.87 -13.68 1.80 47.26 -5.06 0.32
Car 0.00 0 -2.42 57.67 182.10 258.91 248.40 1.52 1.71 4.18 -11.28 1.77 18.04 -2.98 0.32
Car 0.00 0 -3.67 564.47 174.46 621.36 195.79 1.58 1.67 4.08 -1.32 1.70 55.38 -3.70 0.21
Cyclist 0.00 0 -7.60 572.83 172.28 590.45 201.64 1.76 0.67 1.75 -1.76 1.73 44.25 -7.64 0.17
Car 0.00 0 -7.42 1180.49 148.31 1241.00 230.65 1.62 1.68 4.08 14.60 1.14 15.72 -6.67 0.14
Cyclist 0.00 0 -4.33 274.46 173.92 299.94 210.89 1.69 0.52 1.66 -15.20 1.74 33.92 -4.76 0.13
Pedestrian 0.00 0 -8.02 929.38 158.81 951.11 210.33 1.84 0.62 0.64 11.95 1.34 26.21 -7.59 0.12
Pedestrian 0.00 0 -4.15 457.54 171.41 469.52 195.37 1.85 0.55 0.85 -11.44 1.74 56.22 -4.35 0.11
Pedestrian 0.00 0 -3.41 405.21 174.72 415.65 199.18 1.78 0.53 0.62 -14.71 1.92 53.07 -3.68 0.11
Cyclist 0.00 0 -7.47 469.56 178.32 480.29 197.76 1.59 0.33 1.54 -11.29 2.05 60.20 -7.66 0.10
