Pedestrian 0.00 0 -7.56 397.10 148.52 535.85 369.00 1.84 0.76 1.08 -1.06 1.62 5.36 -7.76 0.91
Cyclist 0.00 0 -7.63 491.18 164.05 553.85 265.27 1.72 0.74 1.90 -1.52 1.44 12.98 -7.75 0.32
Pedestrian 0.00 0 -5.23 972.39 211.91 1086.93 369.00 1.29 0.44 0.73 3.14 1.55 5.37 -4.70 0.24
Pedestrian 0.00 0 -7.92 1136.05 143.35 1189.77 261.46 1.85 0.63 0.83 9.08 1.27 11.58 -7.26 0.20
Car 0.00 0 -8.86 1101.55 193.58 1223.00 369.00 1.47 1.53 3.12 4.97 1.58 4.32 -8.00 0.16
Car 0.00 0 -6.26 653.35 143.63 719.94 171.21 1.50 1.60 3.69 4.65 -0.54 40.26 -6.14 0.16
Car 0.00 0 -7.97 783.24 150.01 815.10 176.80 1.69 1.61 3.83 12.93 -0.26 47.24 -7.70 0.16
Pedestrian 0.00 0 -7.85 261.05 163.28 297.17 258.29 1.77 0.62 0.96 -6.36 1.45 13.71 -8.28 0.16
Pedestrian 0.00 0 -4.35 0.00 178.27 49.24 261.26 1.61 0.63 0.75 -11.73 1.57 14.18 -5.05 0.15
Pedestrian 0.00 0 -8.13 837.14 168.91 869.38 233.71 1.60 0.60 0.71 6.21 1.31 17.80 -7.79 0.14
Pedestrian 0.00 0 -3.28 1215.35 147.15 1223.00 267.73 1.80 0.49 0.85 10.02 1.30 10.97 -2.54 0.14
Cyclist 0.00 0 -7.42 52.48 166.76 126.83 266.10 1.72 0.48 1.61 -9.54 1.49 13.08 -8.05 0.13
Pedestrian 0.00 0 -4.55 859.78 160.86 905.72 267.11 1.73 0.61 0.78 4.66 1.41 11.96 -4.18 0.12
Pedestrian 0.00 0 -4.02 1170.59 165.20 1223.00 262.79 1.60 0.61 0.71 10.12 1.35 11.96 -3.31 0.12
