Car 0.00 0 -4.28 194.32 181.80 330.18 256.66 1.58 1.57 3.64 -8.32 1.82 17.52 -4.72 0.93
Car 0.00 0 -7.85 576.43 179.60 612.75 217.27 1.67 1.65 4.63 -0.78 2.02 35.14 -7.87 0.92
Car 0.00 0 -4.45 381.49 184.63 442.95 222.83 1.47 1.59 3.93 -8.46 2.01 31.02 -4.72 0.64
Car 0.00 0 -4.43 338.98 182.96 433.31 239.57 1.54 1.66 4.31 -6.90 1.88 22.53 -4.72 0.61
Pedestrian 0.00 0 -7.99 905.06 181.46 926.51 228.07 1.61 0.60 0.73 10.74 1.92 25.45 -7.59 0.28
Pedestrian 0.00 0 -7.89 1141.44 165.07 1163.60 218.15 1.96 0.65 0.43 20.21 1.67 26.94 -7.25 0.17
Car 0.00 0 -6.10 876.92 169.19 954.74 196.18 1.61 1.72 4.21 18.94 1.39 44.81 -5.71 0.16
Car 0.00 0 -7.97 492.93 180.27 520.66 201.48 1.48 1.61 3.92 -7.76 2.05 53.82 -8.11 0.16
Car 0.00 0 -7.35 62.97 191.92 317.69 302.45 1.42 1.72 4.56 -6.81 1.80 12.31 -7.86 0.15
Car 0.00 0 -7.73 437.68 181.15 483.77 217.03 1.61 1.71 4.22 -7.31 2.04 35.48 -7.93 0.14
Car 0.00 0 -8.36 477.88 182.22 527.87 205.76 1.45 1.59 3.94 -7.23 2.11 48.24 -8.51 0.14
Cyclist 0.00 0 -6.99 1233.64 169.23 1241.00 219.05 1.80 0.72 1.66 23.96 1.67 26.44 -6.26 0.12
Pedestrian 0.00 0 -4.42 860.78 165.60 880.36 208.84 1.99 0.68 0.73 12.16 1.66 33.78 -4.08 0.12
Pedestrian 0.00 0 -7.62 772.62 177.69 791.23 218.68 1.73 0.64 0.66 7.34 1.94 30.95 -7.39 0.12
Cyclist 0.00 0 -6.33 794.68 167.28 824.79 199.36 1.92 0.67 1.73 12.05 1.59 43.69 -6.06 0.10
