Car 0.00 0 -8.09 747.65 175.07 880.25 261.00 1.44 1.57 4.02 3.79 1.49 14.25 -7.83 0.96
Car 0.00 0 -8.50 952.20 162.14 1241.00 374.00 1.55 1.61 3.92 3.24 1.52 3.58 -7.77 0.94
Car 0.00 0 -7.65 559.93 180.85 620.07 220.12 1.42 1.58 4.33 -0.77 1.77 29.29 -7.67 0.93
Car 0.00 0 -7.76 592.03 178.02 629.02 208.92 1.51 1.59 4.14 0.04 1.80 38.13 -7.76 0.75
Car 0.00 0 -7.65 700.88 174.05 742.05 202.51 1.57 1.63 3.83 6.51 1.64 42.07 -7.50 0.35
Car 0.00 0 -7.63 455.12 182.82 521.57 226.94 1.43 1.61 3.53 -4.36 1.82 26.05 -7.79 0.26
Car 0.00 0 -4.59 695.01 175.97 742.84 213.16 1.55 1.64 4.16 4.94 1.70 32.62 -4.44 0.20
Cyclist 0.00 0 -5.51 822.40 167.82 872.77 220.90 1.64 0.52 1.63 7.57 1.49 23.19 -5.20 0.18
Pedestrian 0.00 0 -4.39 755.27 157.25 787.15 223.99 1.88 0.65 0.89 4.61 1.44 20.84 -4.18 0.17
Cyclist 0.00 0 -8.24 695.19 174.00 723.75 219.14 1.64 0.49 1.59 3.67 1.68 27.03 -8.11 0.15
Pedestrian 0.00 0 -4.67 543.20 168.03 557.85 208.00 1.92 0.67 1.00 -2.93 1.69 35.11 -4.75 0.14
Pedestrian 0.00 0 -5.54 24.94 142.21 192.37 374.00 1.85 0.58 0.96 -4.06 1.62 5.79 -6.16 0.13
Car 0.00 0 -6.28 717.94 179.32 840.86 221.36 1.44 1.69 4.25 6.12 1.69 26.43 -6.06 0.13
Car 0.00 0 -2.45 347.75 181.54 485.78 232.21 1.46 1.65 4.13 -6.19 1.75 22.89 -2.71 0.12
Pedestrian 0.00 0 -3.98 977.88 148.27 1038.43 267.53 1.77 0.60 0.55 6.04 1.40 11.05 -3.48 0.12
Car 0.00 0 -5.15 692.66 176.29 735.35 197.50 1.48 1.53 4.01 7.57 1.74 53.06 -5.01 0.11
Car 0.00 0 -7.72 688.38 171.82 714.52 192.31 1.64 1.62 4.10 7.59 1.55 59.79 -7.60 0.11
Pedestrian 0.00 0 -6.03 826.10 156.69 855.76 231.78 1.81 0.59 0.57 5.64 1.42 17.76 -5.72 0.11
