Car 0.00 0 -7.71 414.03 188.49 482.96 240.23 1.41 1.60 3.48 -4.99 1.93 22.48 -7.93 0.98
Car 0.00 0 -8.05 669.35 180.39 768.72 256.08 1.51 1.59 3.34 2.32 1.70 16.42 -7.91 0.97
Car 0.00 0 -4.10 0.00 197.86 282.36 374.00 1.50 1.70 4.37 -4.80 1.80 6.47 -4.73 0.94
Car 0.00 0 -7.98 632.67 181.87 684.85 224.26 1.43 1.52 3.39 1.71 1.79 26.80 -7.91 0.94
Car 0.00 0 -7.72 456.75 182.30 506.51 222.17 1.58 1.62 4.08 -5.60 2.02 31.63 -7.90 0.93
Car 0.00 0 -8.48 865.26 185.69 1241.00 374.00 1.56 1.67 3.79 3.06 1.67 4.45 -7.88 0.83
Car 0.00 0 -7.94 615.46 181.82 646.72 209.31 1.50 1.53 3.46 1.17 2.05 42.37 -7.91 0.78
Car 0.00 0 -4.66 492.77 181.68 520.87 208.49 1.58 1.57 3.62 -6.52 2.16 45.65 -4.80 0.63
Cyclist 0.00 0 -3.79 1082.40 156.82 1241.00 307.49 1.72 0.83 1.91 6.87 1.54 8.69 -3.12 0.52
Car 0.00 0 -4.63 514.27 183.53 536.35 202.91 1.54 1.54 4.11 -7.22 2.48 61.55 -4.75 0.34
Cyclist 0.00 0 -3.86 809.18 173.53 855.41 225.29 1.78 0.59 1.55 7.78 1.80 25.40 -3.56 0.28
Cyclist 0.00 0 -6.32 408.72 177.14 454.80 224.82 1.89 0.68 1.79 -7.28 2.07 29.29 -6.57 0.26
Pedestrian 0.00 0 -7.60 1009.82 155.73 1081.04 298.22 1.76 0.64 0.72 5.61 1.55 9.39 -7.06 0.20
Car 0.00 0 -8.06 676.13 178.68 720.58 210.70 1.61 1.61 3.85 4.68 1.94 38.98 -7.94 0.17
Car 0.00 0 -7.55 628.92 170.01 661.84 193.01 1.91 1.72 4.02 3.06 1.68 62.19 -7.50 0.13
