Car 0.00 0 -8.27 768.47 174.36 1130.06 374.00 1.69 1.70 3.99 2.93 1.71 7.39 -7.89 0.97
Car 0.00 0 -8.56 712.68 178.50 788.72 213.52 1.46 1.46 3.47 6.24 1.73 32.50 -8.37 0.93
Car 0.00 0 -2.61 48.35 172.60 330.96 280.40 1.61 1.62 3.61 -6.66 1.61 11.61 -3.13 0.91
Car 0.00 0 -8.03 625.23 177.76 660.51 203.05 1.49 1.59 3.49 1.98 1.81 44.96 -7.99 0.90
Car 0.00 0 -2.85 331.83 178.09 453.47 227.05 1.55 1.62 3.53 -7.15 1.73 23.81 -3.14 0.90
Car 0.00 0 -5.91 185.43 182.95 436.12 262.34 1.44 1.57 4.26 -5.77 1.65 14.14 -6.30 0.86
Car 0.00 0 -2.43 0.00 175.06 271.89 315.81 1.61 1.64 3.79 -6.65 1.64 9.23 -3.06 0.73
Car 0.00 0 -2.71 228.31 184.41 417.61 250.27 1.42 1.53 3.80 -6.64 1.71 16.78 -3.09 0.63
Car 0.00 0 -2.95 381.01 163.95 509.88 218.42 2.07 1.82 4.68 -6.43 1.73 28.38 -3.17 0.47
Car 0.00 0 -7.40 0.00 175.05 315.16 374.00 1.62 1.51 3.40 -4.22 1.65 6.97 -7.95 0.46
Car 0.00 0 -7.75 615.37 175.16 641.79 197.15 1.58 1.58 4.04 1.41 1.76 54.43 -7.72 0.44
Car 0.00 0 -3.01 437.46 176.99 518.38 204.35 1.49 1.69 4.29 -7.39 1.73 40.48 -3.19 0.44
Car 0.00 0 -2.87 359.01 176.50 485.18 221.59 1.55 1.62 4.09 -6.70 1.69 25.83 -3.12 0.43
Car 0.00 0 -4.95 510.94 178.18 540.81 196.75 1.44 1.54 3.88 -6.94 1.89 59.07 -5.07 0.31
Car 0.00 0 -5.95 291.40 183.63 467.82 240.06 1.42 1.58 4.21 -6.12 1.72 19.30 -6.26 0.30
Car 0.00 0 -5.11 493.53 178.09 531.98 199.16 1.47 1.54 3.61 -7.22 1.87 53.14 -5.24 0.19
Pedestrian 0.00 0 -4.51 1140.65 144.71 1233.58 336.07 1.86 0.62 0.74 5.94 1.59 7.49 -3.84 0.19
Pedestrian 0.00 0 -2.98 778.06 164.92 809.09 226.62 1.87 0.57 0.85 5.63 1.63 22.30 -2.73 0.18
Pedestrian 0.00 0 -5.38 21.56 177.67 35.93 215.95 1.75 0.46 0.24 -26.80 1.97 33.22 -6.05 0.18
Car 0.00 0 -4.16 279.14 161.34 345.29 195.20 1.95 1.81 4.13 -18.03 1.29 43.81 -4.55 0.13
Pedestrian 0.00 0 -3.33 742.68 167.90 756.60 196.40 1.97 0.65 0.84 9.70 1.63 50.27 -3.14 0.11
