Car 0.00 0 -8.25 773.85 181.45 1048.57 341.24 1.48 1.62 3.86 3.29 1.61 8.86 -7.90 0.97
Car 0.00 0 -8.14 699.60 161.63 843.17 267.81 1.87 1.70 4.28 3.08 1.67 14.89 -7.94 0.96
Car 0.00 0 -4.33 177.64 180.25 436.81 353.99 1.68 1.61 3.85 -3.52 1.80 9.08 -4.70 0.95
Car 0.00 0 -4.53 358.53 179.41 473.95 277.83 1.62 1.53 3.39 -3.64 1.77 13.89 -4.78 0.88
Car 0.00 0 -4.50 417.84 188.22 500.85 243.99 1.38 1.54 4.05 -4.31 1.87 20.98 -4.71 0.82
Car 0.00 0 -4.68 493.79 181.05 525.69 214.06 1.73 1.67 4.21 -5.71 2.23 41.17 -4.82 0.71
Pedestrian 0.00 0 -8.29 1103.43 140.75 1171.75 256.05 1.75 0.61 0.75 8.24 1.26 11.37 -7.67 0.27
Car 0.00 0 -7.76 608.95 177.55 629.97 194.43 1.50 1.61 3.78 0.89 1.95 67.02 -7.75 0.24
Car 0.00 0 -4.38 485.69 179.05 523.25 200.01 1.60 1.70 4.36 -8.55 2.12 58.66 -4.53 0.21
Pedestrian 0.00 0 -3.59 692.13 170.60 706.17 206.11 2.01 0.57 0.61 5.05 1.88 41.18 -3.47 0.16
Pedestrian 0.00 0 -3.89 1184.47 149.49 1241.00 256.40 1.59 0.54 0.57 9.22 1.24 11.01 -3.20 0.15
Car 0.00 0 -4.66 528.49 179.16 549.25 198.42 1.53 1.55 3.79 -5.96 2.08 60.51 -4.76 0.15
Cyclist 0.00 0 -6.64 427.88 178.74 459.79 212.50 1.86 0.66 1.62 -9.39 2.19 40.62 -6.86 0.15
Pedestrian 0.00 0 -8.19 739.05 166.40 759.99 211.91 1.93 0.70 0.67 5.95 1.66 30.99 -8.00 0.13
Car 0.00 0 -7.84 471.48 179.63 495.06 203.78 1.70 1.67 3.85 -9.46 2.22 53.86 -8.02 0.13
Car 0.00 0 -4.57 579.83 179.43 605.95 197.76 1.44 1.65 3.78 -1.42 2.01 60.05 -4.59 0.12
Pedestrian 0.00 0 -3.95 823.33 176.98 851.35 229.96 1.60 0.57 0.59 6.95 1.73 22.22 -3.65 0.11
Pedestrian 0.00 0 -4.58 286.56 165.67 324.68 254.96 1.87 0.65 0.84 -6.62 1.72 15.59 -4.98 0.10
Cyclist 0.00 0 -4.53 417.78 183.72 435.90 217.86 1.69 0.63 1.56 -9.42 2.26 37.00 -4.78 0.10
