Car 0.00 0 -4.51 282.22 188.17 424.24 292.06 1.39 1.52 3.67 -4.18 1.69 12.11 -4.85 0.90
Car 0.00 0 -3.63 619.45 173.05 703.28 202.38 1.63 1.67 4.60 2.96 1.64 41.85 -3.56 0.69
Car 0.00 0 -3.72 490.85 178.44 577.07 208.74 1.49 1.68 4.33 -4.03 1.80 38.28 -3.82 0.67
Pedestrian 0.00 0 -8.05 749.21 165.17 786.82 238.12 1.79 0.75 0.96 3.91 1.60 18.15 -7.84 0.64
Car 0.00 0 -4.83 374.47 183.23 438.32 233.31 1.41 1.55 3.71 -6.66 1.78 23.21 -5.10 0.54
Cyclist 0.00 0 -3.47 521.26 170.67 562.40 216.58 1.79 0.57 1.52 -2.75 1.70 28.65 -3.57 0.43
Pedestrian 0.00 0 -7.96 945.55 146.30 989.24 252.60 1.87 0.61 0.96 6.49 1.40 13.23 -7.51 0.23
Cyclist 0.00 0 -8.04 794.94 166.16 825.22 233.48 1.72 0.48 1.64 5.27 1.55 19.25 -7.77 0.20
Pedestrian 0.00 0 -5.62 27.17 162.23 92.33 276.18 1.89 0.69 0.58 -9.41 1.71 12.29 -6.27 0.18
Car 0.00 0 -2.77 400.34 180.36 485.74 211.48 1.47 1.59 3.78 -8.23 1.85 35.55 -3.00 0.16
Car 0.00 0 -3.74 203.09 179.05 252.21 197.23 1.44 1.51 3.36 -31.97 1.98 60.36 -4.22 0.16
Pedestrian 0.00 0 -4.87 965.10 156.94 999.15 234.08 1.85 0.62 0.85 9.12 1.47 17.80 -4.40 0.16
Pedestrian 0.00 0 -4.14 1022.04 141.73 1079.35 235.58 1.91 0.62 0.95 9.22 1.28 15.18 -3.60 0.16
Car 0.00 0 -4.76 597.17 177.06 620.94 197.59 1.48 1.60 3.79 -0.13 1.81 54.68 -4.77 0.12
Pedestrian 0.00 0 -5.90 699.58 171.70 710.35 194.51 1.83 0.54 0.71 7.64 1.74 58.22 -5.77 0.11
Car 0.00 0 -4.91 673.51 175.04 710.27 199.94 1.55 1.60 4.21 5.29 1.70 47.32 -4.80 0.10
