Pedestrian 0.00 0 -6.31 696.88 151.66 775.64 301.48 1.82 0.73 0.95 1.61 1.47 9.02 -6.13 0.85
Cyclist 0.00 0 -4.08 31.61 158.68 138.16 268.10 1.87 0.70 1.70 -9.48 1.50 12.91 -4.71 0.28
Pedestrian 0.00 0 -4.25 0.00 174.66 51.26 259.14 1.64 0.64 0.78 -11.73 1.53 14.18 -4.94 0.23
Pedestrian 0.00 0 -5.14 976.77 211.74 1080.08 369.00 1.27 0.41 0.71 3.13 1.53 5.36 -4.61 0.21
Car 0.00 0 -6.21 657.34 155.26 721.94 182.09 1.49 1.59 3.54 4.84 0.09 40.29 -6.09 0.19
Pedestrian 0.00 0 -4.89 684.63 165.34 720.91 251.72 1.72 0.61 0.77 1.96 1.42 14.50 -4.76 0.16
Cyclist 0.00 0 -7.96 955.10 167.87 1011.12 277.81 1.60 0.58 1.84 5.93 1.42 11.24 -7.48 0.14
Pedestrian 0.00 0 -1.76 63.29 173.55 91.06 229.46 1.58 0.52 0.67 -15.30 1.39 20.45 -2.41 0.14
Pedestrian 0.00 0 -5.11 640.83 172.01 688.31 262.79 1.60 0.61 0.78 1.04 1.45 12.93 -5.03 0.14
Pedestrian 0.00 0 -4.18 744.66 165.07 791.81 254.99 1.74 0.55 0.89 3.25 1.45 14.22 -3.96 0.12
Car 0.00 0 -9.00 1101.95 192.84 1223.00 369.00 1.49 1.54 3.15 5.00 1.59 4.22 -8.13 0.12
Car 0.00 0 -3.05 583.28 171.25 691.01 210.22 1.54 1.68 4.30 1.34 1.18 29.12 -3.01 0.12
Pedestrian 0.00 0 -8.17 836.86 168.17 870.58 235.06 1.65 0.60 0.74 6.22 1.35 17.81 -7.84 0.11
Pedestrian 0.00 0 -4.02 1174.16 169.62 1223.00 264.08 1.55 0.62 0.58 10.15 1.38 11.98 -3.32 0.10
Pedestrian 0.00 0 -4.69 775.43 162.43 813.53 265.31 1.74 0.63 0.79 3.29 1.44 12.42 -4.43 0.10
