Car 0.00 0 -7.63 393.24 185.60 482.15 244.07 1.43 1.61 3.40 -4.52 1.45 19.36 -7.86 0.97
Car 0.00 0 -7.41 50.91 196.85 375.13 366.35 1.40 1.59 3.94 -4.11 1.57 8.20 -7.87 0.94
Car 0.00 0 -7.72 457.80 181.77 510.46 219.95 1.45 1.58 4.25 -5.04 1.32 29.53 -7.89 0.94
Car 0.00 0 -7.11 0.00 189.15 95.67 356.50 1.49 1.65 3.95 -8.31 1.55 8.51 -7.88 0.93
Car 0.00 0 -7.60 345.34 179.34 416.93 222.51 1.55 1.65 4.11 -8.73 1.34 27.88 -7.90 0.92
Car 0.00 0 -7.85 578.11 177.63 609.92 207.29 1.52 1.64 3.39 -0.77 1.14 38.66 -7.87 0.81
Car 0.00 0 -7.74 497.63 180.22 533.16 208.00 1.43 1.51 3.46 -4.96 1.17 38.71 -7.87 0.80
Car 0.00 0 -7.38 182.63 173.54 301.35 227.60 1.70 1.72 4.64 -12.52 1.33 24.90 -7.84 0.74
Car 0.00 0 -4.16 158.03 191.86 313.01 261.37 1.39 1.52 3.54 -8.43 1.56 16.54 -4.63 0.62
Car 0.00 0 -7.73 337.80 181.96 379.35 212.31 1.50 1.59 3.73 -12.99 1.34 37.54 -8.06 0.54
Car 0.00 0 -7.24 0.00 189.69 93.37 271.95 1.45 1.52 3.83 -12.69 1.56 14.87 -7.94 0.32
Car 0.00 0 -7.71 442.02 179.33 475.25 203.95 1.54 1.60 3.87 -9.73 1.18 47.03 -7.92 0.29
Car 0.00 0 -4.06 0.00 184.37 41.80 249.75 1.44 1.58 4.24 -16.57 1.43 18.04 -4.80 0.28
Car 0.00 0 -7.12 688.35 175.06 753.68 203.40 1.56 1.61 3.76 6.53 1.00 41.46 -6.96 0.26
Car 0.00 0 -4.63 405.43 181.73 445.10 213.60 1.45 1.56 4.07 -8.84 1.30 34.92 -4.88 0.26
Car 0.00 0 -4.73 506.21 179.69 533.26 204.56 1.49 1.61 4.33 -5.61 1.16 45.33 -4.85 0.22
Pedestrian 0.00 0 -5.24 1045.00 249.77 1202.68 375.00 1.26 0.42 0.62 2.66 1.63 3.83 -4.64 0.21
Car 0.00 0 -4.36 259.94 182.95 319.76 214.21 1.55 1.62 3.89 -16.55 1.43 37.54 -4.78 0.19
Pedestrian 0.00 0 -3.73 734.73 183.26 798.35 294.69 1.59 0.56 0.73 2.29 1.56 10.64 -3.52 0.19
Car 0.00 0 -4.87 613.52 176.51 641.97 197.89 1.62 1.61 4.18 1.52 0.96 56.58 -4.84 0.16
Pedestrian 0.00 0 -8.24 748.01 173.92 769.60 220.89 1.76 0.62 0.59 5.70 1.34 27.31 -8.04 0.15
Pedestrian 0.00 0 -6.55 1028.20 158.76 1094.50 285.98 1.77 0.60 0.67 6.48 1.40 10.38 -5.99 0.11
