Car 0.00 0 -6.45 756.10 178.51 1042.79 274.69 1.52 1.67 4.49 4.83 1.63 12.79 -6.09 0.96
Car 0.00 0 -3.20 415.46 179.23 567.03 233.96 1.52 1.66 4.31 -3.59 1.72 21.56 -3.36 0.31
Pedestrian 0.00 0 -8.71 903.56 171.46 932.11 223.12 1.75 0.74 0.56 10.54 1.70 24.81 -8.31 0.18
Pedestrian 0.00 0 -6.38 285.46 142.69 398.71 354.81 1.90 0.45 0.97 -2.60 1.63 6.86 -6.75 0.18
Car 0.00 0 -7.84 327.46 183.69 347.00 200.72 1.42 1.60 3.97 -24.56 2.43 64.98 -8.20 0.15
Car 0.00 0 -4.84 340.33 183.96 380.83 213.46 1.42 1.56 3.61 -13.28 2.04 38.19 -5.18 0.14
Cyclist 0.00 0 -2.92 411.79 174.58 437.75 201.56 1.92 0.65 1.70 -13.32 2.05 51.79 -3.17 0.13
Car 0.00 0 -7.76 874.42 177.70 953.59 239.64 1.51 1.65 3.99 8.49 1.66 20.09 -7.36 0.12
Pedestrian 0.00 0 -3.77 340.33 146.11 438.28 313.19 1.94 0.62 0.99 -2.79 1.63 8.98 -4.07 0.12
Car 0.00 0 -4.59 521.07 179.64 573.61 221.36 1.47 1.56 4.14 -2.42 1.76 28.26 -4.68 0.12
Pedestrian 0.00 0 -8.32 904.49 174.46 949.62 259.71 1.57 0.67 0.39 5.88 1.60 13.51 -7.91 0.12
Car 0.00 0 -7.93 540.88 177.41 569.70 201.26 1.46 1.57 3.97 -3.64 1.77 47.14 -8.01 0.12
Car 0.00 0 -3.93 0.00 206.73 289.64 374.00 1.61 1.59 3.58 -3.00 1.83 3.04 -4.71 0.11
Pedestrian 0.00 0 -3.06 967.10 165.68 981.41 201.89 1.84 0.56 0.61 18.67 1.48 37.05 -2.59 0.11
Car 0.00 0 -2.67 236.10 185.25 284.80 202.46 1.55 1.67 3.72 -32.43 2.71 66.96 -3.12 0.11
Car 0.00 0 -7.76 0.00 179.25 42.89 213.56 1.45 1.61 3.99 -27.42 1.76 33.30 -8.45 0.10
