Car 0.00 0 -4.24 93.11 185.26 389.86 339.36 1.53 1.68 4.36 -4.58 1.74 9.73 -4.68 0.96
Car 0.00 0 -3.98 0.00 206.43 226.47 374.00 1.51 1.67 3.92 -4.63 1.84 5.10 -4.72 0.96
Car 0.00 0 -7.99 731.70 175.75 809.21 231.87 1.40 1.59 3.95 4.35 1.49 20.27 -7.77 0.89
Car 0.00 0 -8.10 755.79 159.18 915.03 268.18 1.74 1.74 4.73 4.04 1.52 13.92 -7.82 0.87
Car 0.00 0 -4.46 521.13 172.15 573.65 204.08 1.52 1.66 4.08 -3.13 1.48 36.42 -4.54 0.86
Car 0.00 0 -8.07 708.48 170.02 775.24 215.66 1.54 1.61 3.60 4.65 1.44 26.11 -7.90 0.84
Car 0.00 0 -7.63 586.92 170.23 614.36 189.06 1.61 1.65 3.59 -0.81 1.38 63.47 -7.64 0.50
Car 0.00 0 -7.96 703.53 171.50 748.88 207.05 1.44 1.55 3.69 4.92 1.39 31.18 -7.80 0.48
Car 0.00 0 -5.99 462.48 168.18 526.35 193.81 1.61 1.66 3.75 -7.46 1.32 46.54 -6.15 0.41
Car 0.00 0 -8.03 691.75 169.20 736.57 199.96 1.49 1.60 3.86 5.22 1.31 36.81 -7.89 0.38
Car 0.00 0 -4.49 544.38 172.55 584.39 198.98 1.48 1.53 3.84 -2.66 1.46 42.33 -4.55 0.36
Car 0.00 0 -7.84 692.76 165.98 723.75 195.98 1.64 1.69 4.25 5.66 1.27 41.71 -7.71 0.30
Pedestrian 0.00 0 -4.73 983.79 157.31 1011.77 230.29 1.75 0.59 0.84 9.52 1.38 17.83 -4.24 0.21
Car 0.00 0 -4.41 510.98 161.61 548.11 183.63 1.58 1.68 3.96 -6.01 0.78 54.04 -4.53 0.20
Cyclist 0.00 0 -5.12 923.82 160.89 954.84 205.15 1.62 0.47 1.57 12.39 1.19 27.27 -4.70 0.19
Car 0.00 0 -8.00 890.70 163.94 923.83 188.73 1.69 1.61 3.98 21.10 1.08 51.41 -7.61 0.16
Car 0.00 0 -6.01 499.93 159.63 555.05 178.57 1.57 1.66 4.33 -6.96 0.47 60.81 -6.12 0.14
Pedestrian 0.00 0 -7.74 0.00 170.82 28.97 247.74 1.77 0.70 0.67 -14.26 1.72 17.03 -8.43 0.13
Pedestrian 0.00 0 -3.71 1130.04 144.89 1162.99 197.82 1.80 0.66 0.66 18.42 0.85 24.84 -3.07 0.13
Pedestrian 0.00 0 -4.44 997.09 155.29 1026.99 214.98 1.94 0.72 0.64 13.29 1.37 23.94 -3.93 0.12
Pedestrian 0.00 0 -4.04 142.92 165.37 194.87 242.23 1.81 0.62 0.94 -10.71 1.63 17.46 -4.59 0.12
Pedestrian 0.00 0 -3.36 1113.55 147.90 1144.03 218.76 1.88 0.59 0.56 14.01 1.22 19.55 -2.74 0.12
Pedestrian 0.00 0 -8.03 452.79 177.69 468.21 209.84 1.47 0.61 0.54 -6.97 1.70 33.44 -8.24 0.12
Pedestrian 0.00 0 -8.04 874.86 156.02 898.22 205.97 1.81 0.66 0.81 10.14 1.20 26.59 -7.68 0.11
Pedestrian 0.00 0 -3.96 974.60 150.52 992.27 193.49 1.83 0.53 0.42 15.99 0.88 30.99 -3.49 0.10
