Car 0.00 0 -4.58 518.76 177.97 569.36 217.45 1.56 1.63 4.07 -2.81 1.79 31.03 -4.67 0.92
Car 0.00 0 -7.82 561.87 173.66 582.23 192.36 1.55 1.62 3.53 -3.25 1.62 61.75 -7.87 0.28
Pedestrian 0.00 0 -5.22 1210.92 120.34 1241.00 374.00 1.85 0.68 0.99 5.26 1.49 5.57 -4.46 0.25
Cyclist 0.00 0 -7.84 692.00 171.88 701.52 203.84 1.69 0.49 1.66 4.66 1.64 38.97 -7.72 0.19
Pedestrian 0.00 0 -6.04 510.20 172.87 524.77 203.18 1.78 0.58 0.74 -5.51 1.78 42.74 -6.17 0.15
Cyclist 0.00 0 -7.46 503.29 177.22 520.64 204.54 1.61 0.47 1.58 -5.94 1.88 43.54 -7.60 0.13
Pedestrian 0.00 0 -6.18 480.72 176.37 492.85 215.33 1.72 0.55 0.48 -5.54 1.88 32.21 -6.35 0.12
Pedestrian 0.00 0 -4.64 1038.31 131.30 1157.71 374.00 1.92 0.68 1.09 3.66 1.64 5.47 -4.05 0.12
Car 0.00 0 -4.96 491.36 173.26 526.51 197.39 1.63 1.56 3.83 -7.19 1.66 50.89 -5.10 0.12
Car 0.00 0 -4.28 501.04 172.66 541.96 195.24 1.71 1.64 4.06 -6.93 1.69 56.67 -4.40 0.11
Pedestrian 0.00 0 -7.14 1198.33 98.71 1241.00 174.11 1.81 0.66 0.63 14.97 0.03 17.70 -6.43 0.10
