Pedestrian 0.00 0 -4.41 431.32 161.17 474.49 246.64 1.79 0.68 0.88 -3.23 1.37 15.51 -4.62 0.81
Pedestrian 0.00 0 -4.69 686.25 153.29 716.76 238.43 1.85 0.66 0.97 2.22 1.24 16.12 -4.56 0.75
Pedestrian 0.00 0 -4.80 656.28 154.88 687.72 238.93 1.82 0.62 0.89 1.53 1.24 16.00 -4.70 0.72
Cyclist 0.00 0 -4.45 593.67 161.94 618.67 206.79 1.72 0.55 1.79 0.18 0.97 28.52 -4.44 0.69
Pedestrian 0.00 0 -3.59 732.45 157.63 754.80 202.21 1.81 0.59 0.72 5.84 0.84 29.58 -3.39 0.55
Cyclist 0.00 0 -5.19 579.25 163.98 604.52 199.03 1.73 0.54 1.73 -0.50 0.87 36.31 -5.20 0.48
Pedestrian 0.00 0 -4.72 722.01 154.66 739.41 202.70 1.86 0.66 0.82 5.05 0.82 28.22 -4.54 0.46
Cyclist 0.00 0 -8.13 404.97 162.63 431.82 211.19 1.75 0.50 1.79 -6.84 1.07 26.71 -8.38 0.44
Cyclist 0.00 0 -7.03 703.11 160.69 762.81 215.78 1.62 0.63 1.85 3.99 1.01 21.87 -6.85 0.43
Pedestrian 0.00 0 -4.86 529.67 160.48 546.00 201.95 1.80 0.58 0.92 -2.83 0.89 31.71 -4.95 0.42
Pedestrian 0.00 0 -5.41 1132.48 173.48 1237.00 373.00 1.53 0.63 0.66 3.76 1.49 4.40 -4.70 0.41
Cyclist 0.00 0 -5.23 556.46 161.24 584.35 199.04 1.80 0.59 1.73 -1.54 0.84 35.10 -5.27 0.39
Pedestrian 0.00 0 -8.10 161.88 164.37 246.77 323.63 1.73 0.68 0.83 -4.67 1.55 8.36 -8.61 0.39
Pedestrian 0.00 0 -3.36 109.61 160.75 210.44 338.37 1.73 0.57 0.79 -4.65 1.53 7.49 -3.91 0.38
Car 0.00 0 -6.58 772.05 153.00 902.03 203.65 1.60 1.66 3.72 7.62 0.70 23.55 -6.26 0.32
Pedestrian 0.00 0 -3.81 370.26 163.80 400.44 220.43 1.80 0.60 0.72 -7.02 1.24 23.24 -4.10 0.32
Car 0.00 0 -4.51 456.52 171.46 504.27 202.60 1.49 1.61 4.17 -6.10 1.01 36.57 -4.68 0.32
Car 0.00 0 -4.66 576.37 167.90 599.85 189.68 1.60 1.59 3.77 -0.96 0.60 54.66 -4.68 0.30
Cyclist 0.00 0 -8.07 783.83 146.16 886.43 361.68 1.76 0.54 1.70 2.08 1.47 6.74 -7.77 0.30
Pedestrian 0.00 0 -6.75 800.93 167.23 949.24 373.00 1.60 0.62 0.81 1.91 1.51 5.22 -6.40 0.29
Pedestrian 0.00 0 -7.82 61.06 164.44 91.99 229.97 1.78 0.67 0.93 -14.73 1.32 20.13 -8.45 0.28
Pedestrian 0.00 0 -5.52 229.00 176.33 244.74 209.27 1.74 0.52 0.54 -19.46 1.47 38.34 -5.99 0.25
Pedestrian 0.00 0 -7.75 705.01 160.53 721.26 199.82 1.75 0.66 0.73 5.04 0.82 32.46 -7.60 0.24
Pedestrian 0.00 0 -8.39 898.22 152.97 979.02 286.03 1.65 0.69 0.68 4.29 1.30 9.28 -7.95 0.22
Pedestrian 0.00 0 -7.70 893.14 175.60 1076.54 373.00 1.55 0.70 0.66 1.83 1.53 3.50 -7.22 0.21
Car 0.00 0 -2.81 316.41 167.52 379.51 189.36 1.67 1.70 4.31 -19.66 0.60 55.88 -3.14 0.18
Cyclist 0.00 0 -7.22 284.91 175.37 372.70 278.96 1.62 0.51 1.64 -4.58 1.52 12.06 -7.59 0.18
Pedestrian 0.00 0 -4.82 388.60 186.82 410.90 245.65 1.30 0.42 0.60 -4.61 1.42 16.26 -5.10 0.18
Pedestrian 0.00 0 -8.05 207.55 167.83 228.00 218.81 1.70 0.55 0.38 -12.99 1.25 24.28 -8.54 0.18
Pedestrian 0.00 0 -4.56 333.42 159.42 354.86 209.48 1.83 0.63 0.88 -9.61 1.03 26.79 -4.91 0.17
Pedestrian 0.00 0 -4.72 424.93 156.74 447.43 218.77 1.91 0.68 0.97 -5.24 1.15 22.63 -4.95 0.16
Pedestrian 0.00 0 -6.42 220.06 175.83 229.65 205.00 1.78 0.51 0.46 -23.18 1.44 44.22 -6.90 0.16
Car 0.00 0 -4.84 470.04 171.10 500.13 195.38 1.66 1.64 3.86 -8.31 0.95 51.20 -5.00 0.16
Pedestrian 0.00 0 -5.24 1205.16 146.19 1237.00 309.88 1.66 0.58 0.66 6.94 1.31 7.68 -4.50 0.14
Pedestrian 0.00 0 -8.20 457.60 159.48 478.16 199.60 1.80 0.67 0.87 -6.11 0.81 32.80 -8.38 0.14
Pedestrian 0.00 0 -8.43 784.90 153.41 866.84 295.30 1.70 0.68 0.76 2.77 1.36 9.06 -8.14 0.14
Pedestrian 0.00 0 -5.03 941.63 136.38 1001.48 248.28 1.84 0.65 0.92 6.28 1.10 12.31 -4.56 0.13
Cyclist 0.00 0 -4.65 467.52 165.17 487.25 220.93 1.69 0.52 1.46 -3.90 1.19 22.48 -4.82 0.12
Pedestrian 0.00 0 -7.67 400.17 173.20 425.55 226.45 1.53 0.59 0.72 -5.52 1.29 20.95 -7.93 0.12
Cyclist 0.00 0 -8.15 415.50 172.58 451.34 235.81 1.60 0.51 1.49 -4.49 1.38 19.01 -8.38 0.11
Car 0.00 0 -2.60 499.77 169.96 563.67 194.76 1.57 1.66 3.86 -4.56 0.84 47.03 -2.69 0.11
Pedestrian 0.00 0 -3.57 650.33 167.15 661.02 186.37 1.81 0.55 0.86 5.19 0.46 68.19 -3.50 0.11
Pedestrian 0.00 0 -2.75 744.40 155.96 770.70 205.81 1.80 0.55 0.80 5.72 0.88 26.43 -2.54 0.11
Pedestrian 0.00 0 -7.02 173.50 158.05 208.33 222.05 1.92 0.59 0.71 -12.59 1.22 21.99 -7.54 0.11
Pedestrian 0.00 0 -4.45 122.26 166.12 162.89 247.72 1.79 0.60 0.74 -10.38 1.45 16.20 -5.02 0.11
Pedestrian 0.00 0 -3.96 412.00 167.43 432.80 215.13 1.67 0.51 0.51 -6.39 1.18 25.55 -4.20 0.11
Pedestrian 0.00 0 -3.57 735.38 155.06 760.02 203.21 1.81 0.58 0.74 5.54 0.82 27.34 -3.37 0.11
Car 0.00 0 -7.94 530.64 171.50 566.75 200.16 1.42 1.54 3.70 -2.80 0.92 37.51 -8.02 0.11
Pedestrian 0.00 0 -4.95 757.59 162.01 777.15 205.23 1.67 0.59 0.72 6.46 0.92 28.08 -4.73 0.10
Car 0.00 0 -4.70 489.57 168.41 525.94 202.54 1.48 1.57 3.76 -4.32 0.92 33.17 -4.83 0.10
