Car 0.00 0 -8.22 748.92 191.68 1001.90 353.01 1.45 1.59 3.66 2.86 1.73 8.77 -7.90 0.97
Car 0.00 0 -4.51 377.59 184.41 494.80 264.04 1.39 1.59 4.21 -3.56 1.66 15.30 -4.74 0.92
Car 0.00 0 -4.85 657.79 183.47 725.30 232.79 1.44 1.67 4.06 2.58 1.83 24.04 -4.74 0.89
Car 0.00 0 -7.04 0.00 206.59 243.15 374.00 1.51 1.59 3.80 -3.18 1.73 2.79 -7.89 0.85
Car 0.00 0 -4.53 465.05 174.13 535.36 229.77 1.65 1.58 3.73 -3.51 1.70 23.38 -4.68 0.82
Car 0.00 0 -4.56 510.83 172.05 558.23 213.21 1.75 1.55 4.04 -3.40 1.72 32.79 -4.66 0.81
Car 0.00 0 -7.95 647.40 178.85 691.14 215.73 1.55 1.62 3.69 2.60 1.84 32.86 -7.87 0.60
Cyclist 0.00 0 -4.31 104.82 170.84 202.32 294.95 1.70 0.56 1.85 -6.83 1.67 10.82 -4.87 0.57
Car 0.00 0 -4.65 537.23 176.68 565.61 202.63 1.50 1.53 3.57 -3.58 1.75 44.12 -4.74 0.54
Pedestrian 0.00 0 -7.80 83.23 172.20 103.42 219.11 1.80 0.62 0.41 -20.10 1.78 28.02 -8.42 0.45
Cyclist 0.00 0 -8.24 927.59 171.07 1000.66 283.16 1.76 0.52 1.66 5.89 1.74 12.20 -7.79 0.20
Pedestrian 0.00 0 -5.62 81.48 164.66 141.86 275.45 1.77 0.67 0.51 -8.24 1.64 11.86 -6.23 0.20
Car 0.00 0 -4.83 633.90 178.18 669.09 205.90 1.54 1.61 4.04 2.39 1.88 43.04 -4.78 0.20
Pedestrian 0.00 0 -3.56 793.86 166.33 815.97 213.05 2.05 0.67 0.74 8.60 1.76 31.98 -3.30 0.16
Pedestrian 0.00 0 -4.24 334.42 162.90 360.23 215.22 1.96 0.73 0.60 -9.99 1.59 27.34 -4.59 0.15
Pedestrian 0.00 0 -4.51 135.39 158.38 190.19 269.41 1.86 0.66 0.82 -7.84 1.62 12.59 -5.06 0.13
Pedestrian 0.00 0 -4.68 768.94 163.42 786.66 214.60 1.99 0.65 0.82 6.60 1.62 28.53 -4.45 0.13
Pedestrian 0.00 0 -6.94 351.88 181.08 381.76 236.87 1.48 0.56 0.54 -6.68 1.71 19.69 -7.27 0.12
Pedestrian 0.00 0 -5.82 198.70 174.50 218.00 232.84 1.73 0.51 0.31 -12.13 1.78 21.70 -6.33 0.12
Pedestrian 0.00 0 -8.22 458.60 165.19 477.48 205.59 1.99 0.68 0.81 -7.12 1.61 35.99 -8.42 0.10
