Car 0.00 0 -8.05 773.01 177.10 921.93 285.59 1.51 1.62 3.81 3.75 1.59 12.17 -7.75 0.97
Car 0.00 0 -4.27 173.16 194.70 439.78 338.77 1.49 1.69 4.52 -4.06 1.88 10.48 -4.64 0.95
Car 0.00 0 -7.93 760.29 175.65 824.72 230.96 1.54 1.63 3.76 5.49 1.63 22.22 -7.69 0.88
Car 0.00 0 -4.45 650.60 173.03 689.86 197.75 1.66 1.71 4.20 4.25 1.67 50.70 -4.36 0.73
Car 0.00 0 -4.75 751.52 176.44 798.89 218.97 1.52 1.62 4.09 6.36 1.67 28.26 -4.53 0.69
Cyclist 0.00 0 -7.81 740.24 169.16 752.50 204.56 1.84 0.56 1.81 7.22 1.64 38.35 -7.62 0.52
Cyclist 0.00 0 -7.66 745.09 171.34 762.41 202.29 1.73 0.62 1.87 8.18 1.64 41.19 -7.46 0.45
Car 0.00 0 -4.67 851.15 176.95 889.01 209.81 1.41 1.52 3.39 12.00 1.61 33.30 -4.33 0.35
Pedestrian 0.00 0 -4.53 18.13 174.77 89.79 319.31 1.86 0.64 0.79 -7.57 1.89 9.79 -5.18 0.27
Car 0.00 0 -4.40 679.09 172.98 713.36 193.97 1.62 1.59 3.94 6.92 1.63 57.81 -4.28 0.24
Pedestrian 0.00 0 -5.75 0.00 187.87 44.30 332.33 1.72 0.64 0.47 -7.60 1.92 9.03 -6.45 0.22
Pedestrian 0.00 0 -5.81 928.68 168.64 965.66 233.06 1.65 0.54 0.71 8.82 1.55 18.97 -5.37 0.16
Pedestrian 0.00 0 -2.99 862.20 143.69 954.89 305.41 1.90 0.56 0.99 3.66 1.56 8.97 -2.60 0.16
Pedestrian 0.00 0 -8.04 961.34 156.17 992.97 228.36 1.91 0.63 0.80 9.87 1.47 19.51 -7.57 0.14
Cyclist 0.00 0 -8.08 1223.27 126.22 1241.00 176.63 1.71 0.43 1.83 22.02 0.13 25.33 -7.37 0.14
Car 0.00 0 -7.52 437.47 180.78 510.77 223.18 1.61 1.77 4.17 -5.66 1.97 30.37 -7.71 0.12
Pedestrian 0.00 0 -3.85 951.70 161.20 968.91 204.14 1.83 0.57 0.39 15.01 1.33 31.01 -3.40 0.12
Car 0.00 0 -7.98 858.92 177.74 925.35 223.86 1.45 1.61 4.27 9.77 1.63 25.36 -7.62 0.12
Car 0.00 0 -4.95 827.23 169.92 873.42 198.76 1.61 1.72 3.81 13.95 1.44 42.17 -4.63 0.11
Pedestrian 0.00 0 -8.20 989.53 151.44 1006.98 184.54 1.79 0.69 0.54 21.10 0.63 39.28 -7.71 0.11
Pedestrian 0.00 0 -4.29 775.27 164.48 789.61 194.96 1.90 0.58 0.86 10.82 1.38 45.42 -4.06 0.11
Cyclist 0.00 0 -4.40 825.88 168.19 848.30 207.42 1.77 0.51 1.65 10.46 1.56 33.34 -4.10 0.11
Pedestrian 0.00 0 -4.56 937.46 165.91 963.36 224.75 1.73 0.61 0.67 10.16 1.52 21.63 -4.12 0.10
