Cyclist 0.00 0 -8.34 836.63 157.28 864.13 197.32 1.65 0.40 1.61 10.38 0.70 30.02 -8.00 0.54
Car 0.00 0 -7.70 556.39 168.78 580.17 184.94 1.40 1.58 3.77 -3.24 0.39 63.39 -7.75 0.47
Cyclist 0.00 0 -7.97 1082.92 136.15 1118.68 219.92 1.68 0.43 1.64 10.47 0.79 15.01 -7.36 0.38
Cyclist 0.00 0 -5.12 711.06 167.28 738.72 212.90 1.60 0.45 1.45 4.29 1.14 25.54 -4.95 0.29
Cyclist 0.00 0 -5.40 894.42 165.51 1072.16 367.42 1.65 0.56 1.60 3.39 1.52 6.60 -4.93 0.28
Pedestrian 0.00 0 -5.23 978.62 72.17 1223.00 369.00 2.02 0.72 1.06 2.33 1.59 3.37 -4.62 0.27
Pedestrian 0.00 0 -4.49 774.04 171.65 807.84 252.03 1.57 0.51 0.72 3.70 1.40 14.21 -4.24 0.25
Car 0.00 0 -4.68 726.24 163.71 772.28 207.80 1.57 1.61 3.97 5.58 0.97 27.22 -4.48 0.18
Car 0.00 0 -4.89 828.37 158.93 855.86 178.57 1.64 1.61 3.78 20.59 -0.17 61.44 -4.57 0.16
Pedestrian 0.00 0 -3.23 750.68 161.76 790.89 238.21 1.77 0.60 0.87 3.87 1.34 16.69 -3.00 0.11
