Car 0.00 0 -7.84 593.45 173.23 624.32 204.30 1.70 1.70 4.35 -0.06 1.73 41.82 -7.84 0.71
Car 0.00 0 -7.66 407.57 178.28 467.59 220.01 1.51 1.61 3.86 -6.78 1.74 28.52 -7.90 0.44
Car 0.00 0 -2.38 177.53 181.96 234.89 201.15 1.55 1.70 4.20 -34.04 2.33 60.81 -2.89 0.30
Car 0.00 0 -7.84 192.18 185.08 214.25 203.13 1.47 1.64 4.09 -36.07 2.59 64.01 -8.35 0.28
Car 0.00 0 -4.44 326.44 179.06 422.76 238.99 1.54 1.66 3.97 -6.77 1.74 21.02 -4.76 0.26
Pedestrian 0.00 0 -7.79 1010.30 149.04 1026.33 194.28 1.93 0.58 0.41 17.57 0.91 31.13 -7.28 0.25
Pedestrian 0.00 0 -3.86 1161.31 153.22 1189.59 198.85 1.89 0.65 0.67 23.67 1.08 30.26 -3.19 0.25
Pedestrian 0.00 0 -3.89 1214.19 134.69 1241.00 236.59 1.82 0.64 0.72 11.66 1.14 13.23 -3.16 0.21
Pedestrian 0.00 0 -3.20 874.69 137.79 985.22 324.27 1.83 0.48 1.01 3.23 1.48 7.46 -2.79 0.17
Car 0.00 0 -4.71 683.74 174.11 708.04 199.20 1.64 1.59 3.79 5.84 1.73 49.35 -4.60 0.17
Car 0.00 0 -2.91 397.32 178.68 493.99 212.28 1.58 1.70 4.32 -7.99 1.87 35.15 -3.13 0.15
Car 0.00 0 -4.50 89.44 185.06 126.69 205.85 1.51 1.62 4.06 -39.83 2.52 57.30 -5.11 0.15
Cyclist 0.00 0 -7.16 495.80 176.83 518.20 205.51 1.63 0.47 1.45 -6.01 1.86 41.88 -7.30 0.13
Car 0.00 0 -7.69 459.06 178.51 501.12 209.49 1.53 1.58 3.80 -6.87 1.85 38.28 -7.86 0.13
Car 0.00 0 -4.92 723.15 172.94 758.90 198.87 1.69 1.61 3.98 8.84 1.70 49.09 -4.74 0.10
