Car 0.00 0 -7.86 589.49 174.16 619.56 202.84 1.52 1.60 4.16 -0.35 1.60 40.49 -7.87 0.89
Car 0.00 0 -8.13 750.49 167.40 794.97 199.28 1.73 1.62 3.33 9.15 1.44 40.95 -7.91 0.35
Car 0.00 0 -7.64 543.55 177.03 590.91 208.86 1.44 1.59 3.47 -2.06 1.65 34.93 -7.70 0.34
Pedestrian 0.00 0 -3.71 729.39 167.54 741.16 191.45 1.79 0.64 0.63 9.41 1.39 54.33 -3.53 0.18
Cyclist 0.00 0 -8.45 1057.83 142.11 1164.19 244.45 1.89 0.78 1.92 9.78 1.32 14.26 -7.85 0.17
Pedestrian 0.00 0 -3.93 991.98 151.39 1011.32 186.82 1.91 0.61 0.70 21.30 0.75 39.31 -3.43 0.17
Pedestrian 0.00 0 -8.34 765.37 164.33 786.73 203.15 1.82 0.66 0.86 7.88 1.42 34.41 -8.12 0.16
Pedestrian 0.00 0 -6.31 757.40 169.91 772.47 203.96 1.73 0.65 0.74 7.92 1.58 37.09 -6.10 0.13
Car 0.00 0 -8.91 1018.65 158.60 1101.60 183.37 1.53 1.65 4.30 29.02 0.65 46.71 -8.36 0.12
Pedestrian 0.00 0 -3.63 697.14 169.27 706.95 197.05 1.77 0.59 0.39 5.87 1.54 46.28 -3.51 0.12
Cyclist 0.00 0 -5.64 435.52 175.72 476.17 215.96 1.63 0.65 1.57 -6.43 1.75 29.88 -5.85 0.12
Pedestrian 0.00 0 -5.61 997.81 149.38 1034.60 213.60 1.99 0.67 0.76 12.80 1.26 22.82 -5.10 0.11
Pedestrian 0.00 0 -7.40 1019.38 152.93 1041.22 191.50 1.73 0.65 0.61 19.03 0.83 32.74 -6.87 0.11
Pedestrian 0.00 0 -3.36 1076.31 153.03 1092.90 180.04 1.80 0.54 0.83 31.92 0.48 48.58 -2.78 0.10
