Car 0.00 0 -4.31 119.44 200.70 401.94 365.58 1.43 1.56 4.23 -4.04 1.86 9.08 -4.73 0.98
Car 0.00 0 -4.49 389.97 195.42 488.02 263.28 1.34 1.51 3.56 -4.00 1.93 17.20 -4.72 0.97
Car 0.00 0 -7.82 602.19 179.20 633.98 208.85 1.51 1.61 4.39 0.46 1.88 39.90 -7.81 0.82
Car 0.00 0 -4.51 443.18 183.72 518.33 239.03 1.58 1.62 4.03 -4.14 1.97 23.46 -4.69 0.77
Car 0.00 0 -5.25 802.04 142.51 1207.35 374.00 1.80 1.72 4.20 3.60 1.57 7.70 -4.81 0.67
Pedestrian 0.00 0 -5.93 589.03 174.72 607.67 209.00 1.85 0.61 0.86 -0.67 1.95 39.35 -5.94 0.45
Pedestrian 0.00 0 -4.98 684.21 180.74 712.28 232.85 1.63 0.70 0.80 2.78 1.89 23.14 -4.86 0.40
Car 0.00 0 -7.05 0.00 196.22 84.96 334.81 1.50 1.55 3.77 -9.81 1.90 10.37 -7.81 0.31
Car 0.00 0 -4.70 538.03 177.75 564.17 203.74 1.78 1.82 4.55 -4.29 2.15 52.62 -4.78 0.21
Pedestrian 0.00 0 -3.91 30.39 171.67 131.28 323.06 1.80 0.68 0.76 -6.62 1.78 8.99 -4.55 0.19
Pedestrian 0.00 0 -5.60 166.43 173.80 242.42 310.44 1.84 0.66 0.66 -5.72 1.85 10.10 -6.12 0.16
Pedestrian 0.00 0 -6.72 638.45 177.68 652.06 204.40 1.75 0.53 0.75 2.31 2.08 47.85 -6.67 0.15
Pedestrian 0.00 0 -6.40 469.61 172.80 478.95 212.71 1.93 0.51 0.39 -6.66 1.93 35.17 -6.59 0.14
Cyclist 0.00 0 -5.32 758.61 178.11 808.12 238.16 1.68 0.57 1.64 5.04 1.84 21.24 -5.09 0.13
