Car 0.00 0 -8.01 673.53 180.59 751.65 237.38 1.44 1.63 3.68 2.80 1.69 20.72 -7.88 0.98
Car 0.00 0 -8.22 753.11 185.97 1021.28 355.27 1.51 1.65 3.72 2.92 1.70 8.62 -7.89 0.97
Car 0.00 0 -2.58 56.38 174.79 363.31 280.78 1.56 1.64 4.07 -6.33 1.59 11.59 -3.08 0.96
Car 0.00 0 -5.88 280.22 177.87 456.57 236.70 1.48 1.64 4.15 -6.42 1.62 19.25 -6.20 0.95
Car 0.00 0 -8.65 914.59 206.37 1241.00 374.00 1.49 1.62 3.51 2.91 1.72 3.18 -7.91 0.95
Car 0.00 0 -2.92 344.37 169.58 487.00 222.37 1.69 1.75 4.32 -6.44 1.59 24.09 -3.18 0.91
Car 0.00 0 -5.38 0.00 147.49 77.95 374.00 1.68 1.64 4.31 -6.17 1.55 4.51 -6.32 0.87
Car 0.00 0 -2.37 0.00 170.61 176.75 364.35 1.61 1.64 3.99 -6.64 1.59 6.83 -3.14 0.85
Car 0.00 0 -5.58 0.00 185.35 299.66 317.36 1.45 1.57 3.99 -6.27 1.62 9.07 -6.19 0.83
Car 0.00 0 -7.93 651.68 175.42 697.09 215.11 1.62 1.67 3.98 2.73 1.74 31.73 -7.85 0.82
Car 0.00 0 -2.40 145.03 173.68 364.89 259.14 1.56 1.65 3.88 -7.18 1.58 14.56 -2.86 0.46
Car 0.00 0 -3.04 416.27 176.32 514.32 213.27 1.56 1.65 4.08 -6.34 1.72 31.73 -3.24 0.44
Car 0.00 0 -6.15 403.07 181.75 508.79 217.62 1.37 1.53 3.99 -6.17 1.74 29.00 -6.36 0.41
Car 0.00 0 -7.95 639.46 174.96 669.54 200.43 1.58 1.59 3.67 2.82 1.72 46.90 -7.89 0.38
Pedestrian 0.00 0 -3.09 524.49 174.38 542.35 206.04 1.75 0.60 0.96 -4.30 1.84 40.22 -3.19 0.29
Pedestrian 0.00 0 -8.00 508.63 174.42 521.19 205.50 1.72 0.60 0.70 -5.36 1.81 40.42 -8.13 0.26
Cyclist 0.00 0 -8.64 727.50 175.89 762.22 214.34 1.67 0.55 1.61 5.99 1.81 32.35 -8.46 0.26
Car 0.00 0 -4.71 629.94 174.09 649.39 193.13 1.54 1.58 4.06 2.47 1.65 60.77 -4.67 0.25
Cyclist 0.00 0 -7.01 1219.73 165.14 1241.00 210.39 1.84 0.73 1.66 26.15 1.52 29.64 -6.29 0.16
Pedestrian 0.00 0 -7.56 941.52 160.72 960.43 205.76 1.92 0.62 0.50 14.65 1.40 31.08 -7.12 0.16
Car 0.00 0 -7.74 540.02 174.25 564.90 194.51 1.60 1.60 3.90 -4.70 1.71 59.09 -7.82 0.15
Car 0.00 0 -5.64 386.75 179.87 496.36 221.08 1.42 1.52 3.83 -6.32 1.70 26.87 -5.87 0.14
Pedestrian 0.00 0 -7.85 879.84 162.10 897.91 206.19 1.88 0.72 0.54 12.03 1.43 31.22 -7.48 0.14
Pedestrian 0.00 0 -3.25 1178.52 147.75 1241.00 318.08 1.95 0.67 0.65 7.25 1.66 8.70 -2.56 0.14
Car 0.00 0 -5.67 500.78 178.41 557.71 198.24 1.47 1.67 4.22 -6.34 1.92 56.28 -5.78 0.14
Car 0.00 0 -7.82 512.85 173.02 538.46 199.17 1.80 1.69 3.96 -6.02 1.81 51.59 -7.94 0.12
Pedestrian 0.00 0 -4.32 808.26 167.96 832.98 217.77 1.83 0.61 0.85 7.83 1.65 26.97 -4.04 0.11
Car 0.00 0 -7.61 497.86 176.87 535.71 202.14 1.53 1.55 3.78 -5.97 1.80 46.31 -7.74 0.10
