Car 0.00 0 -8.59 753.92 195.98 1241.00 374.00 1.55 1.65 3.73 2.43 1.76 4.55 -8.10 0.97
Car 0.00 0 -8.26 621.63 197.91 882.79 368.07 1.48 1.64 4.06 1.41 1.87 9.07 -8.10 0.96
Car 0.00 0 -4.55 177.02 207.48 295.15 302.74 1.45 1.52 3.43 -7.25 2.22 14.18 -5.02 0.93
Car 0.00 0 -4.43 0.00 212.53 236.55 374.00 1.47 1.69 4.08 -5.37 2.02 7.79 -5.04 0.92
Car 0.00 0 -8.02 506.34 192.03 591.43 268.09 1.65 1.59 3.68 -1.72 2.19 18.59 -8.11 0.92
Car 0.00 0 -8.11 561.05 199.37 699.71 298.90 1.43 1.63 3.92 0.17 2.01 13.57 -8.09 0.91
Car 0.00 0 -4.63 282.74 191.06 347.54 250.43 1.76 1.73 4.36 -10.25 2.46 25.22 -5.01 0.67
Car 0.00 0 -7.89 470.54 197.49 510.96 236.10 1.40 1.56 3.61 -5.14 2.51 30.61 -8.05 0.63
Car 0.00 0 -4.79 340.64 196.26 369.85 222.97 1.51 1.48 3.24 -16.20 3.05 45.72 -5.13 0.40
Car 0.00 0 -4.61 489.31 197.36 546.89 247.03 1.46 1.61 4.07 -3.18 2.39 25.26 -4.74 0.40
Car 0.00 0 -8.01 449.38 194.34 485.41 222.73 1.48 1.56 3.50 -8.47 2.81 42.50 -8.20 0.39
Cyclist 0.00 0 -6.79 648.30 170.13 685.33 207.79 1.94 0.68 1.84 2.95 1.80 37.93 -6.72 0.38
Car 0.00 0 -7.93 460.84 196.53 498.06 230.69 1.48 1.56 3.55 -6.58 2.73 35.91 -8.11 0.31
Pedestrian 0.00 0 -2.17 269.50 178.52 285.84 217.79 1.92 0.61 0.41 -16.49 2.20 35.71 -2.61 0.30
Pedestrian 0.00 0 -6.26 448.75 193.01 460.12 220.40 1.68 0.61 0.68 -9.76 2.95 45.11 -6.47 0.21
Pedestrian 0.00 0 -8.25 736.90 166.16 759.84 216.49 1.94 0.70 0.61 5.35 1.68 28.13 -8.06 0.21
Cyclist 0.00 0 -2.78 546.71 182.12 577.20 211.63 1.79 0.69 1.76 -3.01 2.37 44.76 -2.85 0.20
Car 0.00 0 -7.31 543.41 180.83 592.07 204.63 1.62 1.67 4.13 -3.07 2.23 52.84 -7.37 0.17
Car 0.00 0 -2.65 359.80 198.86 519.31 264.08 1.55 1.61 3.88 -4.61 2.30 19.43 -2.88 0.14
Pedestrian 0.00 0 -4.91 1022.67 150.86 1060.85 237.50 1.80 0.58 0.69 9.17 1.34 15.42 -4.37 0.13
Car 0.00 0 -7.09 532.29 179.50 582.94 202.48 1.67 1.70 3.88 -4.04 2.21 55.80 -7.17 0.12
Pedestrian 0.00 0 -5.67 525.57 179.42 538.52 206.27 1.92 0.60 0.72 -5.66 2.39 52.14 -5.78 0.12
