Car 0.00 0 -8.18 743.32 183.49 986.16 336.15 1.54 1.66 4.36 3.03 1.71 9.77 -7.88 0.97
Car 0.00 0 -8.03 710.52 179.63 817.80 265.09 1.57 1.59 3.53 3.09 1.73 15.32 -7.83 0.96
Car 0.00 0 -4.44 359.42 192.40 486.82 277.55 1.42 1.54 3.82 -3.74 1.88 14.87 -4.68 0.96
Car 0.00 0 -4.11 0.00 210.94 322.75 374.00 1.47 1.70 4.27 -3.60 1.84 4.81 -4.75 0.94
Car 0.00 0 -8.52 856.01 194.32 1241.00 374.00 1.53 1.66 4.42 2.80 1.71 3.68 -7.87 0.93
Car 0.00 0 -4.37 222.93 198.54 420.78 334.44 1.45 1.48 3.41 -3.85 1.88 10.09 -4.74 0.92
Car 0.00 0 -8.17 637.09 181.26 689.68 213.30 1.51 1.62 3.64 2.64 1.96 36.93 -8.10 0.89
Car 0.00 0 -7.87 782.85 179.62 824.01 218.09 1.45 1.55 3.59 7.92 1.75 29.81 -7.61 0.65
Car 0.00 0 -4.84 594.92 181.60 624.10 205.16 1.57 1.60 3.96 -0.10 2.23 51.77 -4.84 0.58
Car 0.00 0 -6.02 371.02 169.18 425.36 186.89 1.56 1.57 4.40 -18.91 1.24 64.46 -6.30 0.36
Car 0.00 0 -4.97 892.19 174.78 964.55 215.64 1.47 1.60 4.05 12.34 1.55 28.30 -4.56 0.33
Car 0.00 0 -3.82 552.26 181.19 596.16 199.92 1.64 1.63 3.90 -3.30 2.43 66.64 -3.87 0.31
Pedestrian 0.00 0 -5.68 498.03 178.46 511.59 204.11 1.95 0.58 0.85 -8.10 2.38 55.38 -5.82 0.24
Cyclist 0.00 0 -4.26 206.85 194.15 272.33 290.86 1.64 0.43 1.59 -6.90 2.06 13.40 -4.73 0.22
Car 0.00 0 -5.03 623.15 181.14 654.39 198.78 1.44 1.67 3.62 2.44 2.18 62.58 -4.99 0.18
Pedestrian 0.00 0 -8.02 905.46 172.46 951.59 270.97 1.72 0.65 0.70 5.68 1.71 13.00 -7.61 0.18
Car 0.00 0 -3.45 951.58 152.56 1115.91 207.89 1.63 1.66 4.10 13.02 1.03 22.50 -2.92 0.15
Cyclist 0.00 0 -8.22 921.75 167.74 1000.91 296.97 1.71 0.45 1.68 4.96 1.64 10.39 -7.77 0.14
Pedestrian 0.00 0 -4.24 977.69 156.22 1063.72 307.24 1.84 0.63 0.89 5.25 1.64 9.31 -3.73 0.13
Car 0.00 0 -4.71 696.42 176.17 713.91 192.81 1.55 1.63 3.91 9.19 1.88 69.85 -4.58 0.11
Pedestrian 0.00 0 -7.88 432.83 182.69 449.46 223.80 1.78 0.70 0.70 -7.51 2.22 31.91 -8.11 0.10
Pedestrian 0.00 0 -3.87 13.48 174.59 113.83 328.64 1.85 0.65 0.78 -6.95 1.88 9.14 -4.52 0.10
