Car 0.00 0 -7.87 599.66 179.40 627.30 206.36 1.60 1.67 4.18 0.15 2.03 45.89 -7.87 0.83
Pedestrian 0.00 0 -7.11 759.28 168.89 787.21 212.26 1.88 0.77 0.95 7.17 1.71 31.89 -6.89 0.56
Pedestrian 0.00 0 -3.92 959.19 163.25 1027.55 286.99 1.68 0.64 0.56 5.36 1.55 10.21 -3.44 0.56
Pedestrian 0.00 0 -7.46 917.69 175.19 948.15 232.89 1.66 0.54 0.83 9.48 1.73 21.27 -7.04 0.37
Car 0.00 0 -4.44 341.06 186.30 433.55 244.29 1.54 1.66 4.20 -6.77 1.99 22.23 -4.74 0.15
Car 0.00 0 -6.53 777.37 175.73 861.06 204.26 1.52 1.67 4.12 11.38 1.68 39.56 -6.25 0.13
Car 0.00 0 -7.74 459.89 184.44 500.82 217.44 1.53 1.61 3.90 -6.62 2.16 36.92 -7.91 0.13
Cyclist 0.00 0 -4.77 758.62 179.21 768.00 206.69 1.61 0.47 1.52 9.20 2.00 43.47 -4.56 0.13
Pedestrian 0.00 0 -7.64 774.11 175.59 786.19 205.75 1.71 0.55 0.63 9.74 1.87 41.44 -7.41 0.12
Car 0.00 0 -4.99 725.93 173.96 766.95 202.00 1.89 1.71 4.30 9.55 1.97 50.95 -4.81 0.11
Pedestrian 0.00 0 -5.74 748.66 177.93 766.08 205.99 1.73 0.68 0.84 9.18 2.05 45.09 -5.54 0.11
Car 0.00 0 -8.06 475.32 180.90 515.85 210.44 1.68 1.69 3.89 -7.10 2.20 44.29 -8.22 0.11
Car 0.00 0 -4.47 391.04 186.11 462.37 232.17 1.53 1.65 4.09 -6.84 2.06 27.16 -4.71 0.10
