Car 0.00 0 -2.41 0.00 193.05 160.05 374.00 1.52 1.62 3.63 -6.68 1.74 6.89 -3.18 0.98
Car 0.00 0 -7.99 646.52 180.69 704.27 224.35 1.51 1.63 4.12 2.40 1.83 27.79 -7.91 0.97
Car 0.00 0 -9.18 1139.37 194.96 1241.00 374.00 1.45 1.55 3.70 6.66 1.68 5.78 -8.32 0.96
Car 0.00 0 -8.11 681.71 185.31 776.33 250.14 1.41 1.53 3.33 2.83 1.75 18.06 -7.95 0.95
Car 0.00 0 -2.69 149.24 192.97 398.68 270.87 1.38 1.61 4.11 -6.46 1.79 14.04 -3.12 0.94
Car 0.00 0 -2.46 0.00 189.33 262.91 324.08 1.53 1.63 3.76 -6.80 1.76 9.31 -3.09 0.88
Car 0.00 0 -2.77 304.95 189.31 456.44 240.53 1.39 1.55 3.91 -6.66 1.89 21.02 -3.07 0.80
Car 0.00 0 -2.99 415.15 187.52 517.50 221.18 1.39 1.63 4.19 -6.25 2.05 31.50 -3.19 0.76
Car 0.00 0 -5.95 356.99 182.82 476.14 230.48 1.62 1.57 3.82 -6.92 1.99 25.84 -6.21 0.71
Car 0.00 0 -2.92 337.90 186.66 463.61 234.31 1.46 1.54 3.68 -6.78 1.93 23.48 -3.20 0.67
Car 0.00 0 -2.76 262.41 190.16 434.54 247.41 1.38 1.49 3.93 -6.76 1.85 18.73 -3.10 0.65
Car 0.00 0 -5.80 227.04 187.32 409.15 256.47 1.45 1.48 3.58 -6.64 1.80 16.47 -6.18 0.65
Car 0.00 0 -7.90 642.65 181.98 675.64 211.48 1.45 1.57 4.03 2.56 1.96 38.72 -7.83 0.56
Pedestrian 0.00 0 -8.14 915.94 157.77 939.53 208.12 2.00 0.74 0.57 12.73 1.40 29.02 -7.73 0.53
Car 0.00 0 -3.06 425.37 182.33 510.69 215.53 1.50 1.58 3.85 -6.69 1.96 34.10 -3.26 0.51
Car 0.00 0 -3.00 429.38 177.38 511.81 213.59 1.77 1.68 3.90 -7.04 2.01 36.53 -3.19 0.33
Cyclist 0.00 0 -6.19 500.75 179.25 533.86 209.33 1.69 0.70 1.81 -5.29 2.05 41.00 -6.32 0.33
Pedestrian 0.00 0 -5.05 964.78 160.38 1008.79 246.76 1.92 0.65 0.84 8.57 1.65 16.53 -4.57 0.30
Car 0.00 0 -7.89 630.08 176.82 651.71 198.34 1.64 1.59 3.74 2.42 1.97 57.69 -7.85 0.24
Cyclist 0.00 0 -6.77 1006.27 156.88 1056.11 202.48 1.85 0.73 1.62 17.29 1.20 29.71 -6.25 0.19
Car 0.00 0 -4.84 521.68 182.11 552.29 205.54 1.46 1.55 4.23 -5.03 2.12 48.97 -4.94 0.19
Car 0.00 0 -6.12 501.12 176.09 551.70 193.34 1.52 1.58 4.31 -7.50 1.81 64.80 -6.24 0.18
Car 0.00 0 -2.70 465.69 181.80 537.96 207.35 1.48 1.66 4.05 -6.64 2.04 44.12 -2.85 0.18
Car 0.00 0 -6.37 746.69 166.78 805.22 188.79 1.67 1.67 4.28 12.76 1.21 55.77 -6.14 0.15
Car 0.00 0 -7.12 174.04 170.23 273.65 209.46 1.78 1.87 4.29 -18.66 1.66 35.03 -7.61 0.14
Car 0.00 0 -6.22 711.43 169.73 780.70 195.61 1.73 1.68 4.59 9.34 1.52 49.64 -6.04 0.13
Pedestrian 0.00 0 -6.52 1071.51 162.66 1097.00 234.39 1.86 0.57 0.44 12.45 1.59 19.02 -5.94 0.12
Pedestrian 0.00 0 -3.56 1190.85 149.92 1204.95 196.24 1.84 0.46 0.28 23.53 0.93 28.93 -2.88 0.12
Pedestrian 0.00 0 -4.51 730.66 168.92 745.95 213.36 1.92 0.56 0.52 5.56 1.75 31.48 -4.33 0.10
