Car 0.00 0 -4.08 0.00 194.33 418.83 373.00 1.60 1.66 4.23 -2.97 1.74 5.25 -4.60 0.95
Pedestrian 0.00 0 -7.70 510.35 174.59 536.41 230.18 1.80 0.72 1.02 -2.60 1.58 23.82 -7.81 0.82
Pedestrian 0.00 0 -5.13 909.09 154.33 990.51 301.62 1.78 0.64 0.84 4.36 1.46 9.13 -4.68 0.70
Pedestrian 0.00 0 -7.70 0.00 182.17 14.70 373.00 1.77 0.65 0.78 -4.25 1.77 4.57 -8.45 0.67
Pedestrian 0.00 0 -8.18 696.91 169.94 743.22 258.42 1.77 0.67 0.96 2.41 1.54 14.91 -8.02 0.56
Pedestrian 0.00 0 -4.27 773.04 156.34 859.58 325.48 1.79 0.69 0.73 2.37 1.52 8.08 -3.98 0.53
Pedestrian 0.00 0 -3.96 881.68 155.73 949.09 271.59 1.83 0.64 0.80 5.11 1.43 11.81 -3.55 0.53
Pedestrian 0.00 0 -8.19 587.75 174.86 604.64 206.65 1.81 0.70 0.96 -0.31 1.43 41.41 -8.20 0.52
Pedestrian 0.00 0 -7.99 638.15 174.70 661.05 225.15 1.72 0.69 0.80 1.64 1.49 24.87 -7.93 0.48
Cyclist 0.00 0 -7.77 415.53 174.39 442.23 246.44 1.79 0.54 1.69 -4.52 1.62 18.73 -8.01 0.42
Pedestrian 0.00 0 -4.56 805.04 193.48 932.32 373.00 1.50 0.76 0.59 1.82 1.59 5.02 -4.21 0.41
Cyclist 0.00 0 -3.28 705.16 169.99 802.30 262.60 1.70 0.57 1.73 2.81 1.49 13.55 -3.07 0.35
Pedestrian 0.00 0 -7.03 8.93 193.80 123.48 373.83 1.63 0.64 0.62 -5.19 1.76 6.92 -7.67 0.34
Pedestrian 0.00 0 -8.05 870.53 180.37 917.83 258.37 1.49 0.73 0.70 5.70 1.47 14.11 -7.67 0.34
Car 0.00 0 -8.36 541.27 174.78 577.62 193.09 1.54 1.60 3.61 -3.64 0.98 62.36 -8.42 0.34
Car 0.00 0 -2.78 415.24 183.73 519.14 223.16 1.54 1.64 3.84 -5.46 1.63 29.30 -2.96 0.33
Cyclist 0.00 0 -6.89 695.75 170.05 727.07 201.73 1.89 0.68 1.82 6.69 1.21 43.65 -6.74 0.33
Pedestrian 0.00 0 -5.03 926.78 151.35 992.94 275.01 1.81 0.68 0.81 5.40 1.37 10.96 -4.57 0.31
Pedestrian 0.00 0 -4.97 1017.21 147.06 1065.81 252.64 1.86 0.57 0.78 7.99 1.26 13.14 -4.43 0.29
Car 0.00 0 -4.65 609.21 177.70 628.77 194.83 1.60 1.65 3.83 1.75 1.24 68.99 -4.63 0.25
Cyclist 0.00 0 -2.27 0.00 181.48 61.33 250.46 1.79 0.57 1.82 -15.44 1.79 19.12 -2.95 0.24
Cyclist 0.00 0 -7.53 433.86 170.68 471.87 238.40 1.88 0.55 1.74 -4.31 1.58 20.79 -7.73 0.22
Pedestrian 0.00 0 -7.65 659.47 175.10 683.42 225.65 1.72 0.67 0.85 2.42 1.51 24.99 -7.55 0.21
Pedestrian 0.00 0 -5.87 453.90 180.37 482.83 234.62 1.68 0.60 0.71 -4.21 1.64 22.58 -6.05 0.21
Car 0.00 0 -6.63 677.99 179.34 795.98 226.66 1.54 1.65 3.60 4.55 1.47 24.45 -6.44 0.18
Car 0.00 0 -2.83 470.03 183.66 553.12 215.49 1.49 1.59 3.69 -4.34 1.60 34.84 -2.95 0.17
Pedestrian 0.00 0 -4.40 24.08 189.62 71.89 271.41 1.71 0.59 0.86 -12.04 1.89 15.60 -5.06 0.17
Pedestrian 0.00 0 -5.25 853.58 160.99 898.93 239.92 1.86 0.63 0.94 6.62 1.38 17.42 -4.89 0.16
Pedestrian 0.00 0 -8.23 999.59 155.46 1072.56 289.52 1.79 0.63 0.76 5.98 1.44 9.99 -7.69 0.16
Pedestrian 0.00 0 -5.90 462.41 175.61 495.33 232.17 1.80 0.57 0.91 -3.99 1.62 23.28 -6.07 0.14
Pedestrian 0.00 0 -8.07 675.58 177.63 705.53 244.04 1.63 0.58 0.85 2.20 1.54 18.10 -7.95 0.14
Pedestrian 0.00 0 -3.53 558.13 180.48 572.85 207.05 1.59 0.60 0.71 -2.17 1.53 43.47 -3.58 0.14
Cyclist 0.00 0 -5.52 0.00 203.45 97.18 316.17 1.57 0.76 1.70 -8.62 1.92 10.66 -6.20 0.13
Pedestrian 0.00 0 -3.20 680.23 171.83 724.70 252.38 1.78 0.52 0.96 2.23 1.56 16.14 -3.06 0.13
Pedestrian 0.00 0 -3.70 310.81 168.42 335.73 234.49 1.96 0.54 0.49 -8.43 1.57 21.68 -4.07 0.13
Pedestrian 0.00 0 -7.19 129.13 167.65 192.61 267.98 1.98 0.67 0.94 -9.01 1.71 14.66 -7.74 0.13
Pedestrian 0.00 0 -3.55 382.04 174.10 424.44 256.47 1.81 0.67 0.72 -4.52 1.65 16.24 -3.82 0.12
Pedestrian 0.00 0 -3.65 750.41 168.43 763.64 207.54 1.93 0.51 0.45 7.72 1.28 35.67 -3.44 0.12
Cyclist 0.00 0 -7.69 490.71 180.04 516.93 233.07 1.68 0.57 1.83 -3.23 1.64 23.72 -7.82 0.12
Pedestrian 0.00 0 -5.73 724.01 174.16 740.65 207.08 1.79 0.63 0.67 7.21 1.39 39.58 -5.55 0.12
Pedestrian 0.00 0 -6.04 55.53 197.40 78.22 233.98 1.67 0.63 0.73 -25.07 2.43 33.68 -6.68 0.12
Pedestrian 0.00 0 -4.16 274.04 161.48 328.69 256.93 1.99 0.66 1.02 -6.51 1.57 15.52 -4.56 0.11
Pedestrian 0.00 0 -4.48 0.00 183.56 24.03 273.61 1.82 0.61 0.88 -12.68 1.87 15.10 -5.18 0.11
Pedestrian 0.00 0 -5.55 451.13 173.24 468.63 205.39 1.85 0.67 0.74 -8.24 1.38 41.83 -5.75 0.11
Pedestrian 0.00 0 -5.02 123.05 164.83 170.32 259.73 2.08 0.64 0.98 -10.34 1.71 16.27 -5.58 0.11
Cyclist 0.00 0 -3.94 127.26 175.15 176.82 223.52 1.71 0.56 1.63 -16.40 1.48 26.22 -4.50 0.11
Pedestrian 0.00 0 -7.31 29.60 189.82 59.77 241.52 1.56 0.61 0.40 -17.07 1.82 21.99 -7.97 0.10
