Car 0.00 0 -4.32 135.66 187.87 435.11 357.52 1.54 1.76 4.62 -3.76 1.79 9.29 -4.71 0.96
Car 0.00 0 -4.50 384.54 187.96 483.29 259.70 1.43 1.54 3.48 -4.05 1.82 16.88 -4.74 0.92
Car 0.00 0 -7.99 639.49 177.69 689.40 215.12 1.47 1.59 3.81 2.21 1.69 30.71 -7.92 0.92
Car 0.00 0 -4.11 0.00 204.47 236.75 353.38 1.35 1.68 4.01 -6.76 1.85 9.40 -4.73 0.86
Car 0.00 0 -3.49 777.93 165.23 924.70 215.32 1.59 1.72 4.27 7.86 1.35 23.87 -3.17 0.84
Car 0.00 0 -3.28 727.48 167.53 823.76 204.16 1.62 1.68 4.09 7.45 1.38 32.92 -3.05 0.62
Car 0.00 0 -4.51 374.05 186.75 443.20 234.31 1.38 1.51 3.69 -6.63 1.88 23.92 -4.78 0.59
Car 0.00 0 -7.66 448.86 183.75 498.35 216.52 1.44 1.59 4.22 -6.64 2.01 35.31 -7.84 0.40
Car 0.00 0 -6.97 1025.18 145.77 1140.87 181.69 1.60 1.72 4.35 21.64 0.39 33.14 -6.40 0.36
Car 0.00 0 -7.80 913.40 153.20 946.96 180.29 1.66 1.74 4.27 20.67 0.46 46.58 -7.38 0.33
Car 0.00 0 -3.38 756.04 161.15 875.76 208.46 1.71 1.71 4.01 7.57 1.28 26.95 -3.10 0.33
Car 0.00 0 -7.18 958.13 149.22 1035.67 178.33 1.55 1.63 4.01 21.39 0.29 39.94 -6.68 0.28
Car 0.00 0 -6.98 1117.16 145.53 1241.00 185.26 1.51 1.64 4.14 22.49 0.47 28.30 -6.30 0.24
Pedestrian 0.00 0 -4.85 1139.36 140.50 1166.28 191.86 1.78 0.67 0.66 19.10 0.66 25.46 -4.21 0.22
Car 0.00 0 -4.46 683.15 175.31 715.42 196.30 1.48 1.49 3.78 6.62 1.67 53.45 -4.34 0.20
Pedestrian 0.00 0 -4.34 824.82 131.41 914.53 321.97 1.89 0.60 0.96 2.74 1.48 7.72 -4.00 0.19
Cyclist 0.00 0 -6.89 942.15 149.45 976.11 180.19 1.78 0.60 1.76 20.35 0.42 42.13 -6.44 0.18
Pedestrian 0.00 0 -9.30 1197.30 138.11 1219.14 189.68 1.79 0.77 0.50 21.05 0.58 25.44 -8.61 0.14
Pedestrian 0.00 0 -3.41 684.01 177.56 706.66 223.88 1.52 0.57 0.62 2.80 1.68 24.07 -3.30 0.14
Car 0.00 0 -3.82 1067.78 146.47 1195.48 185.12 1.57 1.69 4.19 21.73 0.50 30.20 -3.19 0.11
Car 0.00 0 -3.28 681.85 174.89 733.23 194.61 1.58 1.65 3.95 7.88 1.74 58.68 -3.15 0.11
Car 0.00 0 -4.68 437.87 184.55 478.37 221.37 1.41 1.59 4.03 -6.55 1.95 31.19 -4.89 0.11
Pedestrian 0.00 0 -3.79 692.12 167.83 710.82 203.27 1.87 0.61 0.78 4.85 1.61 38.56 -3.67 0.10
