Car 0.00 0 -7.28 0.00 187.39 240.76 308.91 1.56 1.59 3.97 -7.61 1.61 11.32 -7.87 0.98
Car 0.00 0 -7.84 562.96 180.16 616.71 229.99 1.51 1.62 3.57 -0.61 1.35 23.51 -7.87 0.94
Car 0.00 0 -7.08 0.00 209.68 301.96 375.00 1.55 1.71 4.48 -3.13 1.73 3.07 -7.88 0.94
Car 0.00 0 -7.53 274.89 179.88 485.05 314.32 1.64 1.71 4.16 -3.19 1.57 10.86 -7.81 0.93
Car 0.00 0 -7.72 472.26 184.34 541.60 230.29 1.42 1.78 4.09 -3.34 1.39 24.24 -7.86 0.91
Car 0.00 0 -7.65 420.29 180.77 466.98 212.16 1.50 1.57 3.80 -8.23 1.29 36.20 -7.88 0.85
Car 0.00 0 -7.66 275.85 185.15 333.63 221.35 1.42 1.56 3.52 -12.63 1.42 30.04 -8.05 0.84
Car 0.00 0 -7.79 465.36 178.02 492.74 201.53 1.55 1.62 3.65 -8.84 1.08 49.43 -7.97 0.70
Car 0.00 0 -4.73 534.86 178.78 556.88 201.09 1.50 1.45 3.87 -4.37 1.06 50.17 -4.82 0.57
Car 0.00 0 -7.45 307.80 183.24 405.89 236.96 1.56 1.58 3.71 -7.85 1.50 22.72 -7.78 0.52
Car 0.00 0 -4.69 388.43 180.22 415.57 204.92 1.49 1.55 3.80 -12.96 1.19 45.34 -4.96 0.52
Car 0.00 0 -7.85 509.30 181.23 541.42 209.61 1.40 1.57 3.84 -4.31 1.20 37.37 -7.96 0.46
Car 0.00 0 -4.21 91.75 188.07 229.89 247.22 1.44 1.51 3.92 -12.09 1.53 19.68 -4.76 0.42
Pedestrian 0.00 0 -5.63 156.87 170.11 179.02 201.88 1.79 0.71 0.81 -25.00 0.94 40.83 -6.18 0.42
Car 0.00 0 -7.70 438.72 179.21 477.03 205.82 1.53 1.66 4.09 -9.02 1.19 43.42 -7.90 0.27
Pedestrian 0.00 0 -4.50 801.53 175.02 844.42 265.02 1.65 0.66 0.64 4.03 1.46 13.60 -4.21 0.13
Car 0.00 0 -6.06 617.43 181.18 681.35 203.88 1.49 1.60 4.06 2.80 1.23 48.59 -6.01 0.12
Car 0.00 0 -5.47 1222.40 170.87 1240.00 375.00 1.52 1.60 3.90 6.44 1.47 4.97 -4.56 0.11
Car 0.00 0 -8.00 646.35 185.16 717.27 236.89 1.43 1.57 3.78 2.10 1.42 21.73 -7.90 0.11
