Car 0.00 0 -4.54 372.53 185.99 481.95 269.67 1.50 1.62 3.87 -3.83 1.82 15.52 -4.78 0.96
Car 0.00 0 -4.51 437.02 176.76 520.90 238.36 1.64 1.68 3.98 -3.83 1.77 21.48 -4.68 0.86
Car 0.00 0 -4.55 521.92 177.23 563.51 206.80 1.50 1.65 3.85 -3.64 1.75 39.22 -4.64 0.77
Pedestrian 0.00 0 -2.19 259.43 176.07 300.30 246.36 1.84 0.55 0.94 -8.91 1.92 19.36 -2.63 0.22
Car 0.00 0 -6.46 642.77 173.99 710.69 201.27 1.53 1.62 3.67 3.78 1.60 41.60 -6.37 0.16
Cyclist 0.00 0 -2.92 407.31 169.18 448.88 210.41 1.89 0.76 1.74 -8.45 1.72 33.39 -3.16 0.16
Pedestrian 0.00 0 -4.48 20.40 183.70 61.58 269.19 1.89 0.60 0.67 -13.01 2.14 16.45 -5.15 0.16
Pedestrian 0.00 0 -4.53 300.32 175.42 332.36 246.25 1.85 0.64 0.93 -7.92 1.92 19.36 -4.92 0.13
Car 0.00 0 -5.61 0.00 203.26 254.54 317.59 1.44 1.58 4.28 -7.68 1.91 10.37 -6.25 0.13
Pedestrian 0.00 0 -7.95 283.20 177.27 296.66 224.77 1.85 0.46 0.22 -12.63 2.03 28.37 -8.37 0.13
Cyclist 0.00 0 -7.46 89.81 190.04 138.36 267.02 1.72 0.32 1.76 -12.02 2.16 17.45 -8.06 0.12
Pedestrian 0.00 0 -4.54 1026.01 158.20 1066.44 252.47 1.72 0.55 0.64 8.16 1.45 13.57 -4.00 0.10
