Car 0.00 0 -4.60 535.12 163.97 601.68 226.73 1.91 1.74 4.28 -1.34 1.64 24.12 -4.65 0.95
Car 0.00 0 -7.95 712.25 170.35 776.56 229.58 1.76 1.66 3.77 4.21 1.68 23.33 -7.77 0.95
Car 0.00 0 -5.19 824.84 198.31 1241.00 374.00 1.46 1.71 3.93 2.90 1.71 5.26 -4.69 0.94
Car 0.00 0 -2.86 345.05 177.29 514.08 232.65 1.46 1.66 4.28 -4.99 1.59 20.12 -3.11 0.91
Car 0.00 0 -4.61 585.72 176.51 629.78 211.49 1.45 1.58 3.94 -0.08 1.63 32.45 -4.61 0.64
Pedestrian 0.00 0 -6.93 1213.39 163.07 1241.00 281.27 1.81 0.52 0.97 10.14 1.66 11.34 -6.20 0.33
Car 0.00 0 -7.93 636.84 172.11 661.35 193.38 1.58 1.60 3.65 2.94 1.52 55.34 -7.88 0.28
Pedestrian 0.00 0 -8.08 764.33 172.37 779.72 206.36 1.73 0.65 0.59 8.28 1.71 37.05 -7.86 0.26
Pedestrian 0.00 0 -4.24 518.70 165.76 541.97 211.30 1.87 0.68 0.79 -3.37 1.58 30.15 -4.35 0.26
Car 0.00 0 -4.62 599.07 173.26 635.35 205.22 1.61 1.59 3.85 0.39 1.64 38.48 -4.61 0.23
Cyclist 0.00 0 -7.71 629.30 175.67 640.23 203.98 1.62 0.42 1.58 1.42 1.79 42.23 -7.68 0.21
Pedestrian 0.00 0 -3.45 1191.02 163.06 1241.00 274.69 1.83 0.61 0.80 10.43 1.67 12.27 -2.75 0.15
Pedestrian 0.00 0 -8.39 1070.81 173.91 1124.62 273.41 1.69 0.59 0.52 8.41 1.71 12.52 -7.80 0.13
Pedestrian 0.00 0 -7.91 812.02 164.48 830.66 215.35 1.90 0.65 0.60 7.95 1.59 27.30 -7.62 0.13
Pedestrian 0.00 0 -5.16 354.01 160.79 382.61 219.83 1.89 0.65 0.69 -7.93 1.50 23.54 -5.49 0.10
Pedestrian 0.00 0 -3.80 1071.82 148.59 1186.86 320.56 1.94 0.67 0.87 6.02 1.66 8.47 -3.18 0.10
