Car 0.00 0 -4.91 536.17 181.11 620.67 236.03 1.45 1.72 4.22 -1.11 1.72 21.94 -4.97 0.93
Car 0.00 0 -2.22 227.61 168.72 462.52 292.95 1.93 1.73 4.29 -4.91 1.86 13.05 -2.58 0.85
Car 0.00 0 -4.74 464.85 181.28 522.14 234.10 1.46 1.63 3.82 -3.76 1.75 22.64 -4.90 0.79
Car 0.00 0 -7.03 0.00 210.14 99.32 374.00 1.43 1.63 4.38 -7.39 1.90 6.99 -7.84 0.53
Car 0.00 0 -5.37 636.91 152.79 700.05 180.16 1.54 1.62 3.96 3.37 0.41 42.60 -5.29 0.33
Car 0.00 0 -4.01 0.00 229.42 239.86 374.00 1.60 1.61 3.83 -3.00 1.97 2.69 -4.85 0.30
Car 0.00 0 -6.52 1112.76 163.97 1241.00 213.72 1.60 1.68 3.82 19.68 1.31 24.76 -5.85 0.27
Pedestrian 0.00 0 -7.93 1120.49 151.62 1147.68 210.34 1.85 0.65 0.79 16.81 1.18 23.22 -7.30 0.27
Car 0.00 0 -6.24 0.00 180.87 88.63 216.29 1.50 1.68 4.51 -27.01 1.89 33.45 -6.92 0.27
Pedestrian 0.00 0 -4.60 898.37 164.36 932.30 239.13 1.82 0.70 0.82 7.60 1.61 18.06 -4.21 0.25
Car 0.00 0 -4.94 16.83 178.97 63.54 202.61 1.60 1.72 4.13 -40.88 2.05 51.70 -5.61 0.22
Pedestrian 0.00 0 -3.22 905.52 166.48 940.85 242.56 1.75 0.57 0.72 7.33 1.61 17.03 -2.81 0.19
Pedestrian 0.00 0 -4.55 870.37 160.47 901.90 230.87 1.86 0.69 0.78 7.45 1.53 19.58 -4.19 0.18
Pedestrian 0.00 0 -8.53 843.41 159.87 880.77 232.25 1.87 0.67 0.66 6.61 1.54 19.07 -8.20 0.18
Car 0.00 0 -5.09 1196.60 170.27 1241.00 222.14 1.42 1.53 3.84 19.39 1.35 21.78 -4.36 0.15
Pedestrian 0.00 0 -4.66 716.47 162.17 746.17 238.31 1.94 0.72 0.98 3.14 1.67 18.93 -4.50 0.12
Car 0.00 0 -4.40 754.51 137.98 806.58 168.53 1.52 1.64 3.77 9.14 -0.24 38.63 -4.17 0.12
Car 0.00 0 -3.54 638.12 177.39 763.84 222.87 1.50 1.57 4.11 3.14 1.67 25.43 -3.41 0.11
Car 0.00 0 -3.71 0.00 180.26 23.30 224.43 1.40 1.54 3.93 -23.61 1.69 25.74 -4.45 0.11
Pedestrian 0.00 0 -4.66 836.78 160.50 870.05 242.71 1.95 0.73 0.90 5.91 1.66 17.65 -4.34 0.11
Car 0.00 0 -5.27 533.42 170.36 613.69 205.61 1.50 1.64 4.28 -1.77 1.39 32.92 -5.32 0.11
Pedestrian 0.00 0 -4.61 747.94 163.69 780.02 238.41 1.88 0.73 0.82 3.93 1.65 18.62 -4.40 0.11
Car 0.00 0 -5.26 176.59 176.69 243.82 201.69 1.48 1.59 4.42 -25.02 1.73 45.07 -5.77 0.10
