Pedestrian 0.00 0 -6.81 1167.43 163.43 1241.00 273.67 1.63 0.67 0.72 9.11 1.49 11.08 -6.12 0.31
Car 0.00 0 -3.95 0.00 198.53 332.81 374.00 1.58 1.61 4.16 -2.77 1.76 2.87 -4.71 0.30
Cyclist 0.00 0 -4.00 950.90 168.63 978.56 198.03 1.79 0.65 1.58 21.81 1.53 44.43 -3.54 0.14
Pedestrian 0.00 0 -3.47 1228.50 153.76 1241.00 288.12 1.72 0.61 0.77 8.83 1.47 9.66 -2.73 0.13
Pedestrian 0.00 0 -6.41 1047.62 165.01 1066.32 202.61 1.73 0.65 0.66 20.83 1.37 33.70 -5.86 0.12
Car 0.00 0 -7.86 1036.17 164.71 1082.30 201.06 1.51 1.65 3.53 19.77 1.17 31.88 -7.31 0.11
Pedestrian 0.00 0 -3.73 1202.59 158.48 1241.00 281.57 1.70 0.57 0.79 9.05 1.51 10.32 -3.01 0.11
Pedestrian 0.00 0 -4.02 1180.96 161.10 1194.91 196.50 1.81 0.47 0.30 29.67 1.21 37.09 -3.34 0.11
Pedestrian 0.00 0 -6.55 728.98 171.68 739.68 193.14 1.73 0.62 0.72 10.05 1.63 58.45 -6.38 0.10
Pedestrian 0.00 0 -3.59 1187.30 150.83 1241.00 266.82 1.80 0.61 0.79 9.85 1.46 11.60 -2.89 0.10
Pedestrian 0.00 0 -8.18 820.76 167.65 841.06 210.32 1.92 0.68 0.74 10.02 1.69 32.86 -7.88 0.10
