Car 0.00 0 -7.88 561.83 182.11 611.95 229.02 1.38 1.52 3.39 -0.85 1.70 23.60 -7.92 0.79
Car 0.00 0 -4.08 828.25 180.45 874.11 199.40 1.62 1.72 4.28 21.74 2.32 65.04 -3.76 0.39
Car 0.00 0 -7.43 176.09 182.53 268.81 225.28 1.41 1.59 3.80 -14.21 1.79 26.61 -7.92 0.27
Car 0.00 0 -7.89 758.93 176.34 783.59 196.95 1.50 1.70 3.65 12.27 1.78 55.16 -7.67 0.19
Car 0.00 0 -7.79 612.40 180.39 643.42 206.36 1.44 1.61 3.85 1.07 1.91 43.04 -7.77 0.18
Car 0.00 0 -7.86 410.56 179.52 429.88 197.17 1.40 1.52 3.58 -15.95 1.97 60.50 -8.12 0.17
Car 0.00 0 -5.99 70.35 180.54 246.72 233.49 1.52 1.67 4.37 -13.97 1.78 22.51 -6.54 0.17
Cyclist 0.00 0 -5.29 541.80 175.69 564.04 204.76 1.67 0.54 1.57 -3.40 1.84 42.40 -5.37 0.17
Car 0.00 0 -6.97 749.53 176.43 853.80 217.47 1.49 1.65 3.70 7.40 1.64 28.00 -6.71 0.16
Pedestrian 0.00 0 -2.86 576.43 172.94 587.45 201.21 1.85 0.59 0.59 -1.88 1.86 47.60 -2.90 0.15
Pedestrian 0.00 0 -4.13 1176.25 161.37 1206.49 223.24 1.88 0.59 0.43 17.87 1.53 22.24 -3.45 0.14
Car 0.00 0 -5.05 918.71 190.48 1066.05 272.27 1.39 1.54 3.74 7.75 1.81 15.10 -4.57 0.13
Car 0.00 0 -7.74 611.39 180.71 675.22 231.05 1.42 1.59 3.80 1.09 1.69 22.97 -7.69 0.12
Car 0.00 0 -5.59 1150.60 196.88 1241.00 374.00 1.48 1.55 4.08 7.04 1.76 6.31 -4.75 0.10
Pedestrian 0.00 0 -5.03 741.11 177.89 757.73 215.06 1.43 0.46 0.63 5.39 1.62 28.11 -4.84 0.10
