Car 0.00 0 -2.38 0.00 158.57 51.92 356.37 1.47 1.57 3.57 -7.40 1.37 6.33 -3.24 0.89
Car 0.00 0 -6.75 773.36 157.78 1056.29 261.54 1.46 1.61 3.70 4.53 1.25 11.13 -6.37 0.86
Car 0.00 0 -6.52 683.02 153.46 807.60 202.06 1.41 1.54 3.44 4.00 0.85 21.86 -6.34 0.85
Car 0.00 0 -2.73 0.00 151.30 286.74 249.30 1.52 1.60 3.94 -7.87 1.19 12.28 -3.30 0.79
Car 0.00 0 -2.79 268.07 148.47 421.22 201.19 1.61 1.67 4.24 -8.36 0.86 22.84 -3.14 0.78
Car 0.00 0 -2.83 104.67 155.21 335.97 232.12 1.45 1.59 3.86 -7.84 1.12 14.75 -3.32 0.73
Car 0.00 0 -6.57 659.73 153.60 783.36 197.98 1.44 1.59 3.85 3.69 0.82 24.47 -6.42 0.67
Car 0.00 0 -2.66 190.30 156.30 380.89 216.27 1.39 1.58 3.98 -7.90 1.01 17.67 -3.08 0.63
Pedestrian 0.00 0 -7.85 898.02 150.94 915.23 191.98 1.87 0.73 0.71 13.67 0.87 33.33 -7.46 0.40
Pedestrian 0.00 0 -7.82 649.90 150.42 667.63 198.66 1.71 0.61 0.63 1.71 0.91 25.88 -7.75 0.30
Car 0.00 0 -6.71 442.66 158.85 518.89 186.05 1.53 1.59 4.13 -7.61 0.74 42.48 -6.89 0.26
Pedestrian 0.00 0 -4.24 997.82 152.08 1017.98 193.43 1.88 0.65 0.51 18.27 0.94 33.20 -3.74 0.22
Pedestrian 0.00 0 -3.65 954.18 159.18 974.03 192.78 1.86 0.58 0.81 19.67 1.10 40.16 -3.20 0.21
Pedestrian 0.00 0 -3.18 948.03 153.25 962.92 209.58 1.86 0.55 0.43 11.52 1.21 24.16 -2.74 0.20
Pedestrian 0.00 0 -7.84 1235.00 151.95 1241.00 210.81 1.85 0.63 0.76 20.41 1.19 23.12 -7.12 0.16
Pedestrian 0.00 0 -8.06 979.10 149.76 1010.80 215.05 1.85 0.64 0.89 11.12 1.20 20.96 -7.57 0.15
Pedestrian 0.00 0 -7.39 782.54 154.52 803.73 193.81 1.69 0.69 0.62 7.96 0.90 31.53 -7.14 0.15
Cyclist 0.00 0 -7.71 860.42 144.40 871.35 170.80 1.74 0.45 1.72 17.20 -0.14 48.58 -7.37 0.15
Car 0.00 0 -8.32 531.68 148.62 578.12 172.66 1.63 1.70 3.89 -3.98 -0.01 51.20 -8.40 0.14
Car 0.00 0 -4.68 1090.17 165.58 1130.75 196.80 1.53 1.60 3.82 25.86 1.17 37.29 -4.07 0.14
Car 0.00 0 -7.46 411.61 157.98 469.49 188.04 1.50 1.59 3.91 -8.92 0.76 38.13 -7.69 0.14
Car 0.00 0 -4.42 818.18 141.24 862.73 165.73 1.51 1.70 4.12 15.28 -0.49 47.83 -4.11 0.14
Car 0.00 0 -4.66 594.38 149.27 622.04 173.25 1.50 1.62 3.82 -0.11 0.03 47.17 -4.66 0.14
Pedestrian 0.00 0 -7.09 769.35 154.99 785.90 190.70 1.74 0.56 0.56 8.20 0.87 35.47 -6.86 0.13
Car 0.00 0 -7.67 886.82 158.61 915.83 177.41 1.65 1.69 4.27 26.51 0.40 65.64 -7.29 0.13
Car 0.00 0 -6.24 1077.20 167.80 1219.61 213.51 1.49 1.64 3.92 18.84 1.33 25.41 -5.60 0.13
Pedestrian 0.00 0 -7.26 654.09 149.32 669.72 178.94 1.77 0.64 0.74 3.10 0.36 43.51 -7.19 0.13
Cyclist 0.00 0 -3.47 762.87 144.47 794.18 174.73 1.81 0.61 1.73 10.12 0.11 43.48 -3.24 0.11
Car 0.00 0 -3.56 455.71 156.66 535.88 185.64 1.50 1.62 3.97 -6.19 0.66 39.00 -3.72 0.11
Cyclist 0.00 0 -7.13 427.25 152.01 462.18 190.68 1.72 0.60 1.66 -7.57 0.79 32.92 -7.36 0.11
Car 0.00 0 -8.33 1160.55 174.63 1241.02 205.46 1.46 1.60 3.75 29.70 1.56 36.46 -7.65 0.11
Car 0.00 0 -4.60 373.23 151.35 423.18 189.95 1.55 1.63 3.91 -9.10 0.69 31.10 -4.88 0.11
Car 0.00 0 -4.71 671.40 148.87 699.42 174.06 1.48 1.65 3.98 4.64 0.07 44.61 -4.60 0.10
Pedestrian 0.00 0 -3.11 1011.68 155.84 1023.91 190.92 1.85 0.67 0.55 21.73 0.95 38.51 -2.60 0.10
Car 0.00 0 -8.38 693.01 147.04 780.68 190.47 1.62 1.63 4.06 4.97 0.66 29.04 -8.22 0.10
