Car 0.00 0 -4.62 414.57 183.00 479.03 235.26 1.36 1.55 3.40 -4.77 1.68 21.22 -4.84 0.89
Car 0.00 0 -3.64 505.08 176.05 582.13 203.34 1.54 1.68 4.31 -3.98 1.74 43.16 -3.73 0.81
Car 0.00 0 -3.55 622.40 172.10 698.33 197.85 1.61 1.67 4.61 3.22 1.56 46.63 -3.48 0.74
Car 0.00 0 -2.24 343.54 179.81 430.57 216.32 1.42 1.52 3.74 -9.49 1.74 30.49 -2.54 0.54
Pedestrian 0.00 0 -8.31 708.11 167.94 737.66 222.83 1.74 0.64 0.85 3.61 1.59 23.38 -8.16 0.42
Pedestrian 0.00 0 -5.11 1141.48 148.87 1222.55 290.31 1.73 0.60 0.67 7.25 1.44 9.23 -4.44 0.36
Cyclist 0.00 0 -8.06 752.33 169.17 776.81 223.04 1.69 0.45 1.64 4.96 1.57 23.44 -7.85 0.29
Pedestrian 0.00 0 -2.97 593.13 173.17 605.77 195.40 1.76 0.52 0.94 -0.87 1.79 57.57 -2.99 0.17
Pedestrian 0.00 0 -8.51 1102.42 147.45 1134.97 208.81 1.86 0.64 0.50 15.55 1.09 22.12 -7.89 0.16
Pedestrian 0.00 0 -8.12 1161.61 147.43 1195.86 208.28 1.82 0.68 0.62 17.28 1.06 21.99 -7.45 0.16
Cyclist 0.00 0 -4.53 536.86 173.17 553.75 211.07 1.70 0.51 1.48 -3.01 1.72 33.16 -4.62 0.15
Pedestrian 0.00 0 -8.12 599.52 172.37 609.26 193.18 1.84 0.70 0.74 -0.52 1.80 64.24 -8.13 0.14
Pedestrian 0.00 0 -4.99 865.00 162.66 895.07 222.88 1.82 0.64 0.94 8.30 1.51 22.33 -4.64 0.14
Pedestrian 0.00 0 -8.12 850.44 153.44 886.25 230.98 1.85 0.61 0.89 6.29 1.39 17.72 -7.78 0.12
Pedestrian 0.00 0 -3.69 1120.18 137.48 1219.40 279.27 1.89 0.51 0.95 7.61 1.42 9.91 -3.03 0.10
Pedestrian 0.00 0 -8.23 925.85 155.77 962.12 223.01 1.82 0.67 0.77 9.15 1.35 19.89 -7.80 0.10
