Car 0.00 0 -5.81 156.84 183.83 420.83 270.32 1.45 1.57 4.17 -5.82 1.67 13.23 -6.23 0.98
Car 0.00 0 -8.05 699.43 189.10 805.67 264.20 1.35 1.57 3.47 2.88 1.74 15.48 -7.86 0.97
Car 0.00 0 -2.28 0.00 147.70 67.12 374.00 1.79 1.74 4.01 -6.93 1.62 5.58 -3.17 0.95
Car 0.00 0 -5.70 29.30 190.14 372.88 292.57 1.38 1.56 4.44 -6.14 1.67 11.00 -6.21 0.93
Car 0.00 0 -8.00 633.79 178.75 666.98 204.34 1.65 1.67 4.16 2.70 2.07 49.51 -7.95 0.93
Car 0.00 0 -6.55 763.45 177.25 922.27 236.21 1.60 1.68 4.01 6.49 1.73 20.58 -6.24 0.92
Car 0.00 0 -2.46 0.00 193.15 206.69 338.54 1.43 1.53 3.92 -7.02 1.69 8.16 -3.17 0.87
Car 0.00 0 -5.86 273.16 179.50 463.05 243.89 1.50 1.57 4.21 -6.00 1.67 17.97 -6.19 0.85
Car 0.00 0 -2.81 294.26 182.18 444.58 236.34 1.47 1.51 3.78 -6.82 1.74 20.55 -3.13 0.81
Car 0.00 0 -2.98 395.12 179.70 504.07 219.52 1.58 1.70 4.20 -6.63 1.87 29.94 -3.20 0.79
Car 0.00 0 -5.80 216.15 179.32 423.30 254.05 1.51 1.50 3.94 -6.29 1.66 15.71 -6.18 0.78
Car 0.00 0 -2.81 343.54 182.67 479.74 231.18 1.46 1.50 3.90 -6.29 1.78 22.94 -3.08 0.71
Car 0.00 0 -2.91 487.46 181.62 549.59 206.69 1.56 1.56 3.71 -5.89 2.13 46.43 -3.03 0.65
Car 0.00 0 -6.55 691.83 181.45 789.91 214.26 1.47 1.59 4.25 6.05 1.88 33.80 -6.37 0.64
Car 0.00 0 -6.19 484.84 180.61 554.73 208.01 1.61 1.67 4.08 -5.47 2.09 43.83 -6.31 0.61
Car 0.00 0 -2.95 374.21 181.87 487.36 226.23 1.48 1.54 3.61 -6.25 1.80 25.24 -3.19 0.59
Pedestrian 0.00 0 -5.76 131.09 156.50 160.63 210.27 1.77 0.64 0.59 -15.54 1.23 24.09 -6.33 0.54
Car 0.00 0 -6.47 696.96 177.37 774.24 212.09 1.69 1.63 3.57 6.21 1.92 36.14 -6.30 0.51
Car 0.00 0 -3.42 704.73 181.15 803.89 217.17 1.48 1.61 3.89 6.13 1.85 31.07 -3.22 0.50
Pedestrian 0.00 0 -7.45 0.00 150.43 34.21 207.79 1.88 0.71 0.68 -19.82 1.14 24.05 -8.14 0.40
Pedestrian 0.00 0 -3.92 891.83 162.30 911.22 200.45 1.95 0.69 0.63 15.06 1.41 37.38 -3.54 0.37
Car 0.00 0 -7.68 531.62 176.51 560.29 198.39 1.69 1.67 3.79 -5.16 1.99 58.24 -7.77 0.35
Car 0.00 0 -6.10 406.60 173.62 510.57 215.79 1.84 1.73 4.34 -6.80 1.88 32.50 -6.31 0.35
Pedestrian 0.00 0 -5.75 564.05 176.31 580.04 204.38 1.88 0.54 0.94 -2.61 2.12 48.96 -5.81 0.33
Car 0.00 0 -6.23 733.38 181.41 856.02 226.22 1.48 1.64 4.10 6.52 1.80 25.67 -5.98 0.29
Pedestrian 0.00 0 -4.26 147.81 162.18 171.12 208.58 1.88 0.64 0.53 -18.49 1.45 29.56 -4.82 0.23
Pedestrian 0.00 0 -5.05 1094.56 162.79 1141.92 246.74 1.88 0.63 0.90 11.68 1.66 16.68 -4.44 0.18
Car 0.00 0 -5.39 1034.42 178.96 1104.32 204.80 1.50 1.59 3.87 28.50 1.90 44.95 -4.83 0.17
Car 0.00 0 -4.08 35.36 189.45 224.62 266.24 1.31 1.45 3.51 -9.74 1.70 14.90 -4.66 0.15
Cyclist 0.00 0 -7.00 1051.78 161.33 1121.88 223.30 1.82 0.64 1.77 14.24 1.48 21.63 -6.42 0.13
Pedestrian 0.00 0 -3.40 329.09 164.24 347.42 198.98 1.93 0.62 0.83 -15.32 1.45 40.58 -3.76 0.13
Car 0.00 0 -7.91 821.40 166.73 847.71 190.27 1.67 1.65 3.51 16.45 1.24 53.06 -7.61 0.13
Pedestrian 0.00 0 -7.58 182.23 162.78 202.30 203.00 1.84 0.66 0.62 -19.41 1.38 33.46 -8.11 0.12
Pedestrian 0.00 0 -3.96 878.08 166.51 891.97 201.44 1.96 0.57 0.46 15.54 1.61 40.87 -3.60 0.11
Car 0.00 0 -5.55 0.00 158.84 13.64 193.01 1.58 1.63 4.00 -30.98 0.93 34.20 -6.28 0.11
