Car 0.00 0 -7.98 630.91 183.08 692.50 227.84 1.38 1.63 4.09 1.68 1.76 25.23 -7.91 0.98
Car 0.00 0 -2.34 0.00 192.01 70.06 374.00 1.55 1.69 4.00 -7.00 1.73 5.69 -3.23 0.96
Car 0.00 0 -7.24 1227.18 190.13 1241.00 374.00 1.45 1.63 3.79 6.29 1.57 4.38 -6.28 0.96
Car 0.00 0 -6.85 836.30 189.05 1220.41 305.62 1.38 1.57 4.32 5.40 1.62 9.70 -6.34 0.95
Car 0.00 0 -3.90 952.59 186.91 1241.00 368.52 1.46 1.60 4.25 5.70 1.61 6.88 -3.20 0.94
Car 0.00 0 -2.81 244.82 188.44 428.49 245.93 1.43 1.67 4.30 -7.27 1.87 19.38 -3.17 0.94
Cyclist 0.00 0 -4.52 420.94 176.90 465.69 267.93 1.72 0.57 1.69 -3.39 1.81 14.56 -4.75 0.89
Car 0.00 0 -6.76 818.43 175.94 1080.36 279.22 1.60 1.58 3.67 5.52 1.66 12.12 -6.33 0.87
Car 0.00 0 -5.64 0.00 157.16 225.60 345.57 1.89 1.72 4.30 -7.05 1.73 8.22 -6.35 0.72
Car 0.00 0 -7.89 616.55 179.38 646.20 206.73 1.43 1.51 3.59 1.12 1.81 40.28 -7.86 0.71
Car 0.00 0 -2.86 307.09 184.03 444.46 236.56 1.51 1.56 3.68 -7.09 1.86 21.94 -3.17 0.57
Car 0.00 0 -2.92 391.94 175.73 493.66 214.62 1.72 1.71 4.25 -7.60 1.85 32.88 -3.15 0.54
Car 0.00 0 -2.97 411.75 182.30 497.34 211.77 1.42 1.52 3.99 -7.78 1.91 36.16 -3.18 0.44
Car 0.00 0 -2.72 318.38 178.40 438.64 224.49 1.66 1.67 4.01 -8.77 1.88 27.36 -3.03 0.40
Car 0.00 0 -6.05 318.70 181.56 449.17 228.83 1.52 1.61 3.96 -7.63 1.83 24.49 -6.35 0.23
Pedestrian 0.00 0 -5.03 1208.03 141.64 1241.00 225.64 1.94 0.66 0.60 14.65 1.22 17.09 -4.32 0.22
Car 0.00 0 -6.59 611.25 177.15 674.27 202.91 1.54 1.60 3.59 1.99 1.81 44.74 -6.55 0.21
Car 0.00 0 -8.01 748.32 169.96 780.65 194.14 1.56 1.60 3.51 10.30 1.38 48.45 -7.80 0.21
Pedestrian 0.00 0 -7.90 1088.69 163.87 1112.44 220.14 1.83 0.63 0.47 16.18 1.54 23.87 -7.30 0.19
Car 0.00 0 -3.16 426.25 178.18 500.53 204.40 1.50 1.67 4.27 -8.79 1.83 43.10 -3.36 0.19
Pedestrian 0.00 0 -2.96 693.34 171.16 705.73 199.76 1.85 0.57 0.71 5.80 1.74 46.96 -2.84 0.19
Pedestrian 0.00 0 -6.48 654.20 171.10 668.13 196.44 1.88 0.45 0.96 3.78 1.75 53.71 -6.41 0.14
Pedestrian 0.00 0 -5.88 164.61 170.56 233.34 267.13 1.85 0.65 1.00 -8.10 1.80 14.16 -6.40 0.14
Pedestrian 0.00 0 -7.58 670.88 174.01 683.19 202.61 1.74 0.58 0.74 4.09 1.81 44.39 -7.49 0.13
Car 0.00 0 -2.96 457.87 175.62 519.78 198.72 1.60 1.67 4.09 -8.58 1.80 51.14 -3.13 0.13
Pedestrian 0.00 0 -2.49 361.45 172.94 370.94 201.53 1.80 0.48 0.35 -15.49 1.81 45.74 -2.82 0.13
Car 0.00 0 -7.71 492.97 175.05 522.65 197.85 1.66 1.68 4.07 -7.76 1.83 54.87 -7.85 0.12
Pedestrian 0.00 0 -8.13 728.37 169.48 748.35 211.60 1.85 0.70 0.75 5.67 1.71 32.15 -7.96 0.10
