Car 0.00 0 -4.56 978.48 184.29 1022.53 213.03 1.54 1.67 4.15 23.00 2.25 42.49 -4.06 0.36
Cyclist 0.00 0 -8.19 787.56 170.14 811.67 209.50 1.72 0.48 1.79 8.47 1.60 32.45 -7.94 0.30
Car 0.00 0 -6.27 448.57 174.06 550.63 211.04 1.59 1.63 4.40 -4.95 1.65 32.28 -6.42 0.18
Pedestrian 0.00 0 -3.17 1018.69 175.38 1035.00 210.53 1.97 0.68 0.78 23.61 2.11 40.93 -2.65 0.15
Pedestrian 0.00 0 -4.73 1212.97 185.31 1241.00 257.69 1.22 0.40 0.38 10.72 1.45 12.57 -4.03 0.15
Pedestrian 0.00 0 -2.71 225.88 177.65 237.51 202.02 1.67 0.67 0.48 -26.21 2.00 49.93 -3.20 0.14
Car 0.00 0 -6.27 481.87 176.38 595.97 219.18 1.55 1.68 4.16 -2.71 1.69 27.28 -6.37 0.13
Pedestrian 0.00 0 -2.96 656.06 171.43 693.79 250.82 1.70 0.48 0.75 1.37 1.67 15.79 -2.87 0.13
Car 0.00 0 -5.38 931.14 190.10 1012.12 222.58 1.45 1.67 3.78 18.12 2.37 36.42 -4.92 0.13
Pedestrian 0.00 0 -4.09 1111.19 166.12 1168.43 262.79 1.59 0.54 0.58 8.90 1.48 12.20 -3.46 0.12
Pedestrian 0.00 0 -5.33 1006.76 166.32 1052.24 236.41 1.70 0.55 0.92 10.41 1.54 18.01 -4.81 0.12
Car 0.00 0 -8.34 784.15 156.72 823.59 179.28 1.97 1.72 4.10 17.44 0.56 65.15 -8.08 0.12
Pedestrian 0.00 0 -3.67 817.40 164.62 835.11 209.68 1.89 0.53 0.52 9.10 1.54 30.52 -3.38 0.12
Pedestrian 0.00 0 -8.60 1067.28 151.98 1126.01 250.16 1.79 0.57 0.74 9.09 1.41 13.57 -8.01 0.12
Car 0.00 0 -4.96 905.74 185.64 937.38 204.82 1.63 1.65 4.43 28.69 2.85 66.60 -4.55 0.12
Cyclist 0.00 0 -7.68 100.62 182.79 117.12 213.81 1.68 0.48 1.64 -28.09 2.25 40.41 -8.29 0.11
Car 0.00 0 -7.85 624.38 177.41 667.93 218.61 1.49 1.60 3.90 1.38 1.68 28.52 -7.80 0.10
