Car 0.00 0 -8.32 803.74 198.22 1241.00 374.00 1.49 1.67 3.83 2.68 1.74 5.19 -7.85 0.97
Car 0.00 0 -4.94 685.22 189.29 801.37 267.92 1.39 1.60 3.82 2.66 1.79 15.50 -4.77 0.97
Car 0.00 0 -4.53 405.75 184.90 507.83 261.97 1.49 1.60 3.63 -3.38 1.79 16.31 -4.73 0.92
Car 0.00 0 -7.96 669.13 184.03 733.68 239.67 1.48 1.54 3.34 2.61 1.84 21.54 -7.84 0.92
Car 0.00 0 -4.20 0.00 190.69 364.70 374.00 1.54 1.68 4.42 -3.36 1.73 5.30 -4.76 0.90
Car 0.00 0 -4.84 653.53 182.87 710.24 227.94 1.46 1.56 3.86 2.50 1.86 26.27 -4.74 0.69
Cyclist 0.00 0 -5.02 319.63 176.91 362.99 248.37 1.74 0.53 1.72 -6.96 1.85 18.51 -5.38 0.46
Pedestrian 0.00 0 -7.69 1107.40 163.05 1147.90 249.08 1.83 0.61 0.77 11.30 1.62 15.82 -7.07 0.40
Pedestrian 0.00 0 -3.38 763.89 171.58 781.26 213.69 1.84 0.55 0.64 7.13 1.79 31.84 -3.15 0.17
Pedestrian 0.00 0 -4.25 1070.82 145.91 1149.95 293.92 1.99 0.60 0.84 6.98 1.62 10.15 -3.65 0.16
Pedestrian 0.00 0 -5.79 228.43 163.65 286.68 262.36 1.94 0.67 0.84 -7.14 1.76 14.54 -6.25 0.15
Pedestrian 0.00 0 -4.00 1035.55 156.73 1068.02 223.09 1.90 0.55 0.59 12.82 1.44 21.02 -3.45 0.15
Cyclist 0.00 0 -4.32 0.00 173.77 32.21 349.09 1.75 0.50 1.70 -7.21 1.76 8.10 -5.04 0.14
Pedestrian 0.00 0 -4.16 1110.05 166.84 1179.94 281.18 1.78 0.56 0.82 8.57 1.69 11.63 -3.53 0.13
Pedestrian 0.00 0 -7.76 944.69 166.50 978.99 255.90 1.87 0.62 0.45 7.47 1.73 15.41 -7.31 0.13
Pedestrian 0.00 0 -3.30 1011.28 169.75 1045.96 246.12 1.79 0.61 0.63 10.01 1.72 17.35 -2.78 0.12
Car 0.00 0 -2.85 554.60 180.14 603.98 200.60 1.53 1.66 3.51 -2.40 2.11 56.02 -2.90 0.12
Pedestrian 0.00 0 -4.87 1032.28 169.43 1077.32 268.52 1.84 0.61 0.84 8.49 1.77 13.89 -4.32 0.10
