Car 0.00 0 -7.84 547.28 183.35 596.21 227.94 1.38 1.57 3.23 -1.34 1.76 24.76 -7.90 0.91
Car 0.00 0 -7.81 491.68 179.92 528.17 211.86 1.45 1.61 3.50 -4.91 1.82 35.44 -7.94 0.89
Car 0.00 0 -7.71 605.57 178.99 640.19 204.75 1.46 1.59 3.66 0.79 1.85 43.76 -7.69 0.35
Car 0.00 0 -7.92 923.71 178.55 967.19 212.02 1.50 1.64 3.82 16.23 1.79 35.13 -7.49 0.35
Car 0.00 0 -3.96 838.14 183.04 896.47 206.80 1.68 1.65 4.30 19.36 2.48 54.34 -3.62 0.34
Car 0.00 0 -4.05 0.00 225.85 232.37 374.00 1.47 1.50 3.62 -3.00 1.82 2.82 -4.86 0.34
Car 0.00 0 -5.91 0.00 171.74 166.89 228.19 1.54 1.64 4.24 -15.60 1.51 21.00 -6.55 0.26
Car 0.00 0 -7.04 728.34 181.51 784.83 203.78 1.47 1.65 3.77 10.25 2.09 50.56 -6.84 0.24
Car 0.00 0 -7.90 233.37 179.19 261.79 201.63 1.54 1.65 3.83 -26.48 2.02 52.62 -8.37 0.19
Car 0.00 0 -3.52 594.86 179.13 697.70 215.60 1.52 1.63 4.24 1.56 1.81 31.93 -3.47 0.19
Pedestrian 0.00 0 -8.02 955.85 172.84 979.57 225.25 1.94 0.71 0.57 13.38 1.94 27.08 -7.56 0.13
Car 0.00 0 -7.38 92.87 192.64 300.99 291.38 1.39 1.53 4.14 -7.25 1.81 13.10 -7.89 0.13
Car 0.00 0 -2.31 0.00 174.57 17.30 227.39 1.45 1.55 3.64 -19.46 1.50 20.72 -3.07 0.11
Pedestrian 0.00 0 -6.68 643.08 173.28 654.74 198.73 1.81 0.81 0.57 2.76 1.84 51.77 -6.63 0.11
Cyclist 0.00 0 -3.05 283.66 175.30 331.77 218.63 1.72 0.62 1.75 -12.29 1.82 29.27 -3.44 0.10
Pedestrian 0.00 0 -5.00 1077.47 174.11 1112.58 241.81 1.82 0.60 0.79 13.32 1.86 19.90 -4.41 0.10
