Car 0.00 0 -4.19 223.53 185.80 292.90 217.99 1.40 1.49 3.39 -16.82 2.06 34.59 -4.64 0.59
Cyclist 0.00 0 -8.09 685.76 165.60 702.97 199.75 1.78 0.52 1.70 4.46 1.40 38.54 -7.98 0.27
Car 0.00 0 -8.19 855.42 175.70 967.17 242.91 1.44 1.49 3.09 6.98 1.51 17.12 -7.80 0.19
Cyclist 0.00 0 -6.31 297.00 176.11 323.39 202.45 1.83 0.67 1.70 -21.14 2.06 50.80 -6.70 0.18
Car 0.00 0 -2.82 81.34 181.99 163.32 207.26 1.48 1.61 3.88 -30.04 2.06 44.50 -3.41 0.18
Car 0.00 0 -2.62 13.50 188.64 181.95 236.53 1.48 1.64 4.31 -16.91 2.02 23.92 -3.23 0.16
Car 0.00 0 -5.18 650.72 175.89 719.24 208.89 1.42 1.53 3.94 3.37 1.57 33.49 -5.08 0.15
Pedestrian 0.00 0 -5.47 1121.48 149.37 1206.04 276.94 1.76 0.55 0.82 7.90 1.44 10.39 -4.82 0.12
Pedestrian 0.00 0 -4.14 1184.91 147.98 1241.00 278.39 1.69 0.58 0.70 8.25 1.37 9.71 -3.44 0.10
Pedestrian 0.00 0 -3.15 1031.57 162.39 1076.80 256.81 1.63 0.50 0.67 7.85 1.45 12.85 -2.60 0.10
