Car 0.00 0 -7.84 563.49 178.97 616.12 225.18 1.35 1.58 3.51 -0.69 1.57 23.39 -7.87 0.78
Car 0.00 0 -7.75 510.18 176.34 550.77 208.27 1.37 1.50 3.40 -3.64 1.54 33.09 -7.86 0.64
Car 0.00 0 -7.62 396.58 180.98 503.35 249.92 1.43 1.62 4.13 -3.80 1.66 17.58 -7.84 0.46
Car 0.00 0 -3.89 0.00 197.98 300.12 374.00 1.62 1.60 3.59 -3.01 1.79 3.05 -4.66 0.38
Cyclist 0.00 0 -6.07 0.00 175.08 47.03 246.94 1.66 0.71 1.80 -14.89 1.72 17.48 -6.78 0.22
Pedestrian 0.00 0 -8.15 850.70 167.11 866.86 203.65 1.86 0.66 0.51 12.73 1.57 37.04 -7.82 0.15
Car 0.00 0 -6.01 0.00 177.58 181.82 242.11 1.55 1.67 4.36 -14.02 1.68 19.05 -6.64 0.14
Pedestrian 0.00 0 -7.23 473.49 203.32 598.83 374.00 1.63 0.61 0.49 -0.51 1.84 4.49 -7.34 0.14
Car 0.00 0 -4.89 767.20 171.69 795.06 192.20 1.67 1.59 3.87 14.30 1.57 60.55 -4.66 0.14
Car 0.00 0 -4.02 772.78 173.20 826.13 198.42 1.67 1.58 3.64 13.01 1.70 49.61 -3.76 0.12
Car 0.00 0 -7.44 623.80 171.95 685.71 205.59 1.46 1.55 3.54 2.07 1.42 33.14 -7.38 0.11
Pedestrian 0.00 0 -4.52 972.86 170.34 992.23 216.67 1.77 0.59 0.47 14.37 1.67 27.91 -4.05 0.10
Car 0.00 0 -2.85 35.79 180.10 220.86 237.22 1.52 1.61 4.18 -13.84 1.74 20.92 -3.43 0.10
Car 0.00 0 -4.66 667.58 174.45 686.51 190.38 1.45 1.57 3.74 6.31 1.60 67.82 -4.56 0.10
Car 0.00 0 -4.92 606.43 174.99 632.27 191.33 1.45 1.55 4.21 0.81 1.65 66.67 -4.91 0.10
