Car 0.00 0 -4.63 424.04 179.78 482.52 230.67 1.44 1.53 3.43 -4.90 1.67 22.68 -4.85 0.88
Car 0.00 0 -3.58 624.50 172.33 698.21 197.07 1.57 1.65 4.57 3.35 1.54 47.47 -3.51 0.84
Car 0.00 0 -4.24 0.00 180.60 101.13 250.27 1.59 1.65 4.02 -15.40 1.82 19.08 -4.92 0.82
Pedestrian 0.00 0 -7.94 700.38 167.86 725.27 219.83 1.72 0.75 0.92 3.42 1.55 24.34 -7.80 0.77
Car 0.00 0 -5.27 341.08 180.18 427.45 216.30 1.46 1.66 4.24 -10.09 1.80 31.97 -5.57 0.73
Car 0.00 0 -3.71 510.91 175.46 583.39 201.13 1.48 1.61 4.20 -3.83 1.65 44.02 -3.80 0.73
Pedestrian 0.00 0 -4.41 1104.38 152.56 1168.40 282.08 1.72 0.54 0.69 7.26 1.46 10.03 -3.78 0.52
Car 0.00 0 -2.32 0.00 195.62 15.16 329.95 1.45 1.61 4.11 -10.15 1.76 8.92 -3.17 0.33
Cyclist 0.00 0 -8.09 746.31 167.23 772.19 220.66 1.74 0.47 1.68 4.98 1.56 24.35 -7.89 0.30
Car 0.00 0 -2.88 452.43 178.81 512.91 198.77 1.48 1.67 4.26 -9.70 1.94 54.99 -3.06 0.29
Car 0.00 0 -3.90 0.00 187.61 124.12 261.54 1.43 1.59 3.57 -13.32 1.80 16.53 -4.58 0.18
Pedestrian 0.00 0 -8.04 854.30 159.07 882.48 219.87 1.91 0.69 0.90 8.24 1.48 23.17 -7.70 0.17
Cyclist 0.00 0 -3.76 985.34 129.75 1029.22 170.04 1.85 0.68 1.71 18.42 -0.13 33.54 -3.26 0.17
Car 0.00 0 -3.89 0.00 220.34 264.99 374.00 1.53 1.53 3.68 -3.00 1.84 2.74 -4.72 0.14
Cyclist 0.00 0 -6.64 508.28 171.16 546.74 210.80 1.80 0.69 1.64 -3.86 1.73 33.47 -6.76 0.14
Pedestrian 0.00 0 -3.63 1086.51 151.25 1136.18 232.01 1.77 0.54 0.75 11.17 1.30 16.15 -3.03 0.12
