Car 0.00 0 -4.29 174.19 190.14 325.78 266.05 1.49 1.69 4.07 -8.39 1.95 17.15 -4.75 0.93
Car 0.00 0 -7.88 567.00 179.77 609.65 223.03 1.65 1.66 4.51 -1.02 1.96 30.54 -7.92 0.93
Car 0.00 0 -4.42 330.29 188.17 410.36 235.32 1.49 1.63 4.21 -8.65 2.09 26.26 -4.74 0.89
Car 0.00 0 -4.51 406.91 184.61 455.39 216.95 1.49 1.65 3.94 -9.07 2.12 36.72 -4.76 0.85
Car 0.00 0 -7.03 0.00 197.72 18.64 265.99 1.46 1.61 3.99 -18.07 2.18 18.92 -7.80 0.28
Cyclist 0.00 0 -6.75 763.62 174.33 797.03 207.65 1.87 0.71 1.72 9.68 1.96 41.17 -6.52 0.23
Pedestrian 0.00 0 -4.86 1229.39 141.08 1241.00 216.67 1.91 0.68 0.90 16.58 1.11 18.76 -4.13 0.20
Car 0.00 0 -4.56 407.41 185.71 462.10 225.84 1.48 1.63 4.03 -7.26 2.05 30.03 -4.80 0.19
Car 0.00 0 -7.61 324.73 184.58 418.92 245.62 1.60 1.70 4.36 -7.15 1.99 21.96 -7.92 0.17
Car 0.00 0 -4.56 438.12 185.81 483.95 218.68 1.43 1.59 4.15 -7.25 2.11 35.26 -4.76 0.15
Car 0.00 0 -7.31 75.21 194.15 184.49 238.53 1.46 1.62 4.05 -18.36 2.34 27.76 -7.89 0.14
Pedestrian 0.00 0 -8.50 792.03 180.66 807.62 211.39 1.62 0.58 0.57 10.11 2.04 38.57 -8.25 0.14
Pedestrian 0.00 0 -5.16 885.52 177.68 926.71 254.17 1.50 0.51 0.71 5.91 1.60 14.55 -4.77 0.14
Car 0.00 0 -7.87 629.60 177.15 652.31 200.95 1.80 1.72 3.94 2.41 2.16 57.37 -7.83 0.11
Car 0.00 0 -7.83 464.73 182.43 493.10 209.91 1.52 1.60 3.88 -7.86 2.12 43.28 -8.01 0.10
