Car 0.00 0 -8.08 704.74 182.06 857.52 286.04 1.40 1.58 3.71 2.58 1.58 11.91 -7.87 0.97
Car 0.00 0 -4.43 296.50 172.75 475.98 284.34 1.50 1.63 4.22 -3.46 1.50 11.82 -4.71 0.92
Car 0.00 0 -4.85 659.71 176.13 728.45 226.70 1.40 1.56 3.97 2.46 1.51 22.28 -4.74 0.92
Car 0.00 0 -4.57 465.27 172.18 531.53 221.78 1.45 1.60 3.61 -3.51 1.43 22.94 -4.73 0.91
Car 0.00 0 -5.47 850.48 202.25 1241.00 374.00 1.44 1.72 4.26 2.63 1.65 3.09 -4.76 0.90
Car 0.00 0 -3.77 0.00 178.07 180.94 374.00 1.61 1.59 3.54 -3.42 1.64 2.53 -4.71 0.87
Car 0.00 0 -4.81 641.01 172.33 682.61 206.17 1.46 1.53 3.81 2.28 1.44 33.03 -4.74 0.63
Car 0.00 0 -7.93 649.80 174.13 696.68 213.33 1.44 1.55 3.60 2.39 1.49 28.41 -7.85 0.60
Cyclist 0.00 0 -8.31 1134.79 145.16 1235.03 275.79 1.85 0.45 1.82 8.78 1.46 11.17 -7.64 0.35
Cyclist 0.00 0 -7.25 51.55 161.03 166.44 289.16 1.68 0.51 1.63 -7.14 1.53 10.29 -7.85 0.29
Pedestrian 0.00 0 -8.47 927.57 155.65 952.00 205.70 1.91 0.65 0.57 12.67 1.25 27.81 -8.05 0.28
Pedestrian 0.00 0 -4.82 1199.44 114.93 1241.00 324.12 2.01 0.72 0.98 6.61 1.45 7.53 -4.10 0.22
Car 0.00 0 -4.90 611.24 171.66 648.23 196.85 1.50 1.59 3.92 1.15 1.43 45.06 -4.88 0.18
Pedestrian 0.00 0 -7.22 911.33 155.70 925.21 190.76 1.80 0.54 0.38 15.91 0.92 37.34 -6.82 0.17
Pedestrian 0.00 0 -5.67 453.42 159.78 473.34 198.80 1.91 0.64 0.73 -7.29 1.27 35.71 -5.87 0.15
Pedestrian 0.00 0 -4.05 1011.18 165.78 1064.22 257.80 1.67 0.55 0.68 7.95 1.55 13.51 -3.52 0.14
Pedestrian 0.00 0 -5.84 583.20 167.09 594.09 188.75 1.84 0.53 0.78 -1.85 1.35 61.73 -5.87 0.11
