Car 0.00 0 -7.40 8.21 189.75 408.24 369.00 1.51 1.58 3.81 -3.21 1.62 6.58 -7.85 0.98
Cyclist 0.00 0 -6.24 317.71 159.98 428.25 267.76 1.86 0.64 1.85 -4.20 1.51 12.76 -6.55 0.83
Car 0.00 0 -6.91 1144.36 150.86 1223.00 197.64 1.40 1.52 3.62 19.21 0.51 22.03 -6.19 0.81
Cyclist 0.00 0 -7.86 943.44 148.11 966.70 210.94 1.83 0.61 1.87 10.62 0.89 21.54 -7.41 0.68
Pedestrian 0.00 0 -5.10 652.69 151.93 707.22 254.89 1.84 0.70 0.95 1.34 1.33 13.19 -5.00 0.67
Pedestrian 0.00 0 -2.77 0.00 184.80 48.98 268.58 1.59 0.59 0.65 -11.42 1.67 13.81 -3.46 0.67
Pedestrian 0.00 0 -5.60 379.60 153.00 474.19 282.39 1.91 0.85 1.16 -2.82 1.50 11.04 -5.85 0.67
Pedestrian 0.00 0 -5.86 391.99 163.30 459.14 272.79 1.79 0.54 0.96 -3.06 1.51 11.89 -6.11 0.58
Cyclist 0.00 0 -6.96 1021.85 143.80 1078.85 193.55 1.78 0.62 1.75 16.13 0.47 25.66 -6.40 0.56
Pedestrian 0.00 0 -5.69 110.96 175.26 163.45 264.64 1.72 0.61 0.63 -9.22 1.62 13.89 -6.28 0.54
Pedestrian 0.00 0 -4.41 1175.62 141.41 1215.17 203.06 1.75 0.66 0.86 17.15 0.64 20.58 -3.72 0.33
Pedestrian 0.00 0 -7.48 93.53 184.85 132.93 260.59 1.55 0.50 0.59 -10.35 1.64 14.83 -8.09 0.31
Cyclist 0.00 0 -2.87 318.97 173.17 388.73 241.21 1.66 0.60 1.53 -6.26 1.48 17.57 -3.21 0.31
Pedestrian 0.00 0 -3.22 543.24 167.26 551.97 193.93 1.72 0.72 0.51 -3.73 0.87 45.87 -3.30 0.25
Pedestrian 0.00 0 -6.12 851.92 158.79 864.96 193.43 1.76 0.61 0.54 13.01 0.66 36.33 -5.78 0.24
Car 0.00 0 -8.37 1036.65 153.16 1160.92 204.50 1.47 1.62 3.55 15.19 0.69 22.03 -7.76 0.24
Pedestrian 0.00 0 -3.31 773.68 159.97 790.56 191.73 1.82 0.57 0.86 10.22 0.65 40.84 -3.07 0.22
Pedestrian 0.00 0 -3.41 1214.81 134.06 1223.00 241.34 1.77 0.52 0.95 11.09 1.00 12.10 -2.66 0.21
Cyclist 0.00 0 -7.25 0.00 187.44 31.41 303.96 1.67 0.52 1.56 -9.82 1.79 11.03 -7.97 0.21
Car 0.00 0 -3.16 36.97 182.35 114.39 206.26 1.46 1.55 3.92 -33.83 1.58 45.25 -3.80 0.19
Car 0.00 0 -6.43 128.66 181.21 182.93 199.35 1.51 1.61 3.76 -38.71 1.58 60.98 -7.00 0.19
Car 0.00 0 -3.02 0.00 182.50 29.33 208.60 1.54 1.66 4.01 -38.43 1.67 43.92 -3.74 0.19
Car 0.00 0 -4.73 654.15 164.44 693.88 201.55 1.55 1.65 4.16 3.02 0.88 31.63 -4.64 0.17
Pedestrian 0.00 0 -3.37 760.69 157.14 777.08 187.75 1.88 0.57 0.88 10.13 0.45 43.74 -3.14 0.16
Pedestrian 0.00 0 -3.43 755.01 161.21 764.97 183.75 1.86 0.58 0.67 12.90 0.27 58.80 -3.22 0.14
Car 0.00 0 -2.36 82.85 177.56 140.57 196.40 1.53 1.58 3.95 -40.82 1.29 58.56 -2.97 0.14
Pedestrian 0.00 0 -3.25 898.95 147.94 953.51 248.58 1.79 0.53 0.86 5.82 1.21 12.94 -2.83 0.13
Car 0.00 0 -8.04 1015.56 152.25 1122.17 215.47 1.50 1.62 4.20 12.30 0.83 19.06 -7.47 0.12
Pedestrian 0.00 0 -7.36 955.50 149.97 976.52 186.32 1.86 0.77 0.63 18.75 0.30 36.75 -6.88 0.12
Pedestrian 0.00 0 -4.82 785.21 156.12 795.97 186.43 1.95 0.60 0.73 12.05 0.38 45.91 -4.56 0.11
Car 0.00 0 -7.81 484.81 171.20 514.13 195.65 1.42 1.61 4.02 -6.41 0.88 43.23 -7.96 0.11
Pedestrian 0.00 0 -7.91 931.23 154.83 945.60 189.85 1.84 0.66 0.48 17.70 0.49 37.55 -7.47 0.11
Car 0.00 0 -8.17 698.75 166.12 727.16 186.12 1.86 1.60 3.73 10.35 0.52 67.84 -8.02 0.10
