Pedestrian 0.00 0 -4.55 787.79 169.14 803.20 206.14 1.82 0.63 0.80 9.21 1.64 35.95 -4.30 0.34
Car 0.00 0 -4.78 1069.47 178.27 1112.02 210.93 1.51 1.51 3.70 23.94 1.80 36.07 -4.19 0.33
Car 0.00 0 -8.10 595.74 178.07 634.53 203.39 1.51 1.62 3.65 0.25 1.85 45.73 -8.09 0.31
Car 0.00 0 -7.03 801.17 177.27 910.45 216.03 1.50 1.67 4.31 10.17 1.70 29.96 -6.70 0.31
Pedestrian 0.00 0 -6.82 1055.56 165.65 1111.18 235.10 1.74 0.54 1.06 12.01 1.56 18.39 -6.24 0.29
Pedestrian 0.00 0 -5.98 690.97 174.07 704.93 201.58 1.82 0.58 0.79 5.85 1.90 48.22 -5.86 0.28
Pedestrian 0.00 0 -4.03 1230.27 148.73 1241.00 273.15 1.76 0.65 0.79 9.73 1.42 10.60 -3.29 0.18
Pedestrian 0.00 0 -5.08 906.09 158.52 937.81 218.66 1.92 0.66 0.92 10.11 1.46 23.52 -4.67 0.16
Pedestrian 0.00 0 -6.90 1157.27 163.47 1239.60 279.74 1.62 0.60 0.70 8.38 1.49 10.36 -6.22 0.14
Pedestrian 0.00 0 -7.98 854.75 159.62 879.32 213.90 1.89 0.70 1.02 9.12 1.43 25.75 -7.64 0.12
Pedestrian 0.00 0 -4.78 567.25 238.52 641.47 374.00 1.38 0.40 0.46 -0.10 1.79 4.25 -4.81 0.12
Car 0.00 0 -7.98 657.14 178.33 702.60 213.00 1.47 1.59 3.83 3.11 1.74 33.12 -7.89 0.11
Pedestrian 0.00 0 -5.35 306.95 192.91 467.66 374.00 1.67 0.63 0.65 -1.35 1.80 4.20 -5.66 0.11
Pedestrian 0.00 0 -4.50 1104.51 162.67 1156.33 260.51 1.65 0.62 0.63 9.06 1.48 12.64 -3.88 0.10
Cyclist 0.00 0 -2.79 86.24 178.73 125.58 210.16 1.68 0.79 1.58 -27.49 2.00 39.32 -3.40 0.10
