Car 0.00 0 -3.92 0.00 195.10 252.27 374.00 1.57 1.62 4.19 -3.72 1.75 3.68 -4.72 0.90
Car 0.00 0 -7.93 617.64 163.39 687.91 224.76 1.50 1.58 4.23 1.02 1.27 19.76 -7.88 0.89
Pedestrian 0.00 0 -4.59 593.63 159.75 622.86 224.39 1.71 0.70 0.80 -0.09 1.36 19.52 -4.59 0.55
Pedestrian 0.00 0 -6.53 677.30 159.48 700.69 206.19 1.78 0.63 0.77 3.01 1.27 27.90 -6.43 0.27
Car 0.00 0 -7.75 613.44 165.20 649.95 195.21 1.47 1.53 3.38 1.12 1.09 36.99 -7.72 0.27
Car 0.00 0 -2.72 254.18 162.05 466.58 243.25 1.70 1.66 4.17 -5.53 1.47 16.11 -3.05 0.22
Car 0.00 0 -7.35 456.80 169.30 520.47 199.16 1.45 1.62 3.72 -6.19 1.27 36.97 -7.51 0.16
Cyclist 0.00 0 -4.41 193.88 176.58 264.39 290.17 1.62 0.50 1.66 -5.94 1.69 11.23 -4.89 0.15
Pedestrian 0.00 0 -3.82 686.28 157.64 712.92 208.46 1.70 0.59 0.68 3.00 1.19 24.54 -3.69 0.14
Car 0.00 0 -6.28 672.59 156.89 776.06 195.43 1.61 1.63 4.31 4.88 0.94 31.23 -6.13 0.13
Pedestrian 0.00 0 -4.72 325.65 158.68 351.21 232.94 1.81 0.59 0.71 -6.84 1.47 18.04 -5.09 0.11
Car 0.00 0 -5.40 1012.59 117.39 1241.00 374.00 1.65 1.61 3.54 4.01 1.46 4.23 -4.65 0.11
Car 0.00 0 -5.30 563.41 167.02 606.52 187.88 1.54 1.53 3.60 -1.97 1.11 55.02 -5.34 0.10
