Car 0.00 0 -1.85 31.91 178.67 98.87 210.14 1.38 1.52 3.83 -25.81 1.67 34.11 -2.50 0.40
Cyclist 0.00 0 -6.71 589.71 174.73 615.67 196.76 1.72 0.87 1.87 -0.61 1.87 57.28 -6.72 0.33
Car 0.00 0 -2.67 0.00 165.99 1.64 229.68 1.48 1.55 3.89 -18.10 1.33 18.16 -3.46 0.26
Car 0.00 0 -6.89 1081.30 191.37 1187.87 225.03 1.51 1.59 3.86 24.71 2.41 34.12 -6.26 0.20
Cyclist 0.00 0 -5.62 46.12 176.25 77.79 206.38 1.85 0.61 1.51 -34.03 2.07 44.76 -6.27 0.19
Car 0.00 0 -7.26 91.86 179.28 200.13 218.25 1.45 1.70 4.19 -19.00 1.74 29.72 -7.83 0.18
Car 0.00 0 -2.50 17.62 174.71 172.40 223.85 1.44 1.54 3.63 -15.63 1.49 21.95 -3.12 0.14
Pedestrian 0.00 0 -4.49 925.84 162.31 946.51 209.27 1.86 0.62 0.69 13.07 1.44 29.01 -4.07 0.13
Car 0.00 0 -5.70 914.12 191.89 975.33 213.58 1.58 1.69 4.30 27.17 3.19 58.74 -5.26 0.13
Cyclist 0.00 0 -4.08 1044.66 166.85 1096.47 215.58 1.68 0.67 1.70 16.21 1.47 25.46 -3.52 0.13
Cyclist 0.00 0 -4.64 962.01 168.99 975.71 204.73 1.61 0.45 1.62 16.50 1.43 33.23 -4.18 0.12
Car 0.00 0 -5.48 196.87 178.41 284.80 208.30 1.45 1.56 4.14 -18.88 1.74 36.83 -5.95 0.12
Car 0.00 0 -5.41 1193.93 200.10 1241.00 231.31 1.53 1.62 4.02 35.53 3.16 40.96 -4.70 0.11
Cyclist 0.00 0 -3.07 826.24 171.52 856.01 201.15 1.81 0.67 1.71 14.27 1.73 44.66 -2.76 0.11
Car 0.00 0 -7.56 41.18 180.65 119.45 218.39 1.48 1.61 4.13 -23.04 1.85 31.49 -8.19 0.11
Cyclist 0.00 0 -7.82 414.76 177.86 423.99 205.47 1.74 0.52 1.61 -12.33 2.07 46.59 -8.08 0.10
