Car 0.00 0 -7.18 992.52 177.56 1217.41 271.38 1.44 1.49 3.15 8.47 1.38 12.20 -6.57 0.78
Pedestrian 0.00 0 -3.21 943.07 175.80 1101.16 373.00 1.68 0.69 1.00 3.14 1.64 5.55 -2.70 0.77
Pedestrian 0.00 0 -6.97 147.90 172.05 188.18 230.54 1.77 0.58 0.91 -13.47 1.49 22.30 -7.52 0.66
Pedestrian 0.00 0 -4.58 706.70 160.06 728.13 207.11 1.76 0.73 0.60 4.39 0.96 27.27 -4.42 0.46
Pedestrian 0.00 0 -8.40 753.90 161.33 773.69 202.70 1.87 0.63 0.66 7.43 0.96 32.93 -8.18 0.36
Cyclist 0.00 0 -8.66 970.30 160.36 1006.04 194.94 1.63 0.50 1.62 18.66 0.63 34.70 -8.17 0.35
Pedestrian 0.00 0 -8.37 958.61 160.54 982.17 200.19 1.78 0.76 0.59 16.68 0.84 32.50 -7.89 0.35
Cyclist 0.00 0 -6.86 708.26 158.33 758.14 208.19 1.79 0.64 1.74 4.84 0.96 26.47 -6.68 0.35
Pedestrian 0.00 0 -8.25 1128.94 154.67 1163.68 212.04 1.80 0.65 0.75 17.36 0.96 22.93 -7.60 0.30
Pedestrian 0.00 0 -8.00 656.84 155.60 672.07 192.48 1.87 0.69 0.59 3.21 0.56 36.72 -7.92 0.25
Pedestrian 0.00 0 -4.56 174.36 165.45 206.56 231.13 1.91 0.71 0.88 -12.29 1.45 21.45 -5.08 0.24
Car 0.00 0 -4.11 1030.30 169.11 1169.87 224.24 1.46 1.54 3.50 14.07 1.13 20.32 -3.51 0.20
Pedestrian 0.00 0 -7.99 835.04 159.57 851.05 197.61 1.81 0.65 0.63 11.63 0.77 34.61 -7.67 0.17
Pedestrian 0.00 0 -7.79 782.93 160.57 812.40 243.73 1.83 0.60 0.86 4.42 1.37 16.30 -7.53 0.16
Pedestrian 0.00 0 -4.10 997.52 159.45 1023.52 215.06 1.72 0.56 0.44 12.82 1.04 22.57 -3.59 0.15
Cyclist 0.00 0 -8.59 927.13 162.95 984.86 224.13 1.71 0.59 1.59 10.29 1.19 20.96 -8.13 0.12
Car 0.00 0 -8.63 852.36 150.18 939.94 192.00 2.24 1.92 4.64 16.73 0.56 41.03 -8.24 0.12
Pedestrian 0.00 0 -4.15 202.65 172.41 230.56 226.01 1.85 0.60 0.66 -13.47 1.54 25.11 -4.65 0.12
Car 0.00 0 -6.71 1086.37 154.28 1233.48 198.46 1.53 1.62 3.90 20.16 0.59 26.12 -6.05 0.12
Pedestrian 0.00 0 -5.43 57.78 174.02 94.73 232.65 1.89 0.66 0.73 -17.27 1.65 23.59 -6.07 0.11
Pedestrian 0.00 0 -3.36 479.86 158.37 500.33 212.55 1.84 0.57 0.59 -3.87 1.06 24.82 -3.52 0.11
Pedestrian 0.00 0 -3.78 214.44 168.28 247.55 228.48 1.80 0.56 0.70 -11.31 1.40 21.88 -4.26 0.11
Pedestrian 0.00 0 -7.93 639.92 163.52 657.35 205.43 1.75 0.69 0.57 1.97 1.00 30.26 -7.87 0.10
