Car 0.00 0 -4.93 674.56 181.15 783.73 255.12 1.47 1.61 4.16 2.59 1.68 16.90 -4.78 0.95
Car 0.00 0 -4.32 98.14 194.79 420.75 368.92 1.33 1.62 4.42 -3.59 1.65 8.29 -4.73 0.94
Car 0.00 0 -4.49 396.23 174.26 502.30 254.45 1.59 1.53 3.62 -3.52 1.62 16.15 -4.70 0.91
Car 0.00 0 -7.96 657.05 181.21 712.30 223.97 1.37 1.57 3.75 2.55 1.69 25.77 -7.86 0.88
Car 0.00 0 -4.58 482.62 175.81 540.75 221.85 1.49 1.54 3.95 -3.44 1.60 25.53 -4.72 0.85
Car 0.00 0 -4.82 637.43 175.84 678.31 209.70 1.59 1.61 4.04 2.31 1.75 36.28 -4.76 0.62
Car 0.00 0 -4.80 521.17 174.94 558.28 206.51 1.52 1.55 3.84 -3.69 1.63 37.00 -4.90 0.61
Car 0.00 0 -7.72 204.79 178.10 309.07 257.56 1.50 1.57 3.42 -7.60 1.63 15.71 -8.17 0.17
Car 0.00 0 -7.92 633.03 177.41 663.32 203.85 1.46 1.53 3.25 2.16 1.74 42.05 -7.87 0.17
Pedestrian 0.00 0 -4.12 1045.76 132.80 1070.01 185.49 1.86 0.57 0.47 15.96 0.45 25.79 -3.56 0.14
Pedestrian 0.00 0 -3.62 778.37 169.55 790.53 197.40 1.78 0.49 0.60 11.18 1.57 46.39 -3.39 0.13
Pedestrian 0.00 0 -4.67 775.99 162.69 790.64 202.74 1.89 0.65 0.70 8.25 1.41 34.48 -4.43 0.11
Cyclist 0.00 0 -7.45 294.72 165.03 343.00 243.13 1.76 0.45 1.64 -6.92 1.58 17.09 -7.83 0.11
Pedestrian 0.00 0 -6.04 351.01 166.97 383.70 230.75 1.76 0.64 0.74 -6.86 1.60 20.28 -6.37 0.11
Cyclist 0.00 0 -7.52 0.00 164.73 22.74 258.21 1.75 0.53 1.67 -12.38 1.59 14.34 -8.23 0.10
Pedestrian 0.00 0 -8.91 1161.56 164.75 1203.63 240.47 1.78 0.60 0.57 13.74 1.59 17.38 -8.24 0.10
Pedestrian 0.00 0 -8.24 981.13 160.38 1019.14 227.13 1.93 0.74 0.81 11.48 1.57 21.33 -7.74 0.10
Car 0.00 0 -4.49 530.93 174.02 569.07 199.96 1.58 1.62 3.87 -3.83 1.66 46.21 -4.57 0.10
