Pedestrian 0.00 0 -3.32 540.30 149.95 627.97 302.36 1.85 0.55 1.03 -0.32 1.48 8.93 -3.35 0.53
Cyclist 0.00 0 -4.41 51.65 161.16 124.87 268.16 1.83 0.62 1.68 -9.50 1.50 13.00 -5.04 0.27
Cyclist 0.00 0 -2.67 660.66 163.62 749.07 251.84 1.71 0.56 1.72 1.98 1.39 14.44 -2.53 0.24
Car 0.00 0 -7.14 0.00 185.04 71.66 237.27 1.48 1.65 4.04 -19.26 1.63 22.36 -7.85 0.21
Pedestrian 0.00 0 -4.11 661.03 139.88 679.21 172.37 1.79 0.66 0.84 3.66 -0.46 39.83 -4.02 0.20
Pedestrian 0.00 0 -5.68 583.21 163.73 622.52 235.78 1.75 0.67 0.73 -0.09 1.34 17.62 -5.69 0.18
Car 0.00 0 -8.65 1122.53 188.14 1223.00 369.00 1.45 1.55 3.41 5.26 1.52 4.58 -7.80 0.16
Pedestrian 0.00 0 -4.32 0.00 175.46 52.30 260.51 1.65 0.67 0.78 -11.70 1.55 14.17 -5.01 0.16
Pedestrian 0.00 0 -5.09 837.24 170.00 871.95 234.63 1.59 0.60 0.73 6.24 1.34 17.80 -4.75 0.16
Pedestrian 0.00 0 -4.95 1005.83 229.85 1080.05 369.00 1.14 0.34 0.60 3.26 1.54 5.38 -4.41 0.15
Pedestrian 0.00 0 -8.09 547.56 159.67 577.61 235.95 1.86 0.60 0.69 -1.10 1.35 17.63 -8.15 0.14
Pedestrian 0.00 0 -7.82 529.12 160.28 560.37 259.71 1.78 0.55 0.87 -1.15 1.42 13.10 -7.91 0.13
Cyclist 0.00 0 -8.25 847.28 175.10 926.08 280.97 1.53 0.53 1.66 4.31 1.45 11.05 -7.88 0.12
Pedestrian 0.00 0 -4.51 840.71 155.95 886.66 262.40 1.82 0.63 0.76 4.56 1.40 12.57 -4.16 0.11
Pedestrian 0.00 0 -3.40 574.91 168.54 622.58 251.01 1.66 0.53 0.88 -0.18 1.42 14.56 -3.41 0.11
Pedestrian 0.00 0 -8.01 260.02 161.85 305.05 257.73 1.79 0.66 0.90 -6.31 1.44 13.73 -8.44 0.10
Pedestrian 0.00 0 -5.54 815.70 172.18 862.62 253.84 1.57 0.53 0.72 4.61 1.41 14.06 -5.22 0.10
