Pedestrian 0.00 0 -3.81 864.54 151.40 960.10 305.36 1.80 0.71 0.81 3.72 1.46 8.70 -3.41 0.83
Car 0.00 0 -4.55 0.00 169.59 12.12 200.99 1.55 1.62 3.68 -32.38 1.01 36.95 -5.27 0.23
Pedestrian 0.00 0 -3.90 680.02 167.25 730.19 251.82 1.68 0.64 0.80 2.01 1.41 14.50 -3.76 0.17
Pedestrian 0.00 0 -5.16 978.91 219.92 1083.13 369.00 1.24 0.40 0.71 3.15 1.56 5.35 -4.63 0.16
Pedestrian 0.00 0 -5.58 1154.11 157.71 1223.00 262.98 1.75 0.60 0.86 10.10 1.37 12.20 -4.89 0.16
Pedestrian 0.00 0 -2.65 627.64 166.22 683.64 261.01 1.66 0.55 0.86 0.88 1.42 12.87 -2.58 0.15
Pedestrian 0.00 0 -7.88 37.55 164.46 77.47 254.17 1.76 0.62 0.94 -11.23 1.45 14.44 -8.54 0.15
Pedestrian 0.00 0 -3.90 851.86 158.62 905.97 265.46 1.74 0.64 0.57 4.57 1.39 11.93 -3.53 0.14
Pedestrian 0.00 0 -4.52 662.83 143.72 677.38 176.28 1.81 0.69 0.73 3.66 -0.24 39.84 -4.43 0.14
Cyclist 0.00 0 -4.20 1142.61 155.26 1223.00 350.34 1.63 0.58 1.80 5.82 1.43 6.48 -3.47 0.14
Pedestrian 0.00 0 -8.18 837.87 169.05 871.26 234.31 1.61 0.59 0.71 6.23 1.33 17.79 -7.84 0.12
Pedestrian 0.00 0 -8.12 255.39 162.55 304.72 256.09 1.74 0.64 0.96 -6.36 1.41 13.72 -8.55 0.12
Pedestrian 0.00 0 -3.07 1014.70 159.53 1074.52 267.17 1.71 0.57 0.80 7.23 1.38 11.69 -2.52 0.12
Car 0.00 0 -8.69 1130.50 193.78 1223.00 369.00 1.45 1.57 3.31 5.16 1.57 4.35 -7.82 0.11
Pedestrian 0.00 0 -4.92 63.93 175.63 94.61 231.76 1.59 0.58 0.71 -15.28 1.46 20.50 -5.56 0.11
Pedestrian 0.00 0 -4.39 372.47 199.77 410.34 276.14 1.17 0.42 0.57 -3.43 1.48 11.23 -4.69 0.11
Pedestrian 0.00 0 -2.69 817.63 172.92 861.29 252.34 1.53 0.51 0.67 4.62 1.39 14.07 -2.37 0.10
