Car 0.00 0 -4.38 193.05 192.99 321.52 261.38 1.43 1.62 4.39 -9.00 2.02 18.73 -4.83 0.35
Pedestrian 0.00 0 -8.49 965.72 182.53 996.20 230.26 1.61 0.61 0.75 12.76 1.95 24.91 -8.02 0.24
Car 0.00 0 -3.97 0.00 222.49 278.36 374.00 1.51 1.59 3.77 -2.94 1.84 2.85 -4.77 0.23
Cyclist 0.00 0 -4.32 828.01 174.13 850.94 208.08 1.65 0.46 1.72 11.43 1.72 36.04 -4.01 0.16
Car 0.00 0 -7.51 341.58 180.45 373.09 196.14 1.39 1.57 3.92 -23.64 2.12 67.56 -7.85 0.14
Pedestrian 0.00 0 -7.83 852.22 167.15 870.77 213.19 1.83 0.69 0.61 10.09 1.60 29.06 -7.50 0.14
Cyclist 0.00 0 -8.04 732.12 176.60 757.12 236.78 1.60 0.39 1.57 3.67 1.70 20.01 -7.86 0.13
Cyclist 0.00 0 -6.57 66.75 180.08 117.97 218.97 1.59 0.51 1.69 -22.00 1.91 30.63 -7.19 0.13
Car 0.00 0 -5.29 506.67 178.76 559.84 204.71 1.65 1.66 4.03 -5.27 2.07 48.95 -5.39 0.12
Cyclist 0.00 0 -4.97 840.04 162.82 900.90 272.34 1.75 0.55 1.76 4.40 1.59 12.44 -4.63 0.12
Cyclist 0.00 0 -7.67 971.80 180.75 999.66 232.69 1.60 0.51 1.67 12.07 1.86 23.25 -7.20 0.10
