Car 0.00 0 -4.48 402.72 180.43 517.14 262.82 1.58 1.64 3.96 -3.27 1.77 16.21 -4.68 0.93
Car 0.00 0 -7.80 533.80 175.58 559.98 199.30 1.47 1.52 3.36 -4.09 1.65 46.80 -7.89 0.75
Car 0.00 0 -3.15 419.46 172.12 497.35 202.56 1.66 1.70 4.20 -8.55 1.62 40.60 -3.36 0.30
Pedestrian 0.00 0 -4.07 1136.93 129.63 1241.00 374.00 1.76 0.60 0.87 4.08 1.50 4.80 -3.37 0.19
Pedestrian 0.00 0 -8.20 434.91 174.86 450.83 210.56 1.67 0.59 0.52 -7.95 1.77 34.16 -8.43 0.17
Pedestrian 0.00 0 -3.58 481.08 169.32 497.90 206.62 1.83 0.60 0.63 -6.02 1.66 35.84 -3.75 0.17
Car 0.00 0 -8.00 530.80 170.42 561.79 194.67 1.78 1.73 4.40 -4.94 1.60 55.17 -8.09 0.17
Pedestrian 0.00 0 -7.85 350.19 180.34 377.75 254.31 1.72 0.61 0.89 -5.97 1.90 17.38 -8.18 0.17
Pedestrian 0.00 0 -7.09 685.74 169.33 703.48 208.50 1.88 0.61 0.61 4.08 1.72 35.15 -6.98 0.16
Pedestrian 0.00 0 -7.79 399.23 163.16 416.09 207.72 1.98 0.69 0.72 -9.15 1.55 32.50 -8.07 0.16
Pedestrian 0.00 0 -6.16 472.79 170.42 487.18 209.98 1.81 0.62 0.58 -6.05 1.70 33.39 -6.34 0.16
Car 0.00 0 -7.78 489.94 167.71 517.96 195.06 1.98 1.76 4.42 -7.99 1.61 54.48 -7.92 0.15
Pedestrian 0.00 0 -7.51 412.60 180.55 433.99 222.40 1.60 0.66 0.53 -7.29 1.91 28.04 -7.76 0.14
Cyclist 0.00 0 -7.97 448.25 174.44 467.76 220.48 1.73 0.54 1.67 -5.97 1.80 28.08 -8.18 0.14
Pedestrian 0.00 0 -3.79 679.09 171.26 688.79 206.16 1.81 0.48 0.26 3.81 1.72 37.59 -3.69 0.13
Pedestrian 0.00 0 -4.33 808.40 149.74 867.89 274.93 1.83 0.65 0.72 3.44 1.49 11.03 -4.03 0.13
Pedestrian 0.00 0 -6.81 226.46 171.30 260.02 241.29 1.89 0.62 0.59 -10.14 1.84 19.85 -7.28 0.11
