Car 0.00 0 -8.06 696.47 183.04 805.72 255.08 1.36 1.61 3.69 2.95 1.61 16.02 -7.88 0.96
Car 0.00 0 -4.46 269.57 174.19 456.89 312.20 1.53 1.56 3.49 -3.19 1.56 9.85 -4.78 0.94
Car 0.00 0 -4.58 460.21 175.25 531.37 226.83 1.45 1.68 3.82 -3.50 1.53 22.40 -4.73 0.92
Car 0.00 0 -4.59 506.49 170.48 554.34 210.83 1.61 1.57 3.67 -3.36 1.52 30.65 -4.70 0.88
Car 0.00 0 -4.86 649.60 175.91 701.92 212.96 1.48 1.67 4.07 2.74 1.62 31.29 -4.77 0.87
Car 0.00 0 -8.00 640.81 172.82 679.40 202.30 1.56 1.61 3.81 2.71 1.56 40.26 -7.93 0.42
Pedestrian 0.00 0 -7.47 256.06 162.13 275.36 200.25 1.86 0.70 0.55 -16.96 1.34 35.47 -7.92 0.39
Pedestrian 0.00 0 -6.01 104.37 149.03 179.82 262.78 1.78 0.53 0.92 -7.60 1.41 11.66 -6.59 0.32
Car 0.00 0 -7.73 532.75 171.97 569.17 202.01 1.58 1.57 3.70 -3.26 1.54 39.93 -7.81 0.32
Car 0.00 0 -4.51 549.03 169.31 582.87 194.17 1.70 1.63 3.98 -3.12 1.46 51.42 -4.57 0.24
Pedestrian 0.00 0 -7.78 818.10 156.96 845.93 228.49 1.86 0.65 0.81 5.87 1.44 19.20 -7.48 0.20
Cyclist 0.00 0 -7.12 429.94 170.50 469.20 212.09 1.63 0.52 1.75 -6.52 1.54 29.20 -7.34 0.16
Pedestrian 0.00 0 -5.33 135.82 156.85 193.91 261.73 1.77 0.62 0.62 -7.82 1.50 12.60 -5.88 0.15
Pedestrian 0.00 0 -6.12 467.96 164.93 483.36 203.36 1.89 0.61 0.66 -6.70 1.50 35.78 -6.30 0.13
Pedestrian 0.00 0 -5.79 316.05 165.58 325.26 202.51 1.80 0.50 0.21 -14.26 1.45 35.48 -6.18 0.11
Pedestrian 0.00 0 -7.62 256.26 171.49 281.52 224.68 1.83 0.68 0.57 -11.94 1.78 25.16 -8.06 0.10
