Car 0.00 0 -4.01 0.00 200.34 99.14 296.21 1.47 1.64 3.98 -12.32 2.09 14.19 -4.72 0.95
Car 0.00 0 -7.55 246.55 176.93 489.73 347.29 1.65 1.65 4.16 -2.78 1.71 9.16 -7.84 0.94
Car 0.00 0 -7.90 589.22 175.92 618.64 200.50 1.51 1.72 4.45 -0.47 1.72 47.07 -7.91 0.81
Car 0.00 0 -4.54 450.23 179.93 483.95 201.99 1.49 1.71 4.14 -10.29 2.02 52.05 -4.74 0.72
Cyclist 0.00 0 -2.63 695.78 159.99 786.11 252.20 1.83 0.53 1.84 2.67 1.58 15.14 -2.45 0.47
Pedestrian 0.00 0 -3.55 667.95 166.89 704.12 235.73 1.74 0.67 0.72 1.91 1.59 18.63 -3.45 0.44
Pedestrian 0.00 0 -3.02 710.49 163.28 747.15 237.86 1.79 0.61 0.82 2.87 1.56 17.68 -2.86 0.34
Car 0.00 0 -8.33 699.68 162.78 746.56 196.53 2.40 1.66 4.27 8.33 1.69 53.65 -8.18 0.32
Pedestrian 0.00 0 -7.00 1070.47 114.46 1241.00 374.00 1.88 0.60 1.05 3.78 1.51 4.89 -6.35 0.24
Car 0.00 0 -4.69 1173.83 155.45 1207.82 182.08 1.64 1.63 4.16 37.43 0.57 46.50 -4.02 0.21
Pedestrian 0.00 0 -5.04 682.99 159.99 725.10 241.60 1.83 0.69 0.97 2.12 1.54 16.71 -4.91 0.20
Cyclist 0.00 0 -7.14 0.00 188.93 59.70 255.29 1.71 0.47 1.47 -15.84 2.16 19.64 -7.82 0.20
Pedestrian 0.00 0 -3.74 672.43 169.75 686.63 196.77 1.82 0.59 0.76 4.69 1.61 48.96 -3.64 0.20
Car 0.00 0 -4.26 363.41 185.07 464.43 235.45 1.39 1.56 3.87 -6.16 1.81 22.95 -4.52 0.18
Pedestrian 0.00 0 -3.04 229.63 183.54 251.59 225.58 1.73 0.65 0.76 -15.54 2.18 30.28 -3.52 0.17
Pedestrian 0.00 0 -5.67 1077.88 185.98 1121.63 258.16 1.21 0.36 0.51 8.45 1.45 12.54 -5.07 0.15
Car 0.00 0 -8.05 619.65 175.44 657.73 202.10 1.58 1.65 4.02 1.72 1.75 45.38 -8.01 0.15
Cyclist 0.00 0 -4.81 845.85 168.84 869.19 225.54 1.62 0.50 1.55 7.27 1.50 21.36 -4.48 0.14
Pedestrian 0.00 0 -3.06 1096.73 161.17 1148.16 237.62 1.76 0.52 0.95 12.07 1.49 17.07 -2.45 0.13
Car 0.00 0 -7.99 927.34 173.32 1081.37 281.32 1.48 1.66 3.98 6.32 1.49 12.07 -7.51 0.12
Car 0.00 0 -4.58 496.44 174.70 525.12 198.99 1.63 1.51 3.77 -6.96 1.77 50.67 -4.71 0.12
Car 0.00 0 -4.72 1173.84 164.15 1215.01 194.41 1.47 1.58 4.01 30.00 1.05 37.13 -4.04 0.12
Pedestrian 0.00 0 -3.24 964.57 168.22 998.01 237.05 1.56 0.48 0.64 8.52 1.45 16.67 -2.77 0.12
Car 0.00 0 -4.48 415.63 178.80 469.88 215.08 1.52 1.56 3.77 -7.54 1.80 32.68 -4.70 0.11
Car 0.00 0 -4.21 357.20 185.09 457.35 230.41 1.42 1.58 4.32 -7.24 1.90 26.07 -4.48 0.11
Pedestrian 0.00 0 -4.44 1216.32 141.91 1241.00 263.31 1.78 0.56 0.77 9.70 1.33 11.02 -3.71 0.11
Car 0.00 0 -7.80 799.67 161.78 820.54 182.96 1.93 1.67 4.26 18.84 0.92 67.90 -7.53 0.11
Cyclist 0.00 0 -7.69 261.83 185.08 293.95 260.41 1.66 0.44 1.57 -7.86 1.96 17.00 -8.13 0.11
Car 0.00 0 -7.34 111.91 186.38 226.93 232.93 1.52 1.74 4.44 -16.47 2.08 27.19 -7.89 0.10
