Car 0.00 0 -3.86 0.00 194.97 268.93 374.00 1.63 1.71 4.04 -3.46 1.79 3.24 -4.67 0.91
Car 0.00 0 -3.00 282.50 174.83 414.35 225.34 1.81 1.81 4.47 -9.80 1.89 27.26 -3.35 0.89
Car 0.00 0 -7.84 479.04 182.16 513.74 216.28 1.47 1.52 2.98 -5.29 1.92 33.43 -8.00 0.88
Car 0.00 0 -4.71 492.49 177.11 523.32 210.14 1.72 1.61 4.05 -5.72 1.96 40.13 -4.86 0.71
Pedestrian 0.00 0 -6.04 273.51 175.27 316.74 263.14 1.77 0.51 0.71 -6.53 1.82 14.87 -6.45 0.51
Pedestrian 0.00 0 -6.25 317.28 176.80 353.48 250.81 1.74 0.62 0.80 -6.68 1.84 17.44 -6.62 0.43
Pedestrian 0.00 0 -3.26 406.90 179.95 427.54 226.96 1.66 0.53 0.66 -6.96 1.91 25.88 -3.52 0.30
Pedestrian 0.00 0 -6.45 350.69 175.24 383.34 240.10 1.76 0.65 0.76 -6.80 1.82 20.04 -6.78 0.27
Pedestrian 0.00 0 -3.51 629.55 169.98 647.95 207.28 2.00 0.65 0.82 1.52 1.84 39.05 -3.47 0.25
Car 0.00 0 -4.12 427.81 179.75 480.35 205.33 1.60 1.70 3.62 -10.41 2.08 48.24 -4.33 0.24
Pedestrian 0.00 0 -4.11 378.37 172.65 406.90 232.07 1.83 0.60 0.64 -6.86 1.83 22.63 -4.41 0.22
Pedestrian 0.00 0 -7.93 758.16 171.90 780.71 232.21 1.76 0.61 0.52 4.66 1.73 21.31 -7.71 0.20
Pedestrian 0.00 0 -7.89 298.80 179.84 323.65 239.13 1.68 0.64 0.65 -8.73 1.89 20.95 -8.28 0.19
Pedestrian 0.00 0 -4.58 224.96 161.52 259.52 238.97 1.99 0.69 0.96 -9.79 1.70 19.13 -5.05 0.19
Pedestrian 0.00 0 -7.15 270.09 172.70 292.78 215.00 1.86 0.64 0.67 -14.65 1.85 32.10 -7.57 0.19
Pedestrian 0.00 0 -4.44 690.36 178.09 713.72 228.97 1.69 0.60 0.79 3.09 1.87 24.53 -4.31 0.17
Car 0.00 0 -8.02 373.00 182.47 420.25 216.35 1.48 1.58 3.80 -10.36 1.97 34.76 -8.31 0.17
Car 0.00 0 -6.38 624.91 176.41 697.61 204.51 1.64 1.72 4.19 2.99 1.85 43.13 -6.31 0.15
Pedestrian 0.00 0 -8.28 446.41 181.08 462.23 211.43 1.61 0.56 0.79 -8.45 2.06 39.00 -8.49 0.15
Pedestrian 0.00 0 -4.15 707.45 177.86 735.20 233.53 1.67 0.53 0.74 3.38 1.83 22.22 -4.00 0.15
Pedestrian 0.00 0 -6.06 0.00 163.70 80.07 342.22 1.81 0.65 0.73 -6.27 1.72 7.76 -6.74 0.12
Pedestrian 0.00 0 -4.96 608.31 171.71 619.55 197.53 1.80 0.65 0.67 0.25 1.72 50.78 -4.95 0.11
