Car 0.00 0 -8.09 725.95 181.39 886.70 292.04 1.51 1.64 4.01 3.04 1.68 12.19 -7.85 0.97
Car 0.00 0 -7.97 689.76 180.92 772.67 248.98 1.51 1.62 3.96 2.95 1.74 18.54 -7.81 0.92
Car 0.00 0 -8.38 811.47 181.34 1241.00 374.00 1.59 1.71 4.42 2.95 1.68 5.34 -7.88 0.92
Car 0.00 0 -4.44 371.17 194.82 456.86 250.23 1.47 1.61 3.93 -6.10 2.22 22.70 -4.70 0.91
Car 0.00 0 -7.91 636.56 179.87 665.06 205.79 1.65 1.70 4.12 2.71 2.15 49.18 -7.86 0.83
Car 0.00 0 -4.56 490.99 189.67 523.90 215.16 1.45 1.49 3.76 -6.44 2.55 45.39 -4.70 0.74
Car 0.00 0 -7.76 424.03 191.09 455.85 217.70 1.47 1.56 3.52 -10.40 2.63 44.14 -7.99 0.48
Pedestrian 0.00 0 -8.06 786.91 174.11 805.56 215.14 1.72 0.67 0.55 7.86 1.78 30.64 -7.81 0.37
Car 0.00 0 -4.45 503.64 187.14 539.91 210.48 1.50 1.59 3.90 -6.20 2.54 50.83 -4.58 0.35
Car 0.00 0 -4.41 339.82 193.02 377.73 216.46 1.52 1.52 3.78 -18.09 3.03 52.03 -4.74 0.30
Car 0.00 0 -7.40 453.68 191.49 507.64 220.22 1.42 1.58 3.47 -7.14 2.50 39.94 -7.57 0.20
Cyclist 0.00 0 -6.70 1110.18 140.67 1204.48 219.14 1.74 0.67 1.58 12.41 1.02 16.46 -6.06 0.20
Car 0.00 0 -7.60 757.54 168.74 788.03 187.05 1.58 1.69 4.11 14.57 1.23 64.55 -7.38 0.20
Cyclist 0.00 0 -6.70 776.02 173.28 810.49 209.44 1.93 0.66 1.68 9.84 1.95 38.90 -6.45 0.12
Car 0.00 0 -4.76 1168.42 146.09 1241.00 239.59 1.43 1.53 3.55 10.89 1.02 12.88 -4.05 0.11
