Car 0.00 0 -7.66 390.02 188.51 518.42 284.63 1.46 1.62 3.95 -2.81 1.80 13.58 -7.87 0.98
Car 0.00 0 -8.16 710.42 186.37 892.08 308.42 1.49 1.61 3.71 2.67 1.74 11.14 -7.92 0.98
Car 0.00 0 -8.34 793.41 198.89 1241.00 374.00 1.49 1.67 3.86 2.86 1.77 5.96 -7.90 0.96
Car 0.00 0 -7.87 648.94 180.04 684.16 214.30 1.49 1.57 3.72 2.60 1.85 34.08 -7.79 0.94
Car 0.00 0 -8.07 687.71 169.72 802.96 262.35 1.78 1.68 3.74 2.76 1.72 15.77 -7.89 0.92
Car 0.00 0 -4.54 493.61 183.69 565.70 233.11 1.46 1.70 4.43 -2.67 1.86 24.51 -4.65 0.92
Car 0.00 0 -4.70 558.60 178.43 583.77 202.59 1.61 1.71 4.16 -2.76 2.02 51.14 -4.76 0.74
Cyclist 0.00 0 -6.70 487.11 172.91 521.60 206.91 1.87 0.65 1.81 -5.96 1.88 40.48 -6.85 0.46
Car 0.00 0 -4.72 639.65 178.04 665.76 203.29 1.55 1.63 4.15 2.75 1.90 47.23 -4.66 0.34
Car 0.00 0 -2.98 422.07 178.88 510.04 211.90 1.62 1.73 4.17 -7.31 1.94 36.75 -3.17 0.30
Pedestrian 0.00 0 -7.47 681.91 177.36 697.64 208.08 1.69 0.61 0.83 4.44 1.95 40.47 -7.36 0.23
Pedestrian 0.00 0 -5.02 0.00 157.72 60.56 302.23 1.88 0.63 0.87 -8.15 1.69 9.90 -5.71 0.20
Car 0.00 0 -4.86 768.79 175.25 841.82 235.33 1.63 1.57 3.72 5.71 1.70 21.62 -4.60 0.20
Car 0.00 0 -4.78 626.32 174.56 645.76 192.37 1.60 1.55 4.06 2.38 1.76 67.15 -4.74 0.15
Pedestrian 0.00 0 -3.58 228.80 167.87 295.93 278.61 1.89 0.60 0.91 -6.23 1.80 12.84 -4.03 0.14
Car 0.00 0 -4.65 571.98 176.98 592.05 195.49 1.64 1.61 4.05 -2.59 2.04 66.97 -4.69 0.14
Pedestrian 0.00 0 -6.01 318.51 170.67 369.81 260.07 1.87 0.65 0.89 -5.74 1.83 15.48 -6.37 0.14
