Car 0.00 0 -5.82 1216.08 216.54 1241.00 374.00 1.48 1.47 3.69 5.35 1.81 3.55 -4.84 0.44
Cyclist 0.00 0 -8.56 1032.02 175.15 1080.85 224.02 1.71 0.48 1.77 16.20 1.80 26.30 -8.01 0.28
Pedestrian 0.00 0 -3.18 597.65 170.58 604.27 193.62 1.82 0.59 0.50 -0.74 1.64 57.20 -3.20 0.26
Car 0.00 0 -7.80 582.77 181.61 617.25 211.51 1.43 1.58 3.66 -0.51 1.91 37.52 -7.81 0.24
Car 0.00 0 -7.89 635.90 178.49 662.15 202.41 1.43 1.53 3.85 2.42 1.80 45.96 -7.84 0.24
Pedestrian 0.00 0 -6.58 607.91 171.02 619.52 194.21 1.83 0.55 0.79 0.27 1.68 57.17 -6.57 0.17
Car 0.00 0 -6.64 439.97 177.55 560.16 220.41 1.50 1.64 4.19 -4.18 1.69 27.33 -6.79 0.16
Pedestrian 0.00 0 -8.17 1057.45 167.41 1087.07 223.48 1.91 0.67 0.74 15.99 1.73 25.04 -7.60 0.15
Car 0.00 0 -7.79 327.65 177.62 369.72 212.47 1.48 1.60 3.67 -12.01 1.72 33.22 -8.14 0.14
Car 0.00 0 -4.59 486.36 174.19 508.67 190.92 1.54 1.58 4.29 -10.76 1.68 69.12 -4.74 0.13
Car 0.00 0 -7.54 87.58 176.13 258.38 276.03 1.49 1.52 3.64 -7.61 1.56 12.86 -8.07 0.13
Pedestrian 0.00 0 -8.38 853.82 176.32 872.66 211.89 1.94 0.69 0.76 13.98 2.14 39.95 -8.04 0.12
Cyclist 0.00 0 -5.74 0.00 169.01 88.56 287.38 1.66 0.73 1.74 -8.90 1.61 10.64 -6.44 0.10
Cyclist 0.00 0 -6.13 0.00 169.76 134.58 274.58 1.63 0.79 1.75 -9.02 1.58 11.96 -6.78 0.10
