Car 0.00 0 -8.26 765.69 180.82 1152.74 374.00 1.47 1.58 3.50 2.51 1.56 6.25 -7.88 0.97
Car 0.00 0 -4.94 706.41 173.09 871.82 292.10 1.51 1.58 3.75 2.47 1.51 11.03 -4.72 0.94
Car 0.00 0 -3.90 586.77 171.73 729.40 226.75 1.46 1.58 4.25 1.44 1.43 21.16 -3.83 0.86
Pedestrian 0.00 0 -7.64 571.28 172.59 585.58 205.36 1.78 0.63 0.80 -1.77 1.77 39.68 -7.69 0.54
Cyclist 0.00 0 -7.51 47.12 157.53 146.65 299.98 1.75 0.56 1.69 -6.93 1.56 9.76 -8.13 0.50
Pedestrian 0.00 0 -7.63 212.00 160.41 256.10 257.33 1.79 0.58 0.86 -7.24 1.56 13.82 -8.12 0.29
Cyclist 0.00 0 -4.90 1064.13 150.14 1145.85 297.24 1.71 0.55 1.72 6.28 1.45 9.31 -4.30 0.28
Cyclist 0.00 0 -6.48 850.05 164.36 883.69 196.05 1.83 0.67 1.75 14.96 1.34 42.15 -6.14 0.27
Pedestrian 0.00 0 -2.63 227.02 161.56 285.68 252.43 1.80 0.63 0.87 -7.19 1.57 14.59 -3.09 0.25
Pedestrian 0.00 0 -3.13 896.61 147.31 937.22 231.95 1.88 0.61 0.84 6.95 1.31 16.45 -2.73 0.17
Pedestrian 0.00 0 -5.60 0.00 151.74 70.23 314.31 1.81 0.63 0.81 -6.94 1.58 8.35 -6.30 0.16
Pedestrian 0.00 0 -8.36 764.43 164.51 779.30 197.09 1.91 0.66 0.58 9.52 1.42 42.60 -8.14 0.15
Pedestrian 0.00 0 -5.75 175.94 162.50 227.96 262.95 1.74 0.60 0.58 -7.28 1.56 12.80 -6.27 0.15
Pedestrian 0.00 0 -3.84 772.68 157.72 796.88 203.11 1.85 0.62 0.75 7.21 1.24 29.93 -3.60 0.13
Cyclist 0.00 0 -5.37 869.08 157.09 901.02 192.60 1.74 0.53 1.75 13.73 0.97 36.17 -5.01 0.13
Pedestrian 0.00 0 -2.72 599.56 167.70 615.47 202.90 1.90 0.66 0.65 -0.17 1.62 39.31 -2.72 0.12
Pedestrian 0.00 0 -7.62 994.01 165.33 1008.96 199.14 1.83 0.60 0.59 21.42 1.43 39.54 -7.12 0.12
Pedestrian 0.00 0 -5.19 990.04 152.90 1018.04 200.22 1.89 0.73 0.76 15.89 1.09 29.18 -4.69 0.11
Car 0.00 0 -5.92 349.40 170.88 419.99 196.31 1.58 1.63 3.95 -14.29 1.46 45.77 -6.22 0.11
Cyclist 0.00 0 -6.22 583.76 170.15 613.18 200.72 1.84 0.68 1.75 -0.73 1.68 43.77 -6.24 0.11
Pedestrian 0.00 0 -7.83 929.44 157.30 949.08 203.56 1.77 0.68 0.53 12.71 1.17 27.95 -7.41 0.10
