Car 0.00 0 -8.20 725.37 184.60 960.17 337.37 1.51 1.60 3.74 2.66 1.69 9.33 -7.92 0.98
Car 0.00 0 -7.63 348.98 185.56 507.05 302.02 1.50 1.59 3.99 -2.80 1.74 11.74 -7.86 0.97
Car 0.00 0 -8.10 697.69 167.13 833.66 272.80 1.76 1.66 3.76 2.78 1.67 13.94 -7.90 0.96
Car 0.00 0 -7.94 647.76 175.91 690.43 211.42 1.48 1.58 3.79 2.55 1.63 32.30 -7.86 0.94
Car 0.00 0 -8.49 850.92 206.19 1241.00 374.00 1.48 1.65 3.91 2.84 1.76 4.07 -7.89 0.93
Car 0.00 0 -4.57 485.66 181.37 557.72 233.89 1.44 1.66 4.41 -2.72 1.74 22.75 -4.69 0.93
Car 0.00 0 -4.67 556.87 174.94 582.88 198.78 1.56 1.61 3.96 -2.74 1.70 49.40 -4.72 0.49
Car 0.00 0 -4.81 633.68 173.60 665.77 199.73 1.57 1.61 4.17 2.43 1.62 45.57 -4.76 0.44
Cyclist 0.00 0 -6.28 482.30 171.10 516.32 205.49 1.81 0.80 1.78 -5.95 1.72 38.58 -6.43 0.37
Car 0.00 0 -4.64 571.29 172.94 592.06 191.03 1.59 1.61 4.07 -2.55 1.59 65.29 -4.68 0.33
Car 0.00 0 -4.95 620.48 171.13 648.25 189.17 1.58 1.58 4.09 2.15 1.43 65.24 -4.92 0.23
Cyclist 0.00 0 -8.30 679.08 174.67 700.10 205.03 1.62 0.48 1.65 4.31 1.72 39.48 -8.19 0.23
Car 0.00 0 -6.11 404.65 171.54 494.33 209.07 1.76 1.70 3.98 -7.72 1.70 34.78 -6.32 0.15
Pedestrian 0.00 0 -3.36 208.68 159.00 283.38 283.93 1.93 0.63 0.96 -5.94 1.71 11.68 -3.83 0.14
Car 0.00 0 -4.91 779.43 173.13 865.76 237.22 1.60 1.55 3.73 5.73 1.61 19.99 -4.63 0.13
Car 0.00 0 -4.56 504.19 176.03 536.93 199.40 1.46 1.58 3.89 -5.87 1.68 47.48 -4.69 0.11
