Car 0.00 0 -3.96 0.00 199.56 202.48 374.00 1.57 1.67 4.29 -4.66 1.82 4.63 -4.75 0.96
Car 0.00 0 -8.08 753.44 184.33 880.32 267.10 1.45 1.65 4.16 4.16 1.73 15.33 -7.81 0.94
Car 0.00 0 -8.09 720.98 180.92 805.93 238.56 1.50 1.62 3.52 4.32 1.75 21.03 -7.89 0.93
Car 0.00 0 -8.24 807.58 157.64 1135.79 357.93 1.83 1.79 4.82 3.91 1.69 9.02 -7.83 0.87
Car 0.00 0 -4.53 498.42 181.55 553.41 220.98 1.55 1.68 3.96 -3.61 1.95 31.28 -4.65 0.86
Car 0.00 0 -7.97 709.47 180.24 768.03 225.89 1.49 1.64 3.88 4.54 1.77 26.11 -7.80 0.82
Car 0.00 0 -7.98 697.08 179.95 744.64 216.31 1.46 1.62 3.60 4.76 1.79 31.60 -7.83 0.65
Pedestrian 0.00 0 -4.69 1089.42 149.76 1121.45 219.46 1.79 0.68 0.86 13.05 1.20 19.06 -4.09 0.49
Car 0.00 0 -4.57 526.19 180.38 567.25 213.50 1.57 1.59 3.84 -3.24 1.98 37.15 -4.66 0.35
Car 0.00 0 -7.98 687.58 177.90 730.61 210.74 1.55 1.64 4.21 4.95 1.82 36.75 -7.85 0.32
Cyclist 0.00 0 -2.97 896.15 170.91 965.00 229.86 1.70 0.72 1.78 9.54 1.64 21.59 -2.55 0.28
Car 0.00 0 -4.57 539.52 181.04 577.56 209.04 1.51 1.65 4.29 -3.00 2.01 42.31 -4.64 0.27
Car 0.00 0 -4.60 576.25 178.84 601.90 200.99 1.70 1.67 3.71 -1.68 2.20 58.22 -4.63 0.24
Pedestrian 0.00 0 -3.20 0.00 165.61 24.72 284.37 1.89 0.75 0.53 -10.11 1.77 11.93 -3.91 0.23
Car 0.00 0 -8.08 846.43 175.68 879.42 197.94 1.70 1.66 3.85 20.10 1.93 57.53 -7.74 0.21
Cyclist 0.00 0 -3.02 995.28 161.53 1122.64 267.70 1.80 0.93 1.88 8.13 1.61 13.18 -2.46 0.16
Car 0.00 0 -5.69 132.73 142.69 232.59 175.55 1.60 1.63 4.07 -21.31 0.13 35.99 -6.22 0.12
Cyclist 0.00 0 -7.48 475.09 183.07 495.64 214.03 1.58 0.50 1.68 -6.63 2.13 38.24 -7.66 0.10
