Car 0.00 0 -7.92 598.04 175.07 627.49 199.95 1.50 1.61 4.29 0.10 1.65 46.16 -7.91 0.78
Pedestrian 0.00 0 -4.61 796.97 160.51 823.84 229.23 1.81 0.63 0.73 5.35 1.48 19.41 -4.34 0.75
Pedestrian 0.00 0 -4.76 1025.73 147.74 1066.40 240.50 1.77 0.65 0.62 8.50 1.29 14.17 -4.22 0.53
Car 0.00 0 -4.37 311.04 181.17 418.48 239.84 1.44 1.57 4.18 -6.84 1.70 20.45 -4.70 0.32
Car 0.00 0 -6.87 1163.38 154.54 1241.00 184.98 1.60 1.62 3.91 32.52 0.64 39.01 -6.17 0.32
Pedestrian 0.00 0 -3.57 712.35 162.38 726.78 194.75 1.87 0.63 0.62 6.35 1.27 42.08 -3.42 0.19
Pedestrian 0.00 0 -9.21 1122.88 144.87 1186.99 243.86 1.75 0.54 0.84 9.94 1.25 13.24 -8.56 0.19
Pedestrian 0.00 0 -4.69 1039.26 152.84 1072.75 236.70 1.67 0.57 0.74 9.14 1.27 14.86 -4.14 0.14
Car 0.00 0 -7.98 701.46 168.86 725.68 186.39 1.56 1.65 4.31 9.47 1.20 66.33 -7.84 0.14
Car 0.00 0 -4.85 637.00 173.92 676.27 204.52 1.54 1.58 3.72 2.40 1.60 38.47 -4.79 0.14
Cyclist 0.00 0 -2.18 227.68 178.26 257.13 210.18 1.80 0.67 1.68 -21.20 2.11 41.54 -2.65 0.13
Pedestrian 0.00 0 -6.64 1158.24 152.28 1227.75 249.98 1.62 0.53 0.78 9.88 1.28 12.31 -5.97 0.13
Car 0.00 0 -7.84 529.46 176.36 550.11 194.75 1.40 1.58 3.80 -5.61 1.69 57.67 -7.93 0.12
Pedestrian 0.00 0 -6.97 1011.47 156.81 1055.35 225.81 1.72 0.53 0.81 10.71 1.32 18.34 -6.44 0.12
Cyclist 0.00 0 -5.11 780.92 169.39 802.69 202.55 1.66 0.50 1.60 9.27 1.49 36.98 -4.86 0.11
Pedestrian 0.00 0 -7.90 1241.94 155.90 1241.00 207.86 1.78 0.50 0.28 22.23 1.20 25.05 -7.17 0.10
