Car 0.00 0 -8.30 798.61 189.32 1200.98 374.00 1.51 1.63 3.83 3.07 1.71 6.75 -7.88 0.97
Car 0.00 0 -8.01 669.54 181.51 731.08 227.10 1.43 1.57 3.67 3.03 1.75 25.16 -7.89 0.95
Car 0.00 0 -4.61 450.43 178.43 526.31 245.16 1.56 1.61 3.65 -3.16 1.72 19.02 -4.78 0.93
Car 0.00 0 -4.67 515.66 180.87 551.82 215.86 1.40 1.43 3.74 -3.33 1.77 31.56 -4.78 0.84
Car 0.00 0 -4.80 645.47 177.83 678.59 208.20 1.59 1.50 3.78 2.83 1.88 40.34 -4.73 0.79
Car 0.00 0 -4.50 535.22 177.75 575.49 207.68 1.55 1.52 3.53 -3.01 1.84 39.93 -4.58 0.73
Car 0.00 0 -4.90 544.90 177.48 579.65 201.65 1.54 1.62 4.06 -3.31 1.87 49.02 -4.97 0.15
Car 0.00 0 -4.58 569.22 176.75 593.50 194.94 1.46 1.54 3.85 -2.41 1.80 60.84 -4.62 0.15
Cyclist 0.00 0 -7.07 1122.38 115.07 1214.22 192.54 1.79 0.65 1.78 13.14 0.45 17.06 -6.41 0.12
Pedestrian 0.00 0 -3.79 1165.90 149.51 1241.00 335.53 1.83 0.66 0.65 6.24 1.60 7.42 -3.09 0.11
Pedestrian 0.00 0 -5.21 808.44 151.35 888.80 283.33 1.96 0.77 1.09 3.67 1.64 11.33 -4.90 0.11
