Car 0.00 0 -8.09 698.32 174.21 837.04 266.80 1.45 1.56 4.03 2.68 1.48 13.38 -7.89 0.97
Car 0.00 0 -7.61 361.02 179.95 504.80 273.29 1.42 1.60 4.21 -3.14 1.58 13.43 -7.84 0.94
Car 0.00 0 -4.41 191.07 184.36 458.91 369.67 1.49 1.59 3.78 -2.84 1.64 7.94 -4.75 0.93
Car 0.00 0 -8.04 656.94 172.90 725.71 220.82 1.45 1.56 3.85 2.55 1.45 23.84 -7.93 0.92
Car 0.00 0 -7.83 504.73 174.41 551.56 216.48 1.40 1.57 3.78 -2.96 1.46 26.14 -7.94 0.87
Car 0.00 0 -8.03 679.64 174.02 768.40 235.66 1.43 1.58 4.02 2.80 1.46 18.81 -7.88 0.87
Car 0.00 0 -8.00 652.06 161.09 704.95 211.19 1.84 1.55 3.70 2.59 1.41 28.44 -7.90 0.86
Car 0.00 0 -4.78 630.41 166.41 660.06 190.53 1.50 1.64 4.00 2.23 1.10 47.03 -4.74 0.76
Car 0.00 0 -4.68 540.57 170.68 570.03 200.11 1.43 1.41 3.34 -2.79 1.32 36.76 -4.76 0.63
Car 0.00 0 -2.55 0.00 145.11 79.78 187.25 1.60 1.66 4.20 -23.65 0.55 28.35 -3.24 0.27
Pedestrian 0.00 0 -3.81 25.04 160.17 122.27 316.70 1.73 0.57 0.71 -6.27 1.59 8.38 -4.46 0.20
Pedestrian 0.00 0 -4.84 708.46 158.67 725.24 200.18 1.84 0.65 0.78 4.76 1.21 32.42 -4.69 0.18
Car 0.00 0 -8.27 671.98 159.44 716.77 184.88 1.68 1.66 3.78 5.74 0.80 49.77 -8.16 0.17
Car 0.00 0 -4.58 512.13 162.75 542.09 185.01 1.63 1.72 4.19 -6.30 0.89 54.96 -4.69 0.16
Cyclist 0.00 0 -3.86 0.00 158.57 39.19 354.01 1.73 0.50 1.80 -6.87 1.61 7.32 -4.61 0.13
Car 0.00 0 -5.78 0.00 136.10 116.35 199.13 1.57 1.54 3.76 -15.54 0.65 19.04 -6.47 0.12
Cyclist 0.00 0 -6.04 444.41 167.05 484.18 206.47 1.75 0.66 1.64 -6.59 1.50 32.46 -6.24 0.11
Cyclist 0.00 0 -4.26 428.69 167.94 465.14 218.22 1.66 0.61 1.53 -5.61 1.50 24.69 -4.48 0.10
