Car 0.00 0 -2.16 0.00 187.55 56.18 374.00 1.54 1.67 4.13 -6.31 1.66 4.67 -3.09 0.95
Car 0.00 0 -2.74 0.00 158.68 357.81 307.50 1.76 1.74 4.52 -5.98 1.59 9.71 -3.29 0.92
Car 0.00 0 -2.80 350.07 177.50 460.67 223.56 1.52 1.57 3.34 -7.06 1.69 24.93 -3.08 0.92
Car 0.00 0 -4.95 699.34 183.74 818.08 264.25 1.44 1.59 3.73 2.96 1.70 15.32 -4.76 0.84
Car 0.00 0 -3.19 481.10 179.38 551.67 203.01 1.41 1.59 4.26 -5.85 1.82 44.72 -3.32 0.74
Car 0.00 0 -6.10 373.23 175.74 495.16 218.42 1.57 1.66 4.30 -6.69 1.68 27.60 -6.34 0.57
Car 0.00 0 -2.66 73.40 179.08 369.78 274.25 1.49 1.59 4.14 -6.44 1.60 12.18 -3.15 0.57
Car 0.00 0 -7.84 642.52 178.55 669.66 204.54 1.46 1.55 3.81 2.75 1.81 43.26 -7.78 0.48
Car 0.00 0 -2.89 404.71 180.24 509.59 216.32 1.44 1.57 4.00 -6.35 1.76 30.01 -3.10 0.41
Car 0.00 0 -6.07 446.46 180.61 533.07 211.52 1.46 1.56 3.96 -5.91 1.85 35.46 -6.24 0.30
Pedestrian 0.00 0 -5.33 323.53 165.55 337.05 195.42 1.92 0.58 0.60 -18.17 1.45 46.78 -5.71 0.26
Pedestrian 0.00 0 -7.36 437.75 170.98 450.19 202.93 1.86 0.53 0.51 -9.78 1.75 42.37 -7.59 0.18
Car 0.00 0 -4.31 204.26 147.72 263.97 176.18 1.48 1.63 3.53 -20.42 0.17 39.28 -4.79 0.16
Pedestrian 0.00 0 -7.89 0.00 170.80 16.06 232.40 1.73 0.65 0.44 -17.49 1.67 20.66 -8.59 0.15
Pedestrian 0.00 0 -7.95 340.65 163.60 361.29 216.08 1.94 0.65 0.79 -9.78 1.60 27.12 -8.30 0.14
Pedestrian 0.00 0 -4.51 846.06 148.63 954.54 374.00 1.92 0.61 0.95 2.22 1.75 5.62 -4.13 0.14
Car 0.00 0 -2.22 0.00 175.97 10.10 225.98 1.45 1.58 3.75 -20.86 1.55 22.18 -2.97 0.12
Pedestrian 0.00 0 -7.66 0.00 138.84 56.79 269.58 1.94 0.69 0.88 -9.21 1.44 11.27 -8.34 0.11
Car 0.00 0 -5.14 708.85 179.55 787.91 218.67 1.46 1.59 4.22 5.60 1.76 29.96 -4.96 0.10
