Car 0.00 0 -8.14 757.65 191.19 1059.99 374.00 1.48 1.62 3.35 2.42 1.69 6.83 -7.80 0.98
Car 0.00 0 -2.40 0.00 179.96 195.73 332.59 1.49 1.65 4.29 -7.23 1.57 7.94 -3.14 0.92
Car 0.00 0 -7.69 480.60 183.71 551.12 234.94 1.38 1.55 3.66 -2.84 1.74 22.11 -7.81 0.90
Car 0.00 0 -4.50 380.71 176.23 508.73 273.58 1.62 1.61 3.96 -3.11 1.69 14.11 -4.72 0.87
Car 0.00 0 -4.82 633.67 178.68 672.77 208.44 1.49 1.67 3.82 2.24 1.82 38.84 -4.77 0.78
Car 0.00 0 -4.58 559.88 169.92 589.06 195.27 1.95 1.77 4.41 -2.82 1.72 57.71 -4.63 0.69
Cyclist 0.00 0 -4.50 444.30 163.09 526.69 343.82 1.77 0.52 1.82 -1.38 1.68 8.00 -4.67 0.50
Pedestrian 0.00 0 -7.70 374.28 172.50 406.76 244.37 1.70 0.65 0.77 -5.35 1.69 17.47 -8.00 0.38
Car 0.00 0 -7.98 630.39 171.99 657.84 193.44 1.64 1.66 4.17 2.65 1.58 57.40 -7.94 0.33
Car 0.00 0 -4.98 930.69 172.85 1008.25 219.56 1.54 1.56 3.59 12.68 1.54 25.74 -4.52 0.24
Pedestrian 0.00 0 -5.21 758.91 176.06 791.88 238.91 1.72 0.54 0.88 4.59 1.81 20.25 -4.99 0.21
Car 0.00 0 -7.67 530.80 175.95 560.11 197.24 1.53 1.53 3.92 -4.88 1.78 54.64 -7.76 0.19
Pedestrian 0.00 0 -3.87 840.86 169.77 896.39 271.98 1.80 0.76 0.60 4.65 1.74 13.14 -3.53 0.18
Car 0.00 0 -4.63 576.38 171.53 598.30 191.05 1.74 1.69 4.25 -2.07 1.62 66.45 -4.67 0.17
Pedestrian 0.00 0 -3.94 919.46 170.44 952.70 236.28 1.83 0.60 0.61 9.17 1.76 20.41 -3.52 0.14
Car 0.00 0 -5.99 352.04 174.94 472.33 223.67 1.63 1.73 3.70 -6.86 1.70 25.10 -6.26 0.13
Pedestrian 0.00 0 -4.39 736.10 175.69 762.88 228.62 1.73 0.66 0.80 4.61 1.82 24.08 -4.20 0.13
Pedestrian 0.00 0 -6.96 333.35 170.95 351.48 222.75 1.79 0.57 0.30 -9.37 1.72 25.16 -7.32 0.13
Cyclist 0.00 0 -8.23 970.99 164.01 1078.97 332.37 1.77 0.51 1.67 4.74 1.68 8.44 -7.71 0.12
Cyclist 0.00 0 -7.17 1109.35 161.95 1147.77 201.98 1.92 0.65 1.61 25.21 1.40 35.13 -6.55 0.11
Pedestrian 0.00 0 -7.81 468.41 173.29 487.17 218.53 1.77 0.71 0.60 -5.28 1.79 28.59 -7.99 0.10
Pedestrian 0.00 0 -4.52 722.14 174.38 734.89 205.62 1.75 0.60 0.66 6.69 1.84 40.94 -4.36 0.10
Pedestrian 0.00 0 -8.04 202.73 160.71 266.95 292.21 1.77 0.66 0.83 -5.40 1.61 10.27 -8.53 0.10
Car 0.00 0 -7.89 672.67 172.72 697.20 197.60 1.71 1.61 3.65 5.28 1.70 51.43 -7.79 0.10
