Car 0.00 0 -7.12 0.00 206.48 306.40 369.00 1.52 1.62 3.92 -3.15 1.72 3.46 -7.86 0.95
Pedestrian 0.00 0 -6.00 412.89 164.46 476.49 278.80 1.72 0.58 0.83 -2.51 1.48 10.93 -6.22 0.72
Car 0.00 0 -7.87 652.36 166.26 678.08 190.77 1.60 1.67 4.36 4.09 0.67 48.35 -7.78 0.71
Pedestrian 0.00 0 -6.77 1001.35 140.53 1127.77 301.87 1.81 0.65 1.06 5.30 1.36 8.27 -6.20 0.61
Pedestrian 0.00 0 -4.30 272.98 176.03 315.96 255.25 1.58 0.58 0.67 -6.38 1.49 14.44 -4.71 0.55
Pedestrian 0.00 0 -6.90 787.23 163.26 807.62 195.74 1.71 0.63 0.84 10.25 0.80 37.70 -6.64 0.34
Cyclist 0.00 0 -8.24 975.89 149.90 1025.26 219.04 1.73 0.51 1.73 10.35 0.97 18.62 -7.73 0.33
Cyclist 0.00 0 -5.17 875.10 157.71 905.38 195.11 1.73 0.57 1.86 13.54 0.68 33.64 -4.79 0.32
Car 0.00 0 -4.97 441.83 172.55 480.73 197.90 1.50 1.46 3.69 -8.94 1.03 43.76 -5.17 0.26
Cyclist 0.00 0 -8.04 804.69 164.26 819.61 196.88 1.65 0.44 1.64 10.67 0.83 36.49 -7.75 0.23
Pedestrian 0.00 0 -3.35 774.54 159.11 793.47 191.47 1.84 0.59 0.95 10.26 0.63 40.56 -3.10 0.19
Pedestrian 0.00 0 -5.86 581.97 168.28 594.81 192.62 1.69 0.56 0.73 -1.16 0.84 49.57 -5.88 0.18
Pedestrian 0.00 0 -3.16 994.91 139.18 1073.20 277.48 1.82 0.49 0.90 5.84 1.28 9.73 -2.62 0.17
Car 0.00 0 -2.54 169.23 180.04 317.10 229.55 1.60 1.69 4.26 -12.23 1.59 23.96 -3.01 0.17
Pedestrian 0.00 0 -6.12 560.74 167.17 574.69 194.66 1.76 0.59 0.82 -2.41 0.91 45.68 -6.17 0.16
Car 0.00 0 -8.05 477.70 171.36 520.57 199.55 1.51 1.64 4.06 -6.08 1.03 40.19 -8.20 0.15
Pedestrian 0.00 0 -5.62 1157.44 164.05 1197.73 233.71 1.37 0.44 0.45 11.41 1.05 14.14 -4.94 0.12
Pedestrian 0.00 0 -7.11 910.73 159.65 921.82 192.54 1.75 0.49 0.27 16.68 0.64 37.92 -6.70 0.12
Pedestrian 0.00 0 -6.56 703.62 163.68 711.34 182.52 1.81 0.61 0.59 9.90 0.20 68.13 -6.41 0.11
Car 0.00 0 -5.43 396.78 174.81 466.00 202.48 1.50 1.58 4.00 -9.90 1.19 40.17 -5.67 0.11
Car 0.00 0 -6.35 1158.32 158.45 1223.00 191.75 1.44 1.54 3.66 27.60 0.49 32.29 -5.64 0.11
Pedestrian 0.00 0 -7.86 778.47 165.37 787.88 194.81 1.63 0.51 0.57 9.94 0.79 39.47 -7.61 0.11
