Car 0.00 0 -4.22 190.14 188.03 395.45 287.91 1.46 1.61 4.33 -5.68 1.79 13.48 -4.62 0.98
Car 0.00 0 -3.86 0.00 226.98 44.24 374.00 1.41 1.58 3.68 -5.72 1.88 4.46 -4.77 0.96
Car 0.00 0 -8.05 675.39 174.30 749.21 227.30 1.50 1.58 3.61 3.03 1.54 22.31 -7.91 0.95
Car 0.00 0 -5.18 796.27 181.94 1118.84 363.96 1.48 1.58 3.74 3.38 1.61 7.97 -4.78 0.94
Car 0.00 0 -8.13 719.84 176.88 868.28 270.67 1.49 1.62 4.06 3.25 1.58 13.73 -7.90 0.93
Car 0.00 0 -4.51 435.40 176.69 492.65 218.83 1.53 1.49 3.67 -5.72 1.70 28.44 -4.71 0.92
Car 0.00 0 -5.57 0.00 189.75 97.59 253.43 1.43 1.61 3.78 -14.88 1.86 17.42 -6.28 0.85
Car 0.00 0 -8.03 668.25 173.70 720.97 215.69 1.51 1.45 3.22 3.14 1.54 27.67 -7.92 0.52
Car 0.00 0 -4.52 466.96 179.54 512.49 212.66 1.43 1.49 3.39 -5.59 1.76 33.64 -4.69 0.40
Car 0.00 0 -4.46 281.56 178.79 331.78 208.57 1.40 1.43 3.90 -15.40 1.72 36.70 -4.86 0.28
Car 0.00 0 -6.30 282.00 180.62 389.81 219.98 1.44 1.57 3.87 -10.79 1.76 28.40 -6.67 0.23
Pedestrian 0.00 0 -3.19 732.03 147.93 771.59 232.68 2.04 0.69 0.92 3.43 1.44 17.77 -3.00 0.22
Pedestrian 0.00 0 -8.09 732.09 161.95 749.13 199.73 1.90 0.67 0.87 6.62 1.35 36.78 -7.91 0.20
Car 0.00 0 -4.51 73.36 184.21 164.50 236.17 1.41 1.58 4.15 -15.37 1.80 22.73 -5.11 0.18
Car 0.00 0 -4.87 663.51 176.03 709.18 208.82 1.41 1.53 3.67 3.41 1.56 33.16 -4.76 0.18
Pedestrian 0.00 0 -7.71 122.33 182.63 162.17 255.60 1.65 0.68 0.73 -10.98 1.88 16.88 -8.28 0.17
Car 0.00 0 -2.52 446.11 172.05 505.63 195.18 1.69 1.70 4.21 -10.15 1.63 54.41 -2.70 0.17
Car 0.00 0 -5.39 782.00 174.60 872.79 213.18 1.49 1.61 3.75 8.92 1.56 30.03 -5.10 0.15
Car 0.00 0 -8.24 754.47 160.34 788.31 180.74 1.88 1.68 4.23 15.34 0.73 68.87 -8.02 0.15
Pedestrian 0.00 0 -5.86 763.82 158.23 779.50 194.43 1.90 0.64 0.60 8.54 1.13 38.28 -5.64 0.13
Cyclist 0.00 0 -7.52 132.84 176.93 150.83 206.37 1.60 0.35 1.55 -26.13 1.83 40.23 -8.09 0.12
Pedestrian 0.00 0 -4.59 666.27 163.26 680.14 198.22 1.90 0.66 0.88 3.45 1.38 39.70 -4.51 0.11
Cyclist 0.00 0 -7.79 431.38 176.46 441.09 210.86 1.63 0.37 1.57 -8.48 1.81 35.06 -8.03 0.11
Car 0.00 0 -2.67 443.97 177.34 523.87 205.29 1.46 1.63 4.00 -6.93 1.72 39.50 -2.85 0.10
Car 0.00 0 -4.65 3.78 182.73 81.66 240.47 1.45 1.52 3.74 -16.22 1.76 20.70 -5.31 0.10
Cyclist 0.00 0 -3.02 707.40 163.11 745.59 202.08 1.85 0.59 1.76 5.57 1.39 34.74 -2.86 0.10
