Car 0.00 0 -7.48 265.42 180.26 365.26 239.37 1.49 1.49 3.14 -7.92 1.36 19.64 -7.87 0.95
Car 0.00 0 -7.84 577.73 176.63 618.09 213.85 1.55 1.68 3.33 -0.45 1.19 31.58 -7.86 0.94
Car 0.00 0 -7.41 231.84 180.31 316.20 222.47 1.45 1.53 3.30 -12.16 1.28 26.31 -7.84 0.76
Car 0.00 0 -4.61 456.88 186.46 519.59 233.26 1.38 1.61 3.71 -3.83 1.43 23.25 -4.77 0.46
Car 0.00 0 -7.94 634.90 175.08 671.99 206.90 1.56 1.59 3.89 2.28 1.06 37.20 -7.88 0.42
Car 0.00 0 -7.64 333.51 176.22 401.21 222.46 1.57 1.62 3.66 -8.75 1.27 26.32 -7.96 0.32
Car 0.00 0 -4.08 6.13 188.77 259.89 296.02 1.52 1.59 3.94 -7.86 1.59 12.33 -4.65 0.31
Pedestrian 0.00 0 -4.00 1002.97 150.89 1138.70 352.75 1.78 0.60 0.95 4.29 1.48 6.77 -3.43 0.26
Pedestrian 0.00 0 -5.20 899.48 147.48 989.74 321.86 1.87 0.65 0.74 3.73 1.47 8.11 -4.76 0.23
Pedestrian 0.00 0 -2.66 688.94 189.88 718.91 256.81 1.40 0.54 0.44 2.02 1.51 15.46 -2.53 0.19
Car 0.00 0 -7.45 163.18 173.35 242.43 219.07 1.63 1.57 2.95 -15.25 1.21 27.15 -7.96 0.18
Pedestrian 0.00 0 -4.09 980.95 161.90 1085.95 338.02 1.73 0.60 0.79 4.37 1.50 7.48 -3.56 0.14
Pedestrian 0.00 0 -5.82 681.92 173.89 697.16 208.59 1.69 0.54 0.57 4.00 1.14 35.46 -5.71 0.13
Cyclist 0.00 0 -7.72 858.60 167.34 904.75 277.71 1.73 0.51 1.67 4.58 1.45 12.10 -7.36 0.13
Pedestrian 0.00 0 -8.60 673.97 175.66 691.35 207.30 1.62 0.59 0.68 3.85 1.13 37.27 -8.49 0.12
Car 0.00 0 -5.24 535.27 176.65 573.70 193.86 1.44 1.58 3.87 -4.66 0.73 62.35 -5.32 0.11
