Car 0.00 0 -8.25 760.32 174.01 1083.74 373.79 1.73 1.77 4.43 3.15 1.75 8.53 -7.89 0.95
Car 0.00 0 -4.57 391.92 191.46 511.46 291.56 1.48 1.63 3.65 -2.80 1.87 13.21 -4.78 0.94
Car 0.00 0 -7.91 509.11 184.31 556.24 225.35 1.52 1.71 4.13 -3.33 2.03 30.11 -8.02 0.92
Car 0.00 0 -7.97 634.05 175.68 684.56 222.69 1.85 1.69 3.81 1.98 1.98 30.54 -7.91 0.90
Cyclist 0.00 0 -5.98 441.90 181.55 484.30 218.76 1.72 0.70 1.84 -6.97 2.14 34.09 -6.18 0.35
Car 0.00 0 -4.86 527.38 183.07 562.98 210.54 1.52 1.55 4.13 -4.01 2.18 43.82 -4.95 0.34
Car 0.00 0 -4.91 619.14 180.60 662.91 211.52 1.60 1.64 4.29 1.65 2.06 40.66 -4.87 0.21
Pedestrian 0.00 0 -7.54 450.91 184.32 470.58 225.73 1.69 0.67 0.54 -6.23 2.17 29.94 -7.75 0.16
Cyclist 0.00 0 -6.66 444.69 177.14 483.93 215.31 1.84 0.69 1.77 -7.23 2.05 35.65 -6.86 0.14
Pedestrian 0.00 0 -8.22 482.88 184.01 496.25 214.31 1.61 0.53 0.60 -6.56 2.22 39.07 -8.39 0.14
Pedestrian 0.00 0 -5.06 420.36 170.43 441.22 214.55 2.03 0.73 0.76 -8.42 1.92 33.75 -5.31 0.11
