Car 0.00 0 -6.93 899.63 195.64 1009.36 239.76 1.48 1.49 3.41 12.51 2.34 26.35 -6.49 0.80
Car 0.00 0 -7.90 553.83 181.55 596.48 220.61 1.44 1.54 3.54 -1.50 1.81 29.19 -7.96 0.79
Car 0.00 0 -7.26 1041.01 198.45 1144.87 241.54 1.52 1.47 3.91 19.03 2.58 28.48 -6.67 0.74
Car 0.00 0 -8.07 679.81 183.27 769.37 246.41 1.51 1.63 3.74 2.99 1.83 19.82 -7.92 0.37
Cyclist 0.00 0 -6.37 1107.61 187.45 1189.40 252.17 1.75 0.72 1.82 15.33 2.19 20.66 -5.73 0.28
Car 0.00 0 -3.10 0.00 191.17 150.07 268.09 1.48 1.61 3.86 -12.91 1.94 16.51 -3.76 0.15
Car 0.00 0 -3.22 342.32 178.81 408.75 203.42 1.55 1.69 4.07 -15.58 1.96 47.83 -3.53 0.14
Car 0.00 0 -6.39 58.46 176.61 191.30 223.20 1.48 1.63 3.68 -16.86 1.63 25.09 -6.98 0.13
Car 0.00 0 -3.00 790.29 174.88 861.81 201.71 1.59 1.59 4.06 13.34 1.72 44.67 -2.71 0.13
Cyclist 0.00 0 -7.78 813.86 177.94 839.73 250.31 1.78 0.53 1.68 5.60 1.92 18.75 -7.49 0.12
Cyclist 0.00 0 -3.65 158.90 174.71 204.05 214.22 1.68 0.52 1.65 -18.76 1.76 31.55 -4.19 0.10
Car 0.00 0 -3.13 0.00 181.17 167.80 246.94 1.52 1.64 4.10 -14.19 1.76 19.03 -3.77 0.10
