Car 0.00 0 -4.61 545.84 181.72 587.50 216.52 1.60 1.67 4.08 -2.16 2.07 36.23 -4.67 0.87
Pedestrian 0.00 0 -4.48 1196.16 137.52 1241.00 324.23 1.79 0.68 0.74 6.51 1.45 7.41 -3.75 0.59
Cyclist 0.00 0 -6.85 1059.53 127.56 1129.93 186.83 1.82 0.69 1.72 15.10 0.43 22.57 -6.26 0.31
Pedestrian 0.00 0 -5.22 1035.97 143.94 1124.68 271.76 1.81 0.73 0.94 6.89 1.40 10.70 -4.65 0.25
Pedestrian 0.00 0 -6.49 540.16 177.64 552.01 205.12 1.82 0.63 0.68 -4.30 2.14 48.21 -6.58 0.24
Car 0.00 0 -7.75 580.69 179.08 601.43 196.00 1.50 1.57 3.46 -1.75 2.09 66.91 -7.77 0.24
Pedestrian 0.00 0 -8.00 921.76 163.95 960.45 247.25 1.87 0.72 0.70 7.58 1.67 16.64 -7.57 0.18
Cyclist 0.00 0 -4.56 729.56 179.34 755.27 239.59 1.77 0.55 1.53 4.04 1.98 22.18 -4.38 0.18
Pedestrian 0.00 0 -3.40 684.62 175.81 694.00 199.47 1.79 0.63 0.57 6.02 2.02 55.04 -3.29 0.17
Cyclist 0.00 0 -8.19 698.88 176.35 723.42 219.17 1.79 0.50 1.73 4.32 1.95 31.22 -8.06 0.16
Cyclist 0.00 0 -7.65 538.20 181.40 547.04 205.77 1.63 0.32 1.48 -4.66 2.23 49.64 -7.75 0.14
Pedestrian 0.00 0 -4.66 726.79 170.03 753.53 240.00 1.97 0.72 0.89 3.72 1.89 20.86 -4.49 0.13
Car 0.00 0 -4.72 698.66 179.19 728.72 209.17 1.62 1.66 4.41 6.03 2.02 42.36 -4.58 0.11
Pedestrian 0.00 0 -5.46 1219.15 110.51 1241.00 374.00 1.96 0.66 0.94 3.96 1.66 3.90 -4.66 0.10
