Pedestrian 0.00 0 -6.62 751.98 144.77 855.87 325.51 1.85 0.71 0.89 2.08 1.49 7.64 -6.36 0.69
Car 0.00 0 -8.96 1089.57 192.61 1223.00 369.00 1.46 1.53 3.20 5.00 1.57 4.36 -8.10 0.21
Cyclist 0.00 0 -4.63 68.63 165.75 113.06 266.23 1.74 0.54 1.65 -9.52 1.48 13.06 -5.26 0.18
Pedestrian 0.00 0 -5.54 792.79 159.25 852.09 264.84 1.76 0.64 0.75 3.72 1.41 12.24 -5.24 0.16
Pedestrian 0.00 0 -4.90 987.17 217.80 1065.64 369.00 1.22 0.39 0.65 3.12 1.52 5.36 -4.37 0.16
Pedestrian 0.00 0 -6.22 593.71 162.90 600.58 188.99 1.87 0.70 0.45 -0.56 0.61 51.03 -6.23 0.16
Pedestrian 0.00 0 -3.87 1172.61 166.94 1223.00 262.33 1.57 0.63 0.60 10.14 1.35 11.99 -3.16 0.15
Pedestrian 0.00 0 -4.51 663.17 143.28 677.16 175.58 1.79 0.66 0.71 3.66 -0.28 39.82 -4.42 0.14
Cyclist 0.00 0 -7.81 506.74 165.44 542.77 265.42 1.71 0.59 1.81 -1.50 1.46 13.03 -7.92 0.13
Pedestrian 0.00 0 -4.29 855.40 159.20 910.96 265.62 1.72 0.63 0.74 4.65 1.38 11.94 -3.92 0.13
Pedestrian 0.00 0 -4.34 0.00 174.40 52.40 259.07 1.65 0.63 0.77 -11.68 1.53 14.20 -5.03 0.12
Car 0.00 0 -6.94 0.00 178.69 105.59 228.24 1.47 1.65 4.30 -19.13 1.42 23.32 -7.63 0.12
Pedestrian 0.00 0 -7.82 263.87 161.64 300.09 257.44 1.79 0.61 0.86 -6.29 1.44 13.70 -8.25 0.11
Pedestrian 0.00 0 -8.24 837.82 168.95 871.17 233.06 1.58 0.59 0.65 6.23 1.30 17.77 -7.90 0.11
Pedestrian 0.00 0 -6.76 1106.30 149.28 1182.96 259.82 1.76 0.59 0.82 8.81 1.27 11.62 -6.11 0.10
