Cyclist 0.00 0 -6.18 376.14 175.66 396.05 197.13 1.81 0.64 1.56 -19.09 2.05 61.45 -6.48 0.41
Car 0.00 0 -8.10 617.67 181.93 680.33 223.01 1.46 1.63 3.57 1.43 1.85 28.46 -8.05 0.33
Pedestrian 0.00 0 -7.39 938.26 184.60 968.98 243.33 1.43 0.51 0.53 8.54 1.73 18.03 -6.95 0.26
Car 0.00 0 -2.77 244.86 184.00 405.00 237.15 1.47 1.65 4.05 -8.33 1.81 21.19 -3.15 0.24
Car 0.00 0 -7.77 779.98 177.56 811.96 203.73 1.55 1.64 4.05 11.77 1.86 45.63 -7.52 0.22
Car 0.00 0 -5.83 302.16 189.59 394.33 220.44 1.45 1.62 4.02 -13.07 2.31 36.03 -6.18 0.22
Car 0.00 0 -8.45 837.30 179.12 927.28 217.38 1.48 1.64 3.96 11.43 1.76 30.69 -8.09 0.21
Car 0.00 0 -7.36 284.81 182.35 326.83 200.95 1.46 1.58 3.95 -25.51 2.28 60.58 -7.76 0.16
Pedestrian 0.00 0 -7.87 855.50 166.87 876.59 219.67 1.85 0.69 0.74 9.10 1.64 25.77 -7.53 0.14
Pedestrian 0.00 0 -4.08 1152.90 170.71 1204.41 254.04 1.60 0.53 0.62 11.16 1.56 14.23 -3.42 0.13
Car 0.00 0 -4.67 882.92 177.70 910.44 202.04 1.67 1.70 4.32 21.01 2.05 52.87 -4.29 0.11
Car 0.00 0 -4.27 518.97 182.02 559.94 203.68 1.53 1.61 3.83 -5.33 2.25 54.68 -4.37 0.10
