Car 0.00 0 -3.84 1173.86 183.12 1241.00 282.40 1.43 1.51 3.54 11.33 1.61 11.49 -3.06 0.96
Pedestrian 0.00 0 -4.39 497.74 165.54 523.51 220.24 1.82 0.67 0.73 -3.40 1.58 24.43 -4.53 0.48
Car 0.00 0 -6.59 789.75 172.71 895.11 207.00 1.38 1.59 3.85 9.51 1.37 29.84 -6.28 0.41
Pedestrian 0.00 0 -4.20 513.47 169.72 543.80 225.07 1.74 0.67 0.78 -2.65 1.64 23.18 -4.31 0.37
Car 0.00 0 -7.55 439.75 166.16 515.11 218.01 1.73 1.66 3.62 -4.73 1.51 25.97 -7.73 0.36
Pedestrian 0.00 0 -4.53 676.21 161.12 696.33 204.42 1.88 0.73 0.93 3.34 1.37 31.92 -4.43 0.32
Cyclist 0.00 0 -3.35 985.03 179.99 1089.15 262.18 1.58 0.60 1.72 8.50 1.73 14.52 -2.82 0.28
Pedestrian 0.00 0 -4.36 392.66 163.25 424.37 224.73 1.83 0.68 0.85 -6.18 1.55 21.98 -4.63 0.24
Car 0.00 0 -3.42 838.20 170.84 994.56 226.66 1.61 1.73 4.05 9.14 1.55 21.90 -3.02 0.21
Pedestrian 0.00 0 -4.65 729.92 166.22 746.08 204.44 1.76 0.69 0.74 5.93 1.45 33.61 -4.47 0.20
Pedestrian 0.00 0 -3.19 524.26 171.06 549.33 228.12 1.73 0.57 0.74 -2.30 1.68 22.21 -3.29 0.20
Pedestrian 0.00 0 -4.65 746.95 158.53 762.94 199.22 1.92 0.71 0.74 6.89 1.24 34.47 -4.45 0.16
Cyclist 0.00 0 -7.38 591.30 167.89 624.17 211.92 1.68 0.54 1.80 -0.12 1.49 28.50 -7.39 0.16
Pedestrian 0.00 0 -7.86 776.42 171.42 794.61 208.50 1.58 0.76 0.65 7.54 1.52 31.16 -7.62 0.14
Pedestrian 0.00 0 -8.66 968.11 164.14 1004.85 229.05 1.79 0.61 0.69 10.55 1.55 20.31 -8.18 0.13
Pedestrian 0.00 0 -7.56 549.50 169.43 570.40 211.23 1.67 0.65 0.76 -2.07 1.53 29.29 -7.63 0.12
Pedestrian 0.00 0 -3.55 840.06 157.43 850.35 197.44 1.88 0.50 0.29 11.10 1.16 34.17 -3.23 0.12
Cyclist 0.00 0 -5.48 235.56 176.99 265.06 207.78 1.79 0.66 1.57 -21.36 2.04 42.77 -5.95 0.12
Pedestrian 0.00 0 -8.17 485.32 165.16 511.28 222.34 1.83 0.67 0.66 -3.69 1.59 23.55 -8.32 0.11
Pedestrian 0.00 0 -7.97 856.63 165.21 882.62 229.80 1.76 0.59 0.77 7.17 1.55 20.07 -7.62 0.10
Car 0.00 0 -5.70 139.06 179.92 222.60 208.04 1.48 1.59 3.62 -23.32 1.87 39.22 -6.24 0.10
