Car 0.00 0 -7.81 587.31 179.35 617.99 204.88 1.43 1.66 4.30 -0.43 1.84 43.74 -7.82 0.37
Car 0.00 0 -7.23 0.00 217.76 207.22 374.00 1.42 1.58 3.78 -5.55 1.96 6.70 -7.92 0.34
Pedestrian 0.00 0 -8.03 918.68 160.58 933.81 194.63 1.94 0.67 0.75 18.17 1.24 41.54 -7.62 0.28
Car 0.00 0 -6.04 356.82 176.21 458.15 211.39 1.49 1.67 3.99 -8.85 1.64 31.59 -6.31 0.23
Car 0.00 0 -5.13 908.42 170.13 963.21 197.25 1.56 1.59 3.76 19.43 1.40 43.25 -4.71 0.22
Car 0.00 0 -5.79 459.82 171.86 573.95 209.01 1.49 1.64 4.55 -3.98 1.45 30.48 -5.92 0.20
Car 0.00 0 -6.91 505.38 175.76 597.73 208.98 1.42 1.60 4.06 -2.68 1.56 33.16 -6.99 0.19
Car 0.00 0 -8.02 698.80 167.88 726.85 194.60 2.39 1.82 4.79 9.46 1.94 66.85 -7.88 0.15
Pedestrian 0.00 0 -6.29 629.94 169.91 654.86 226.32 1.94 0.71 0.85 1.08 1.83 25.12 -6.24 0.15
Car 0.00 0 -5.54 904.77 211.68 1241.00 374.00 1.46 1.44 2.56 2.66 1.71 3.28 -4.86 0.15
Pedestrian 0.00 0 -7.26 1223.23 157.89 1241.00 191.48 1.79 0.80 0.75 33.76 0.99 38.93 -6.55 0.14
Pedestrian 0.00 0 -4.81 1205.47 158.06 1230.59 210.70 1.93 0.66 0.64 22.67 1.39 26.96 -4.11 0.14
Car 0.00 0 -6.65 577.72 178.16 691.81 221.14 1.50 1.65 3.93 0.87 1.71 26.99 -6.62 0.13
Pedestrian 0.00 0 -4.39 646.18 179.92 667.93 229.34 1.62 0.54 0.68 1.54 1.86 24.23 -4.33 0.12
Car 0.00 0 -4.27 1081.44 172.58 1197.22 224.21 1.52 1.58 3.60 16.73 1.52 22.84 -3.64 0.11
Pedestrian 0.00 0 -4.13 742.48 172.38 783.87 246.76 1.80 0.62 0.89 3.77 1.79 17.97 -3.93 0.11
