Car 0.00 0 -7.05 0.00 199.64 155.03 375.00 1.53 1.53 3.62 -5.02 1.66 4.85 -7.85 0.97
Car 0.00 0 -7.30 22.17 169.07 248.84 283.11 1.77 1.65 3.86 -8.36 1.52 13.12 -7.87 0.94
Car 0.00 0 -7.20 0.00 184.84 133.66 262.54 1.43 1.54 3.50 -11.87 1.43 15.02 -7.87 0.85
Car 0.00 0 -7.76 474.04 177.02 519.60 213.80 1.54 1.61 4.29 -4.94 1.20 32.23 -7.91 0.81
Car 0.00 0 -7.84 572.65 175.80 613.20 214.68 1.55 1.62 3.85 -0.64 1.18 30.60 -7.86 0.80
Car 0.00 0 -7.47 228.85 186.92 344.41 243.85 1.41 1.59 3.83 -8.77 1.46 19.87 -7.89 0.71
Pedestrian 0.00 0 -7.60 821.70 168.20 853.41 238.34 1.80 0.65 0.68 6.01 1.37 18.94 -7.29 0.46
Car 0.00 0 -8.02 500.18 177.77 530.60 203.60 1.51 1.46 2.26 -5.62 1.08 43.38 -8.15 0.38
Pedestrian 0.00 0 -7.38 408.80 173.40 462.25 258.12 1.72 0.70 1.06 -3.67 1.48 15.19 -7.62 0.21
Car 0.00 0 -4.22 133.61 174.20 229.65 218.14 1.57 1.56 3.78 -16.25 1.18 27.56 -4.75 0.16
Car 0.00 0 -7.87 558.96 174.90 580.59 197.39 1.71 1.63 3.97 -3.04 0.93 56.70 -7.93 0.12
Pedestrian 0.00 0 -5.73 205.04 172.41 232.41 214.02 1.72 0.62 0.80 -16.27 1.19 30.00 -6.23 0.12
Cyclist 0.00 0 -4.74 707.07 179.09 718.03 215.04 1.60 0.45 1.46 4.72 1.32 32.65 -4.60 0.11
Car 0.00 0 -4.77 87.29 175.14 116.15 195.80 1.60 1.68 4.15 -40.83 0.82 57.94 -5.38 0.10
