Pedestrian 0.00 0 -3.35 485.43 174.64 525.16 238.44 1.65 0.66 0.93 -2.58 1.47 19.02 -3.48 0.76
Pedestrian 0.00 0 -4.27 190.55 181.12 354.56 373.00 1.69 0.80 0.78 -2.33 1.69 5.06 -4.70 0.65
Pedestrian 0.00 0 -3.17 739.98 158.70 767.43 240.65 1.78 0.75 0.58 3.35 1.29 16.03 -2.96 0.39
Cyclist 0.00 0 -5.12 790.84 160.57 842.40 234.76 1.70 0.55 1.72 5.13 1.22 17.34 -4.83 0.36
Pedestrian 0.00 0 -5.69 700.28 165.98 752.19 255.13 1.73 0.64 0.81 2.47 1.43 14.43 -5.53 0.24
Pedestrian 0.00 0 -8.48 1053.39 192.47 1237.00 373.00 1.53 0.65 0.60 3.11 1.60 4.20 -7.84 0.24
Pedestrian 0.00 0 -4.66 856.21 214.31 929.65 372.20 1.26 0.57 0.48 2.47 1.56 6.19 -4.28 0.21
Cyclist 0.00 0 -5.95 386.94 166.95 498.36 272.45 1.79 0.62 1.81 -2.82 1.55 12.63 -6.16 0.17
Pedestrian 0.00 0 -5.15 956.08 141.57 1027.32 268.31 1.88 0.67 0.84 5.96 1.29 11.08 -4.66 0.15
Pedestrian 0.00 0 -3.85 839.52 168.05 891.60 252.32 1.58 0.57 0.76 5.05 1.33 13.85 -3.50 0.14
Pedestrian 0.00 0 -8.21 605.96 159.26 625.72 201.89 1.90 0.70 0.66 0.64 0.91 32.44 -8.20 0.13
Cyclist 0.00 0 -5.19 857.52 173.37 924.64 263.54 1.50 0.47 1.46 5.04 1.36 12.68 -4.81 0.13
Pedestrian 0.00 0 -3.51 822.38 160.07 840.54 203.01 1.82 0.56 0.58 9.83 0.91 30.76 -3.20 0.10
