Car 0.00 0 -4.34 341.28 184.88 460.07 247.37 1.46 1.68 4.29 -5.66 1.83 19.94 -4.61 0.98
Car 0.00 0 -4.23 89.55 191.25 327.34 319.21 1.50 1.54 3.69 -5.78 1.82 10.84 -4.72 0.96
Car 0.00 0 -8.03 661.31 174.40 717.16 215.48 1.53 1.59 3.72 3.06 1.59 28.86 -7.92 0.96
Car 0.00 0 -3.85 0.00 215.02 130.23 374.00 1.46 1.70 4.30 -5.73 1.89 5.07 -4.70 0.96
Car 0.00 0 -5.00 723.55 179.56 855.97 266.35 1.48 1.54 3.65 3.38 1.63 14.42 -4.77 0.95
Car 0.00 0 -8.41 894.65 179.46 1241.00 374.00 1.60 1.66 4.07 3.28 1.66 4.61 -7.79 0.91
Car 0.00 0 -8.04 689.13 177.30 777.79 236.99 1.47 1.67 4.10 3.29 1.61 20.20 -7.88 0.89
Car 0.00 0 -4.53 471.15 176.60 514.96 211.07 1.57 1.48 3.65 -5.67 1.76 35.06 -4.69 0.78
Car 0.00 0 -2.76 506.64 174.07 552.99 193.22 1.54 1.59 3.46 -6.63 1.65 59.52 -2.87 0.65
Car 0.00 0 -2.48 78.61 180.31 215.80 225.29 1.42 1.50 3.69 -15.35 1.67 23.94 -3.05 0.53
Cyclist 0.00 0 -2.14 80.03 172.53 146.23 239.42 1.78 0.64 1.77 -13.71 1.77 19.84 -2.75 0.33
Car 0.00 0 -4.49 489.25 178.70 531.00 207.40 1.49 1.52 3.68 -5.55 1.83 40.21 -4.62 0.26
Cyclist 0.00 0 -7.35 447.50 176.72 470.02 207.05 1.67 0.50 1.68 -8.58 1.89 40.80 -7.55 0.24
Car 0.00 0 -8.03 656.73 176.60 700.11 208.76 1.43 1.46 3.35 3.16 1.62 34.19 -7.94 0.20
Pedestrian 0.00 0 -6.55 695.67 164.81 711.54 198.57 1.89 0.67 0.74 5.26 1.44 40.85 -6.43 0.17
Car 0.00 0 -7.40 0.00 182.67 43.61 254.64 1.45 1.59 3.65 -15.22 1.70 17.01 -8.13 0.16
Pedestrian 0.00 0 -3.54 730.64 166.25 743.84 205.37 1.86 0.54 0.44 6.05 1.54 34.53 -3.37 0.16
Car 0.00 0 -5.65 0.00 171.72 89.10 203.45 1.49 1.55 3.50 -27.44 1.44 34.74 -6.32 0.16
Pedestrian 0.00 0 -8.85 1011.35 165.28 1069.93 274.96 1.66 0.63 0.53 6.69 1.55 11.30 -8.31 0.12
Car 0.00 0 -7.43 236.94 173.59 284.95 197.76 1.70 1.69 3.93 -25.52 1.76 52.84 -7.88 0.12
Car 0.00 0 -4.57 639.74 173.22 662.96 191.67 1.73 1.68 4.10 4.02 1.77 69.86 -4.51 0.12
Car 0.00 0 -4.71 643.67 172.54 663.94 193.46 1.58 1.53 3.78 3.40 1.56 56.58 -4.65 0.11
Car 0.00 0 -8.78 1168.91 127.17 1241.00 374.00 1.80 1.77 4.63 8.54 1.48 7.48 -7.93 0.11
Pedestrian 0.00 0 -7.66 7.87 161.91 29.55 201.70 1.82 0.65 0.73 -27.51 1.32 33.52 -8.35 0.11
Car 0.00 0 -4.69 175.96 189.39 240.08 246.27 1.38 1.47 3.40 -11.35 1.89 20.39 -5.20 0.11
Cyclist 0.00 0 -4.55 450.63 175.85 469.84 218.17 1.69 0.52 1.59 -6.20 1.82 29.73 -4.75 0.10
