Pedestrian 0.00 0 -6.50 765.44 153.70 866.01 300.99 1.80 0.68 1.10 2.61 1.47 9.01 -6.22 0.88
Pedestrian 0.00 0 -8.12 837.71 171.06 870.93 236.13 1.60 0.62 0.74 6.23 1.37 17.81 -7.78 0.29
Car 0.00 0 -8.67 1121.66 186.66 1223.00 369.00 1.45 1.57 3.31 5.25 1.50 4.58 -7.82 0.25
Pedestrian 0.00 0 -5.02 986.69 221.53 1077.18 369.00 1.22 0.39 0.69 3.16 1.56 5.35 -4.49 0.20
Pedestrian 0.00 0 -4.22 661.12 137.82 678.54 170.67 1.81 0.64 0.87 3.64 -0.56 39.82 -4.12 0.14
Pedestrian 0.00 0 -4.77 1083.79 153.40 1132.09 266.62 1.77 0.60 0.75 8.15 1.35 11.54 -4.15 0.13
Pedestrian 0.00 0 -6.22 1122.59 149.29 1193.55 264.53 1.81 0.62 0.88 9.04 1.32 11.61 -5.56 0.13
Pedestrian 0.00 0 -7.84 773.52 162.63 811.04 266.01 1.73 0.61 0.81 3.23 1.44 12.33 -7.58 0.11
Pedestrian 0.00 0 -4.31 0.00 173.15 54.57 258.51 1.66 0.66 0.79 -11.68 1.52 14.21 -5.00 0.11
Pedestrian 0.00 0 -4.80 689.48 170.21 721.45 253.91 1.66 0.58 0.80 2.01 1.46 14.47 -4.66 0.11
