Pedestrian 0.00 0 -6.95 856.11 172.71 886.17 224.84 1.82 0.71 0.72 9.24 1.82 25.66 -6.60 0.60
Pedestrian 0.00 0 -3.87 1237.55 171.34 1241.00 261.83 1.69 0.54 0.61 12.46 1.66 13.76 -3.14 0.40
Pedestrian 0.00 0 -5.19 716.77 176.50 735.57 213.49 1.87 0.64 0.84 5.94 2.06 37.13 -5.04 0.38
Pedestrian 0.00 0 -5.34 1136.70 168.10 1218.97 284.68 1.74 0.61 0.87 8.77 1.67 11.24 -4.67 0.34
Cyclist 0.00 0 -6.92 1094.32 181.00 1203.25 256.98 1.58 0.63 1.84 11.40 1.75 15.37 -6.28 0.33
Car 0.00 0 -5.04 1017.96 179.01 1087.36 214.70 1.57 1.63 3.97 21.08 1.88 34.58 -4.50 0.30
Car 0.00 0 -8.64 1149.13 186.16 1241.00 359.53 1.45 1.62 4.20 8.63 1.64 8.45 -7.85 0.24
Car 0.00 0 -7.61 464.35 188.03 527.31 230.15 1.44 1.53 3.86 -4.40 2.07 28.03 -7.77 0.21
Pedestrian 0.00 0 -4.09 1206.22 172.42 1241.00 273.34 1.71 0.60 0.81 11.02 1.71 12.64 -3.38 0.19
Car 0.00 0 -7.82 904.88 184.54 974.82 245.02 1.48 1.67 4.30 9.55 1.86 20.84 -7.39 0.19
Car 0.00 0 -7.02 121.35 185.03 194.18 208.90 1.43 1.62 4.02 -29.78 2.27 47.61 -7.58 0.17
Cyclist 0.00 0 -7.49 1239.19 186.48 1241.00 266.49 1.80 0.59 1.75 15.66 2.13 17.09 -6.75 0.17
Car 0.00 0 -4.50 383.07 187.59 450.92 231.75 1.44 1.62 4.17 -7.20 2.04 27.12 -4.76 0.15
Car 0.00 0 -5.16 952.74 177.23 1001.94 203.64 1.97 1.75 4.31 28.76 2.33 56.68 -4.69 0.15
Car 0.00 0 -2.68 518.16 177.74 604.93 211.39 1.69 1.75 4.26 -2.61 1.96 38.30 -2.75 0.14
Cyclist 0.00 0 -5.35 770.44 175.65 819.87 240.03 1.78 0.52 1.62 5.29 1.86 20.87 -5.10 0.13
Cyclist 0.00 0 -8.37 746.67 176.03 786.60 229.71 1.76 0.60 1.65 5.29 1.87 24.65 -8.16 0.12
Pedestrian 0.00 0 -7.87 698.80 175.97 707.78 201.16 1.86 0.65 0.71 6.93 2.10 53.85 -7.74 0.12
Car 0.00 0 -2.90 698.06 179.45 761.20 204.61 1.63 1.69 3.96 8.13 2.10 49.23 -2.73 0.11
Car 0.00 0 -7.73 153.69 185.81 192.91 212.73 1.47 1.59 3.60 -26.23 2.29 43.37 -8.28 0.11
Cyclist 0.00 0 -5.73 8.73 177.70 48.43 213.60 1.79 0.56 1.49 -29.38 2.04 36.42 -6.40 0.11
Car 0.00 0 -4.99 994.23 169.34 1025.18 186.86 1.64 1.63 3.76 38.48 1.31 69.56 -4.49 0.10
