Pedestrian 0.00 0 -4.93 537.52 144.69 636.77 360.14 1.84 0.72 1.02 -0.25 1.54 6.63 -4.96 0.82
Car 0.00 0 -4.07 0.00 174.43 90.77 288.29 1.55 1.64 4.16 -10.80 1.47 11.80 -4.81 0.52
Pedestrian 0.00 0 -8.24 837.20 171.07 873.44 235.33 1.58 0.61 0.77 6.26 1.35 17.81 -7.91 0.23
Car 0.00 0 -3.73 0.00 180.81 92.83 241.67 1.45 1.52 3.98 -16.29 1.46 18.97 -4.44 0.21
Pedestrian 0.00 0 -5.18 984.68 224.23 1086.12 369.00 1.20 0.38 0.69 3.17 1.56 5.33 -4.64 0.19
Car 0.00 0 -8.68 1111.35 187.75 1223.00 369.00 1.45 1.59 3.46 5.26 1.52 4.61 -7.83 0.17
Car 0.00 0 -7.80 664.91 140.80 697.33 169.69 1.54 1.67 3.79 4.47 -0.66 41.22 -7.69 0.15
Pedestrian 0.00 0 -9.27 1122.18 148.00 1198.02 264.36 1.82 0.64 0.89 9.07 1.31 11.61 -8.60 0.13
Pedestrian 0.00 0 -4.87 1177.78 167.21 1223.00 263.43 1.57 0.59 0.73 10.12 1.35 11.99 -4.17 0.12
Pedestrian 0.00 0 -4.52 842.70 159.23 887.55 262.38 1.76 0.62 0.72 4.58 1.40 12.55 -4.17 0.10
Pedestrian 0.00 0 -5.08 258.00 165.62 304.11 256.92 1.71 0.55 0.83 -6.35 1.44 13.74 -5.51 0.10
