Car 0.00 0 -8.20 769.17 172.83 1123.57 374.00 1.65 1.69 3.65 2.65 1.65 6.78 -7.83 0.97
Car 0.00 0 -8.02 681.90 169.81 788.16 255.63 1.72 1.69 4.23 2.67 1.66 16.58 -7.86 0.94
Car 0.00 0 -8.07 714.13 186.00 865.52 297.92 1.43 1.54 3.51 2.61 1.68 11.42 -7.85 0.94
Car 0.00 0 -4.32 91.56 190.65 446.19 374.00 1.52 1.64 3.29 -2.71 1.72 6.48 -4.71 0.93
Car 0.00 0 -4.63 520.01 179.18 567.08 218.07 1.51 1.67 4.39 -2.82 1.80 30.96 -4.72 0.84
Pedestrian 0.00 0 -4.63 766.60 160.00 791.95 221.36 1.91 0.71 1.04 5.38 1.51 23.11 -4.40 0.38
Pedestrian 0.00 0 -8.08 505.77 175.73 519.49 208.46 1.79 0.61 0.70 -5.42 1.95 39.88 -8.21 0.30
Car 0.00 0 -7.97 645.48 177.22 684.37 209.18 1.59 1.62 3.96 2.85 1.84 38.55 -7.90 0.30
Pedestrian 0.00 0 -7.86 480.72 179.60 494.65 216.81 1.63 0.61 0.71 -5.51 1.94 32.23 -8.03 0.27
Pedestrian 0.00 0 -4.33 342.05 181.02 372.83 246.18 1.62 0.59 0.51 -6.45 1.83 18.30 -4.67 0.25
Car 0.00 0 -7.95 639.63 176.93 671.61 203.83 1.56 1.61 3.78 2.73 1.82 44.39 -7.89 0.22
Pedestrian 0.00 0 -5.35 932.32 126.23 1024.03 273.12 2.02 0.68 1.07 5.29 1.38 10.52 -4.88 0.15
Pedestrian 0.00 0 -3.53 1197.99 112.01 1237.91 172.70 1.78 0.60 0.74 18.09 -0.00 21.53 -2.83 0.14
Car 0.00 0 -4.60 500.73 176.45 531.74 202.86 1.65 1.59 4.16 -6.20 1.90 47.79 -4.73 0.12
Pedestrian 0.00 0 -5.20 383.18 186.01 411.14 239.69 1.47 0.58 0.52 -6.03 1.84 20.27 -5.49 0.12
