Car 0.00 0 -3.10 508.73 178.53 584.61 208.89 1.55 1.67 3.91 -3.34 1.86 38.14 -3.19 0.58
Cyclist 0.00 0 -7.91 719.96 169.48 733.02 205.74 1.83 0.56 1.78 5.97 1.66 37.24 -7.75 0.39
Car 0.00 0 -7.31 38.74 181.84 119.38 214.07 1.46 1.55 3.66 -26.15 1.93 35.63 -7.95 0.27
Cyclist 0.00 0 -7.91 1122.42 165.04 1141.47 215.85 1.59 0.41 1.75 16.89 1.35 23.42 -7.28 0.21
Car 0.00 0 -7.71 521.32 181.18 575.50 221.08 1.45 1.61 3.90 -2.44 1.80 28.96 -7.79 0.18
Cyclist 0.00 0 -5.74 119.59 175.56 172.79 221.39 1.79 0.63 1.69 -18.40 1.90 28.57 -6.32 0.14
Pedestrian 0.00 0 -7.09 1134.75 153.54 1204.17 254.74 1.72 0.63 0.73 9.75 1.39 12.65 -6.44 0.13
Pedestrian 0.00 0 -4.51 730.69 168.52 743.00 198.60 1.88 0.64 0.70 7.96 1.61 45.44 -4.34 0.13
Car 0.00 0 -6.53 201.80 182.88 276.27 207.87 1.45 1.63 3.88 -23.33 2.11 45.37 -7.01 0.12
Pedestrian 0.00 0 -3.10 491.36 228.42 600.10 374.00 1.48 0.44 0.60 -0.43 1.82 4.24 -3.20 0.12
Cyclist 0.00 0 -8.67 748.12 172.91 777.32 203.07 1.67 0.59 1.66 8.60 1.67 40.83 -8.46 0.11
Car 0.00 0 -2.71 0.00 181.23 0.17 264.39 1.52 1.66 4.28 -15.79 1.71 15.06 -3.52 0.11
Car 0.00 0 -7.54 432.82 180.42 494.09 215.42 1.49 1.60 4.24 -6.84 1.87 33.92 -7.74 0.11
Cyclist 0.00 0 -5.73 298.65 175.59 351.32 225.92 1.78 0.72 1.64 -10.35 1.88 26.10 -6.10 0.11
Car 0.00 0 -7.08 265.69 179.46 323.74 199.22 1.43 1.71 4.13 -24.34 1.96 55.79 -7.49 0.11
Cyclist 0.00 0 -6.57 132.38 178.96 170.13 209.41 1.65 0.60 1.67 -25.60 2.00 40.23 -7.14 0.11
Car 0.00 0 -8.21 514.59 178.60 557.04 202.07 1.53 1.62 4.10 -5.25 1.95 50.33 -8.31 0.11
Car 0.00 0 -5.83 0.00 180.45 196.08 248.30 1.53 1.66 4.11 -12.76 1.73 17.71 -6.46 0.10
