Car 0.00 0 -4.57 522.23 177.39 565.87 208.94 1.38 1.54 3.73 -3.09 1.61 34.00 -4.66 0.94
Car 0.00 0 -7.96 568.76 179.86 632.62 231.52 1.43 1.57 3.84 -0.42 1.66 22.46 -7.98 0.28
Cyclist 0.00 0 -3.00 779.31 164.20 828.99 213.80 1.79 0.59 1.71 7.14 1.48 26.71 -2.74 0.18
Pedestrian 0.00 0 -6.61 526.96 170.15 538.11 193.24 1.85 0.56 0.75 -6.27 1.63 58.15 -6.72 0.17
Car 0.00 0 -4.04 0.00 220.73 225.27 374.00 1.48 1.56 3.88 -3.05 1.80 2.73 -4.88 0.17
Pedestrian 0.00 0 -3.78 159.28 216.21 204.03 290.85 1.07 0.34 0.48 -6.57 1.75 10.98 -4.32 0.15
Pedestrian 0.00 0 -2.33 399.29 172.78 423.70 218.64 1.67 0.60 0.64 -7.40 1.67 26.73 -2.60 0.15
Pedestrian 0.00 0 -5.48 736.58 200.06 781.30 286.19 1.24 0.40 0.55 2.20 1.66 10.93 -5.28 0.15
Pedestrian 0.00 0 -3.25 1072.84 147.44 1124.72 268.61 1.73 0.56 0.58 7.18 1.37 10.70 -2.65 0.15
Car 0.00 0 -4.25 424.69 174.43 472.04 199.86 1.66 1.64 3.84 -11.07 1.78 49.51 -4.47 0.13
Cyclist 0.00 0 -7.64 479.14 170.53 490.79 194.32 1.71 0.49 1.67 -9.18 1.55 52.84 -7.81 0.12
Car 0.00 0 -4.52 494.77 176.60 523.63 197.87 1.71 1.67 3.94 -8.48 2.04 60.83 -4.65 0.10
