Car 0.00 0 -7.15 648.50 186.38 756.57 239.43 1.52 1.62 3.46 3.00 2.00 23.38 -7.02 0.77
Pedestrian 0.00 0 -4.32 727.62 179.19 752.62 229.27 1.79 0.70 0.66 4.72 2.03 26.39 -4.15 0.32
Car 0.00 0 -4.50 338.81 191.71 418.04 244.92 1.41 1.56 3.87 -7.15 2.05 22.48 -4.81 0.26
Cyclist 0.00 0 -7.01 587.23 167.29 618.88 198.30 1.81 0.79 1.82 -0.44 1.49 43.06 -7.02 0.19
Pedestrian 0.00 0 -4.57 747.07 174.23 773.49 236.70 1.91 0.71 0.76 4.65 1.95 22.52 -4.37 0.14
Cyclist 0.00 0 -7.75 587.94 179.57 600.72 214.40 1.65 0.46 1.59 -0.80 1.99 35.35 -7.77 0.13
Car 0.00 0 -7.73 858.26 180.44 976.58 279.25 1.66 1.68 4.24 6.33 1.84 14.70 -7.32 0.12
Pedestrian 0.00 0 -6.94 1155.59 173.73 1212.09 255.67 1.76 0.61 0.75 12.50 1.78 15.80 -6.27 0.11
Pedestrian 0.00 0 -8.17 1155.68 133.74 1183.72 189.98 1.80 0.58 0.55 18.15 0.55 23.47 -7.51 0.11
Car 0.00 0 -7.96 528.73 169.04 589.27 223.13 1.98 1.88 4.81 -2.18 1.84 28.90 -8.04 0.11
