Pedestrian 0.00 0 -5.59 843.19 172.93 893.34 254.66 1.77 0.67 0.82 5.73 1.77 16.16 -5.25 0.78
Car 0.00 0 -4.75 983.90 179.43 1018.34 209.37 1.57 1.56 3.81 22.00 1.96 40.73 -4.25 0.46
Pedestrian 0.00 0 -7.98 818.52 173.70 838.89 221.45 1.85 0.66 0.91 8.60 1.89 28.54 -7.69 0.44
Cyclist 0.00 0 -7.97 679.33 175.44 692.74 205.78 1.88 0.63 1.92 4.78 2.05 45.79 -7.86 0.42
Pedestrian 0.00 0 -8.58 951.60 171.30 1000.75 247.65 1.79 0.68 0.83 8.75 1.75 17.35 -8.11 0.29
Car 0.00 0 -4.50 392.01 183.57 456.29 229.51 1.49 1.52 3.66 -6.69 1.91 26.14 -4.75 0.20
Cyclist 0.00 0 -8.05 730.45 177.59 748.30 214.71 1.78 0.56 1.64 6.34 2.02 35.64 -7.87 0.17
Cyclist 0.00 0 -1.95 175.05 176.76 196.64 204.33 1.78 0.66 1.65 -28.01 2.04 47.58 -2.49 0.15
Car 0.00 0 -5.41 1048.31 188.88 1126.08 219.47 1.50 1.59 3.59 25.89 2.42 39.33 -4.83 0.13
Car 0.00 0 -5.07 1028.12 174.29 1067.28 193.16 1.56 1.59 4.00 37.68 1.69 62.24 -4.52 0.11
Pedestrian 0.00 0 -2.71 672.43 176.66 683.03 198.64 1.84 0.51 0.74 5.69 2.16 60.84 -2.61 0.11
Pedestrian 0.00 0 -5.33 738.62 168.69 752.52 200.13 1.96 0.59 0.66 8.51 1.70 45.49 -5.14 0.11
Car 0.00 0 -8.83 1128.79 187.19 1202.39 213.00 1.59 1.60 3.67 37.45 2.60 48.78 -8.18 0.11
Cyclist 0.00 0 -5.78 180.20 177.91 214.11 206.54 1.73 0.65 1.70 -25.27 2.04 44.11 -6.30 0.11
