Car 0.00 0 -7.90 629.89 178.29 701.70 245.25 1.60 1.71 3.41 1.40 1.44 18.95 -7.82 0.95
Car 0.00 0 -7.25 0.00 197.10 187.28 313.27 1.43 1.67 3.85 -8.50 1.65 11.20 -7.90 0.93
Car 0.00 0 -6.81 0.00 218.33 32.85 375.00 1.57 1.72 4.29 -4.41 1.78 2.30 -7.90 0.91
Car 0.00 0 -7.64 426.87 180.30 496.05 222.05 1.48 1.71 4.38 -5.56 1.31 27.66 -7.84 0.80
Car 0.00 0 -7.68 462.55 178.74 510.61 213.15 1.54 1.60 3.83 -5.72 1.25 34.13 -7.84 0.72
Car 0.00 0 -7.71 690.51 181.52 723.97 205.20 1.43 1.57 3.66 6.28 1.21 45.31 -7.57 0.64
Car 0.00 0 -4.00 0.00 190.30 14.82 230.59 1.42 1.79 4.63 -26.15 1.64 28.32 -4.74 0.54
Car 0.00 0 -4.59 764.50 181.33 787.03 198.65 1.57 1.61 3.78 15.70 1.22 67.09 -4.36 0.33
Cyclist 0.00 0 -2.35 31.80 173.05 124.01 248.92 1.78 0.68 1.86 -12.82 1.50 17.34 -2.99 0.20
Car 0.00 0 -4.45 8.68 190.44 65.71 219.35 1.59 1.64 4.14 -33.78 1.92 42.63 -5.12 0.19
Cyclist 0.00 0 -7.97 744.50 183.67 774.17 250.21 1.57 0.52 1.61 3.69 1.54 17.81 -7.77 0.19
Cyclist 0.00 0 -8.15 791.29 173.20 813.38 213.87 1.68 0.45 1.65 8.23 1.19 30.57 -7.88 0.15
Car 0.00 0 -7.88 450.86 169.34 475.71 195.80 1.98 1.79 3.99 -11.30 0.79 55.99 -8.08 0.13
Car 0.00 0 -4.72 764.20 182.16 795.21 209.42 1.53 1.70 4.40 10.17 1.36 42.69 -4.48 0.11
Car 0.00 0 -4.59 780.50 185.23 806.11 204.06 1.56 1.63 4.10 15.95 1.56 61.73 -4.33 0.11
Car 0.00 0 -4.68 0.00 191.01 19.03 215.26 1.55 1.62 3.98 -41.12 1.96 48.85 -5.38 0.10
