Car 0.00 0 -4.29 278.35 184.56 415.56 249.81 1.48 1.73 4.69 -6.99 1.84 19.63 -4.64 0.93
Car 0.00 0 -7.78 619.83 178.31 671.10 226.30 1.61 1.61 4.33 1.36 1.84 27.02 -7.73 0.92
Car 0.00 0 -4.47 423.70 183.11 489.15 224.32 1.50 1.68 4.01 -6.20 1.95 29.37 -4.67 0.91
Car 0.00 0 -4.47 472.32 183.54 521.49 214.34 1.46 1.60 4.18 -5.90 2.05 37.83 -4.63 0.38
Car 0.00 0 -4.55 509.39 182.06 540.68 206.47 1.50 1.50 3.57 -5.60 2.14 47.65 -4.67 0.34
Car 0.00 0 -4.49 429.86 184.37 503.29 231.66 1.46 1.64 4.28 -5.01 1.90 25.52 -4.68 0.19
Cyclist 0.00 0 -8.36 1054.78 149.12 1076.33 176.84 1.70 0.42 1.58 28.48 0.25 45.18 -7.80 0.18
Car 0.00 0 -4.88 721.62 177.87 755.67 203.09 1.71 1.74 4.01 9.13 2.08 51.63 -4.71 0.14
Car 0.00 0 -4.60 488.56 181.85 532.87 217.18 1.51 1.63 4.01 -4.64 1.96 33.89 -4.74 0.12
Car 0.00 0 -4.88 553.73 183.10 583.49 204.98 1.62 1.69 4.14 -3.36 2.46 57.54 -4.94 0.10
