Cyclist 0.00 0 -4.54 571.54 167.43 600.86 228.49 1.77 0.59 1.80 -0.47 1.37 21.79 -4.56 0.94
Pedestrian 0.00 0 -4.89 712.09 162.60 757.57 259.89 1.77 0.69 0.89 2.46 1.43 13.55 -4.71 0.80
Pedestrian 0.00 0 -4.38 410.90 168.41 463.58 268.59 1.77 0.68 0.90 -3.03 1.54 13.16 -4.60 0.79
Cyclist 0.00 0 -4.97 566.15 169.99 589.36 214.14 1.77 0.55 1.69 -1.01 1.31 29.66 -5.00 0.75
Cyclist 0.00 0 -4.66 617.17 171.52 634.50 215.04 1.68 0.61 1.56 0.96 1.30 28.59 -4.63 0.73
Pedestrian 0.00 0 -4.94 666.89 165.57 711.95 261.17 1.73 0.65 0.89 1.59 1.44 13.44 -4.82 0.71
Pedestrian 0.00 0 -8.22 520.68 171.03 543.58 215.02 1.74 0.67 0.82 -2.81 1.33 28.92 -8.32 0.68
Pedestrian 0.00 0 -5.64 460.24 176.91 476.44 208.20 1.84 0.63 0.71 -7.92 1.57 42.76 -5.82 0.56
Pedestrian 0.00 0 -8.31 728.07 166.26 752.79 216.20 1.74 0.66 0.61 4.89 1.21 25.42 -8.12 0.54
Cyclist 0.00 0 -7.90 82.26 179.96 89.92 205.75 1.59 0.33 1.47 -32.35 1.50 45.09 -8.52 0.52
Pedestrian 0.00 0 -6.93 663.45 171.14 679.90 198.84 1.80 0.53 0.94 4.61 1.12 47.04 -6.83 0.49
Pedestrian 0.00 0 -3.70 738.85 160.78 767.61 210.89 1.88 0.68 0.84 5.77 1.10 27.41 -3.49 0.47
Cyclist 0.00 0 -8.49 992.80 88.61 1237.00 373.00 1.83 0.61 1.70 2.15 1.59 2.68 -7.82 0.47
Pedestrian 0.00 0 -8.43 752.60 164.83 778.48 214.07 1.73 0.57 0.78 5.83 1.14 25.65 -8.21 0.42
Car 0.00 0 -5.94 0.00 206.54 7.03 373.00 1.39 1.55 4.18 -8.19 1.68 6.43 -6.85 0.36
Pedestrian 0.00 0 -6.01 329.53 172.94 366.51 236.21 1.68 0.56 0.82 -6.86 1.45 19.37 -6.35 0.34
Cyclist 0.00 0 -4.98 698.61 169.81 725.98 221.94 1.60 0.45 1.60 3.49 1.24 22.87 -4.83 0.34
Pedestrian 0.00 0 -7.68 352.71 163.48 377.01 217.78 1.94 0.70 0.87 -8.64 1.30 26.18 -8.00 0.29
Pedestrian 0.00 0 -7.92 313.10 167.61 330.91 209.42 1.93 0.73 0.71 -13.12 1.29 33.69 -8.29 0.29
Pedestrian 0.00 0 -4.61 393.13 166.14 419.43 237.22 1.82 0.59 0.84 -5.13 1.42 18.81 -4.88 0.28
Cyclist 0.00 0 -4.52 253.96 181.65 316.44 304.18 1.65 0.54 1.66 -4.64 1.65 10.53 -4.94 0.27
Cyclist 0.00 0 -4.40 782.69 158.06 815.19 214.25 1.83 0.53 1.80 6.66 1.07 24.27 -4.13 0.27
Cyclist 0.00 0 -2.93 276.16 172.93 339.74 227.43 1.70 0.70 1.77 -9.36 1.43 22.88 -3.31 0.26
Car 0.00 0 -5.04 462.77 178.78 530.32 214.74 1.51 1.71 4.37 -4.83 1.40 32.49 -5.18 0.24
Pedestrian 0.00 0 -8.07 210.67 159.41 247.35 242.31 1.94 0.59 0.99 -9.04 1.42 17.36 -8.55 0.22
Pedestrian 0.00 0 -2.94 280.34 177.22 291.23 202.63 1.89 0.67 0.63 -23.66 1.57 53.90 -3.35 0.22
Pedestrian 0.00 0 -3.51 769.69 158.69 805.08 219.79 1.89 0.55 0.94 5.80 1.19 22.54 -3.26 0.20
Pedestrian 0.00 0 -5.74 201.74 165.26 236.16 230.38 1.86 0.50 0.72 -11.07 1.39 20.74 -6.23 0.19
Pedestrian 0.00 0 -4.59 375.82 162.74 399.41 223.06 1.86 0.61 0.90 -6.77 1.29 22.69 -4.88 0.19
Car 0.00 0 -2.56 196.69 183.14 283.71 213.80 1.49 1.55 3.63 -18.02 1.57 35.88 -3.03 0.19
Pedestrian 0.00 0 -5.80 80.25 167.83 123.77 240.23 1.79 0.58 0.71 -12.59 1.45 18.07 -6.41 0.18
Pedestrian 0.00 0 -5.81 925.35 146.54 1092.78 373.00 1.76 0.60 0.82 2.74 1.55 4.95 -5.30 0.18
Pedestrian 0.00 0 -5.44 148.52 163.12 237.47 305.72 1.83 0.65 0.83 -5.51 1.59 9.63 -5.96 0.17
Pedestrian 0.00 0 -7.82 94.79 175.28 171.54 348.46 1.70 0.65 0.72 -4.95 1.64 7.54 -8.40 0.15
Pedestrian 0.00 0 -8.01 452.15 181.41 465.95 214.00 1.52 0.56 0.52 -6.73 1.52 33.89 -8.21 0.14
Car 0.00 0 -8.07 672.53 172.92 708.03 196.65 1.65 1.67 4.28 6.43 1.06 52.25 -7.95 0.13
Pedestrian 0.00 0 -4.17 339.74 166.73 363.98 213.97 1.93 0.63 0.80 -10.35 1.33 29.76 -4.51 0.13
Car 0.00 0 -7.13 239.77 176.13 291.87 202.08 1.98 1.74 3.67 -26.47 1.57 56.82 -7.56 0.13
Pedestrian 0.00 0 -4.55 346.76 180.29 378.05 247.43 1.54 0.60 0.70 -5.63 1.51 16.82 -4.88 0.12
Pedestrian 0.00 0 -4.61 321.79 192.52 352.97 275.48 1.37 0.44 0.64 -4.57 1.57 12.35 -4.97 0.12
Pedestrian 0.00 0 -8.07 814.22 170.02 845.70 233.38 1.63 0.66 0.68 5.97 1.34 18.90 -7.77 0.12
Pedestrian 0.00 0 -5.94 640.09 173.53 650.76 195.18 1.92 0.50 0.83 3.97 1.22 64.23 -5.87 0.12
Pedestrian 0.00 0 -7.30 88.09 173.35 106.37 216.87 1.79 0.52 0.33 -20.85 1.45 29.68 -7.91 0.12
Cyclist 0.00 0 -4.02 448.45 169.74 492.75 230.06 1.74 0.50 1.45 -3.93 1.40 21.52 -4.20 0.11
Cyclist 0.00 0 -4.46 316.93 176.67 342.83 222.13 1.62 0.51 1.58 -10.00 1.45 26.44 -4.82 0.11
Pedestrian 0.00 0 -7.67 314.05 173.64 351.14 259.12 1.70 0.62 0.55 -5.51 1.55 14.64 -8.03 0.11
Pedestrian 0.00 0 -3.71 755.30 163.26 767.97 199.77 1.91 0.53 0.43 8.47 0.96 38.00 -3.49 0.11
Pedestrian 0.00 0 -5.59 1023.50 137.29 1107.70 265.24 1.84 0.63 0.86 6.95 1.21 10.85 -5.02 0.11
Pedestrian 0.00 0 -7.84 38.69 167.85 76.02 246.78 1.72 0.66 0.62 -12.25 1.43 16.14 -8.49 0.10
Pedestrian 0.00 0 -3.45 236.30 180.69 265.51 239.95 1.49 0.51 0.54 -9.01 1.47 18.40 -3.91 0.10
Pedestrian 0.00 0 -8.42 1132.20 172.78 1237.00 373.00 1.56 0.67 0.66 4.30 1.50 5.12 -7.73 0.10
