Car 0.00 0 -7.87 573.77 152.14 622.81 205.65 1.88 1.73 4.54 -0.32 0.89 27.17 -7.88 0.88
Pedestrian 0.00 0 -4.75 361.80 160.37 389.42 228.72 1.84 0.69 1.02 -6.42 1.30 19.64 -5.06 0.60
Car 0.00 0 -7.94 559.52 162.11 605.59 199.30 1.57 1.70 4.28 -1.10 0.79 32.06 -7.98 0.56
Cyclist 0.00 0 -4.52 509.55 164.98 522.58 192.42 1.71 0.49 1.75 -5.65 0.74 44.94 -4.64 0.55
Pedestrian 0.00 0 -4.88 245.14 145.38 346.31 332.94 1.89 0.87 0.91 -3.45 1.54 7.74 -5.30 0.55
Pedestrian 0.00 0 -2.71 811.49 128.49 913.45 313.58 1.90 0.61 0.88 2.78 1.37 7.78 -2.37 0.39
Car 0.00 0 -7.22 894.45 174.94 1036.57 232.60 1.53 1.65 3.90 10.34 1.38 20.32 -6.75 0.28
Pedestrian 0.00 0 -4.99 723.80 150.09 773.33 249.44 1.84 0.67 1.05 2.71 1.28 13.62 -4.80 0.28
Pedestrian 0.00 0 -5.24 668.87 150.86 709.12 226.25 1.87 0.60 0.99 2.11 1.14 18.11 -5.13 0.22
Pedestrian 0.00 0 -8.35 421.19 167.14 438.53 199.00 1.71 0.68 0.66 -9.55 1.00 38.50 -8.60 0.22
Car 0.00 0 -4.60 1035.80 184.06 1147.85 256.73 1.31 1.52 4.17 10.40 1.40 15.03 -4.00 0.21
Pedestrian 0.00 0 -2.96 675.52 150.24 723.47 230.90 1.89 0.60 1.06 2.24 1.18 17.02 -2.83 0.20
Pedestrian 0.00 0 -8.06 394.11 163.54 414.85 208.23 1.78 0.69 0.63 -8.13 1.11 28.59 -8.34 0.18
Pedestrian 0.00 0 -4.99 990.22 98.97 1146.13 369.00 1.89 0.63 0.99 3.03 1.41 4.80 -4.42 0.16
Pedestrian 0.00 0 -4.45 794.88 142.56 860.59 295.93 1.84 0.60 0.87 2.80 1.39 9.00 -4.15 0.14
Pedestrian 0.00 0 -4.30 0.00 201.45 3.40 310.29 1.31 0.46 0.60 -8.13 1.59 9.00 -5.04 0.14
Pedestrian 0.00 0 -4.41 375.48 195.75 396.81 246.60 1.07 0.35 0.37 -4.73 1.40 15.17 -4.72 0.14
Car 0.00 0 -4.87 460.27 164.73 503.56 197.53 1.66 1.67 4.04 -6.67 0.86 37.98 -5.04 0.13
Pedestrian 0.00 0 -3.05 416.76 159.59 430.10 190.44 1.88 0.65 0.74 -11.14 0.61 43.38 -3.30 0.13
Pedestrian 0.00 0 -4.66 406.07 184.12 422.75 231.72 1.21 0.40 0.39 -4.96 1.31 18.26 -4.92 0.13
Pedestrian 0.00 0 -6.54 631.29 157.38 646.48 203.16 1.85 0.53 0.50 1.36 0.92 28.85 -6.50 0.12
Cyclist 0.00 0 -8.00 688.06 163.42 709.62 212.63 1.70 0.54 1.58 3.31 1.11 25.25 -7.87 0.12
Pedestrian 0.00 0 -3.33 381.39 159.11 395.43 197.98 1.87 0.68 0.53 -10.55 0.84 34.39 -3.63 0.12
Cyclist 0.00 0 -7.68 434.59 168.22 448.80 201.37 1.59 0.39 1.68 -8.02 1.00 34.69 -7.90 0.11
Pedestrian 0.00 0 -3.69 617.23 156.90 626.68 189.80 1.89 0.54 0.31 0.97 0.53 40.84 -3.66 0.11
Pedestrian 0.00 0 -4.81 442.32 176.50 457.79 216.24 1.34 0.47 0.54 -5.33 1.21 24.19 -5.03 0.11
Car 0.00 0 -4.59 481.84 165.30 503.73 180.87 1.44 1.61 3.88 -10.61 0.03 67.20 -4.75 0.11
Cyclist 0.00 0 -4.44 463.87 166.53 484.98 206.76 1.69 0.51 1.51 -5.64 1.10 30.46 -4.62 0.11
Pedestrian 0.00 0 -3.43 828.64 142.10 939.01 327.38 1.79 0.51 0.92 2.73 1.42 7.10 -3.06 0.11
Car 0.00 0 -5.66 1043.41 170.56 1223.00 369.00 1.53 1.57 3.83 5.27 1.49 5.11 -4.86 0.11
Car 0.00 0 -7.11 1216.27 96.79 1223.00 154.44 1.56 1.62 4.05 20.71 -0.80 20.89 -6.33 0.11
