Car 0.00 0 -5.14 711.31 162.53 760.68 189.39 1.82 1.75 4.42 8.83 1.12 51.12 -4.97 0.44
Car 0.00 0 -7.42 273.67 180.15 315.18 198.85 1.44 1.66 3.83 -25.86 2.06 59.19 -7.83 0.25
Pedestrian 0.00 0 -4.30 520.11 160.47 552.04 223.35 1.91 0.67 0.95 -2.34 1.53 22.44 -4.40 0.24
Car 0.00 0 -5.27 888.43 170.65 950.24 198.41 1.58 1.58 3.90 18.42 1.46 43.22 -4.86 0.23
Pedestrian 0.00 0 -3.73 777.11 165.50 792.23 194.13 1.85 0.62 0.73 11.33 1.37 46.93 -3.50 0.21
Car 0.00 0 -8.26 747.18 161.51 790.58 187.24 1.79 1.67 3.86 11.46 1.00 52.38 -8.05 0.21
Car 0.00 0 -7.95 663.00 167.21 684.30 184.59 1.60 1.61 4.21 6.00 1.08 68.53 -7.86 0.20
Car 0.00 0 -8.27 932.72 163.58 980.72 186.01 1.55 1.63 4.06 24.92 0.91 52.07 -7.82 0.19
Cyclist 0.00 0 -4.49 694.11 169.90 729.01 243.68 1.73 0.53 1.52 2.47 1.67 17.77 -4.35 0.19
Car 0.00 0 -8.25 1076.34 164.49 1122.97 184.38 1.50 1.60 3.98 38.33 0.87 56.62 -7.66 0.18
Pedestrian 0.00 0 -5.14 411.44 159.31 447.12 229.92 1.79 0.59 0.88 -4.76 1.45 18.81 -5.39 0.16
Car 0.00 0 -5.86 0.00 177.65 48.25 233.95 1.53 1.65 4.17 -19.49 1.68 21.32 -6.60 0.15
Car 0.00 0 -6.02 249.93 179.60 327.80 203.56 1.45 1.64 4.19 -20.16 1.88 45.37 -6.44 0.14
Pedestrian 0.00 0 -5.40 917.62 203.37 1077.37 374.00 1.58 0.54 0.63 2.18 1.78 4.22 -4.92 0.13
Car 0.00 0 -8.26 794.50 166.03 842.90 189.09 1.59 1.77 4.34 14.97 1.12 52.07 -7.98 0.13
Pedestrian 0.00 0 -4.78 305.44 140.43 373.99 317.69 1.86 0.66 0.91 -3.11 1.52 8.12 -5.15 0.12
Car 0.00 0 -4.58 353.29 177.33 376.40 193.76 1.51 1.58 4.10 -23.62 1.95 69.56 -4.91 0.11
Car 0.00 0 -3.95 0.00 217.38 354.40 374.00 1.44 1.57 3.97 -2.52 1.73 2.69 -4.70 0.11
Car 0.00 0 -8.15 984.67 156.72 1025.55 181.35 1.85 1.70 4.03 30.70 0.64 56.22 -7.65 0.11
Pedestrian 0.00 0 -2.74 342.82 204.29 452.27 374.00 1.55 0.55 0.49 -1.37 1.76 4.53 -3.04 0.11
