Car 0.00 0 -8.04 708.49 170.31 853.76 288.41 1.71 1.68 3.96 2.70 1.68 12.47 -7.82 0.97
Car 0.00 0 -8.03 675.65 179.91 769.29 248.23 1.53 1.66 4.14 2.72 1.73 18.63 -7.88 0.95
Car 0.00 0 -2.23 0.00 154.69 90.18 374.00 1.83 1.76 4.20 -6.47 1.72 5.11 -3.14 0.95
Car 0.00 0 -7.98 653.78 175.39 707.48 222.66 1.68 1.59 3.60 2.60 1.78 27.64 -7.89 0.94
Car 0.00 0 -7.97 636.76 178.64 670.01 205.72 1.46 1.50 3.65 2.42 1.80 41.45 -7.91 0.93
Car 0.00 0 -2.72 123.97 184.88 382.07 276.81 1.48 1.58 3.74 -6.17 1.70 12.66 -3.17 0.92
Car 0.00 0 -5.64 0.01 190.88 330.40 307.76 1.45 1.53 3.81 -6.19 1.72 10.17 -6.19 0.91
Car 0.00 0 -5.47 0.00 197.31 230.78 356.26 1.43 1.52 3.78 -6.39 1.73 7.78 -6.16 0.77
Car 0.00 0 -6.00 368.94 183.20 494.89 225.32 1.45 1.62 4.15 -6.44 1.84 26.17 -6.25 0.73
Car 0.00 0 -2.93 398.68 170.33 495.15 213.26 1.81 1.72 3.81 -7.05 1.70 31.26 -3.16 0.56
Car 0.00 0 -2.99 432.70 179.59 523.14 211.02 1.54 1.68 4.32 -6.69 1.89 36.64 -3.17 0.48
Car 0.00 0 -2.72 254.41 178.51 402.07 234.31 1.62 1.61 3.88 -8.57 1.80 22.01 -3.09 0.41
Pedestrian 0.00 0 -3.49 1101.16 146.56 1182.69 268.13 1.84 0.65 0.86 8.29 1.44 11.35 -2.86 0.36
Car 0.00 0 -2.91 456.68 179.72 537.73 208.44 1.49 1.58 4.07 -6.09 1.87 38.94 -3.07 0.36
Car 0.00 0 -2.74 179.46 187.90 400.64 261.91 1.44 1.55 3.96 -6.65 1.77 15.16 -3.15 0.36
Car 0.00 0 -7.81 682.84 173.25 710.16 199.92 1.68 1.63 3.99 5.71 1.71 47.63 -7.69 0.30
Pedestrian 0.00 0 -4.74 449.36 176.60 475.29 236.88 1.71 0.72 0.87 -4.36 1.82 21.04 -4.94 0.24
Car 0.00 0 -7.80 397.13 169.55 418.49 188.89 1.69 1.66 3.45 -18.13 1.40 64.73 -8.07 0.22
Pedestrian 0.00 0 -7.93 1211.80 154.47 1241.00 315.30 1.71 0.64 0.73 7.18 1.51 8.15 -7.21 0.20
Pedestrian 0.00 0 -6.68 64.44 162.53 93.18 213.83 1.90 0.66 0.66 -20.02 1.52 27.13 -7.32 0.18
Car 0.00 0 -7.24 64.52 176.11 168.73 217.33 1.44 1.54 3.46 -18.58 1.58 27.29 -7.84 0.18
Car 0.00 0 -2.89 391.76 180.76 506.02 219.83 1.49 1.51 4.19 -6.39 1.81 28.68 -3.11 0.18
Pedestrian 0.00 0 -7.95 882.94 161.02 902.08 206.69 1.81 0.66 0.63 11.33 1.34 29.04 -7.58 0.17
Pedestrian 0.00 0 -3.15 373.71 165.30 381.32 190.40 1.72 0.73 0.50 -16.10 1.20 49.87 -3.46 0.16
Car 0.00 0 -8.01 649.74 169.68 678.27 194.90 2.14 1.82 4.62 4.69 1.87 63.57 -7.93 0.16
Pedestrian 0.00 0 -7.73 167.14 162.56 193.75 222.91 1.93 0.66 0.71 -14.04 1.60 23.52 -8.27 0.13
Car 0.00 0 -2.73 480.21 179.72 545.71 205.43 1.50 1.58 3.63 -5.93 1.93 43.96 -2.86 0.13
Pedestrian 0.00 0 -6.13 378.08 172.95 389.07 197.02 1.92 0.54 0.77 -18.23 1.93 58.03 -6.43 0.11
Car 0.00 0 -3.02 482.66 177.77 543.32 200.99 1.53 1.57 3.89 -6.53 1.86 48.57 -3.16 0.11
Car 0.00 0 -4.28 0.00 173.26 35.93 198.82 1.47 1.62 3.63 -36.52 1.50 43.51 -4.98 0.11
