Car 0.00 0 -4.50 504.15 181.18 594.40 242.79 1.43 1.64 3.61 -1.55 1.67 19.15 -4.58 0.94
Pedestrian 0.00 0 -4.73 901.76 161.38 923.52 214.79 1.80 0.67 1.04 10.43 1.42 24.98 -4.34 0.57
Pedestrian 0.00 0 -7.89 662.91 169.66 677.16 205.52 1.70 0.66 0.62 2.83 1.55 34.52 -7.81 0.40
Pedestrian 0.00 0 -8.26 526.10 172.16 549.80 221.27 1.75 0.69 0.57 -2.66 1.73 26.20 -8.36 0.29
Pedestrian 0.00 0 -4.66 250.83 165.37 274.09 231.75 1.95 0.60 0.64 -10.46 1.73 21.64 -5.12 0.26
Cyclist 0.00 0 -3.05 1079.23 156.87 1140.51 209.90 1.78 0.61 1.70 17.31 1.25 25.06 -2.44 0.22
Pedestrian 0.00 0 -7.52 651.54 172.22 674.12 218.58 1.65 0.60 0.75 1.87 1.63 26.12 -7.45 0.19
Pedestrian 0.00 0 -3.21 668.41 166.94 686.95 212.08 1.77 0.58 0.69 2.63 1.54 28.58 -3.11 0.13
Car 0.00 0 -4.44 684.77 171.24 724.80 194.25 1.55 1.71 4.27 6.69 1.44 50.80 -4.31 0.13
Pedestrian 0.00 0 -3.24 557.03 169.57 569.08 195.50 1.86 0.55 0.82 -3.43 1.63 52.21 -3.30 0.13
Car 0.00 0 -6.39 847.83 169.97 902.35 186.28 1.37 1.57 4.23 22.63 1.13 61.79 -6.04 0.11
Pedestrian 0.00 0 -3.25 1120.19 162.35 1163.92 233.55 1.67 0.52 0.79 12.72 1.42 17.33 -2.62 0.11
