Car 0.00 0 -7.59 303.74 189.43 444.14 283.76 1.43 1.53 3.33 -4.03 1.52 12.76 -7.89 0.97
Car 0.00 0 -7.49 238.14 184.84 346.82 239.99 1.43 1.62 3.74 -8.90 1.42 20.51 -7.90 0.93
Car 0.00 0 -7.84 561.54 177.29 600.13 213.98 1.57 1.65 3.52 -1.23 1.23 32.45 -7.88 0.92
Car 0.00 0 -7.32 0.00 183.53 363.70 375.00 1.62 1.62 3.90 -3.22 1.62 5.14 -7.88 0.89
Car 0.00 0 -7.32 0.00 183.96 153.32 249.51 1.42 1.56 3.94 -13.02 1.39 17.58 -7.96 0.73
Car 0.00 0 -7.36 50.79 185.52 265.13 279.69 1.48 1.56 4.23 -8.16 1.49 13.47 -7.91 0.58
Car 0.00 0 -2.58 267.71 178.09 353.42 210.73 1.49 1.51 3.47 -14.02 1.17 33.88 -2.97 0.40
Pedestrian 0.00 0 -5.78 445.45 180.00 461.13 208.00 1.60 0.65 0.65 -8.93 1.30 41.44 -5.99 0.36
Car 0.00 0 -7.45 207.77 180.78 289.62 224.07 1.48 1.49 3.32 -13.10 1.33 26.33 -7.91 0.32
Pedestrian 0.00 0 -5.56 517.56 168.18 536.57 201.30 1.92 0.56 0.98 -4.76 0.93 42.14 -5.68 0.26
Car 0.00 0 -4.48 403.47 180.36 451.35 211.22 1.48 1.54 3.64 -9.05 1.24 36.19 -4.72 0.21
Pedestrian 0.00 0 -7.28 114.56 170.46 147.01 220.63 1.70 0.65 0.71 -16.48 1.20 24.79 -7.87 0.17
Cyclist 0.00 0 -3.06 453.05 172.03 505.47 221.38 1.79 0.66 1.85 -4.75 1.31 26.43 -3.24 0.16
Pedestrian 0.00 0 -7.50 1066.06 157.36 1141.56 311.84 1.77 0.58 0.58 5.91 1.45 8.64 -6.90 0.12
Car 0.00 0 -2.75 285.25 166.71 423.75 220.34 1.91 1.80 4.50 -9.36 1.25 26.67 -3.09 0.12
