Car 0.00 0 -7.36 141.14 190.78 301.45 263.83 1.42 1.60 3.66 -8.51 1.56 16.11 -7.84 0.97
Car 0.00 0 -7.85 574.54 176.99 621.21 220.15 1.54 1.67 3.31 -0.41 1.25 27.30 -7.86 0.96
Car 0.00 0 -7.73 458.92 182.87 509.75 219.33 1.41 1.60 3.89 -5.08 1.32 29.78 -7.90 0.95
Car 0.00 0 -7.49 258.91 185.19 333.99 222.53 1.47 1.56 4.03 -13.09 1.47 30.38 -7.89 0.90
Car 0.00 0 -7.59 336.78 172.98 464.77 257.80 1.75 1.76 4.47 -4.75 1.49 17.03 -7.86 0.73
Car 0.00 0 -6.01 530.14 176.30 591.92 199.64 1.62 1.71 4.09 -3.33 1.00 51.26 -6.08 0.41
Car 0.00 0 -7.54 132.38 188.74 236.47 240.55 1.43 1.59 4.02 -12.96 1.55 22.20 -8.07 0.40
Pedestrian 0.00 0 -4.39 0.00 154.33 83.64 375.00 1.86 0.74 0.86 -3.44 1.72 3.86 -5.11 0.34
Car 0.00 0 -7.76 458.51 176.96 487.16 200.77 1.62 1.62 4.04 -9.53 1.06 50.91 -7.94 0.28
Car 0.00 0 -7.75 339.19 183.57 394.66 225.90 1.50 1.63 3.82 -9.20 1.45 27.57 -8.07 0.22
Car 0.00 0 -7.86 443.80 178.16 471.87 205.06 1.50 1.54 3.58 -8.83 1.11 42.10 -8.07 0.20
Cyclist 0.00 0 -5.77 314.02 176.38 349.35 207.17 1.74 0.68 1.78 -15.83 1.24 41.16 -6.14 0.19
Car 0.00 0 -4.67 509.53 176.59 542.57 205.56 1.57 1.72 4.63 -4.68 1.11 41.38 -4.79 0.16
Pedestrian 0.00 0 -5.44 717.84 177.74 742.43 228.72 1.54 0.49 0.57 3.72 1.32 22.12 -5.27 0.16
Cyclist 0.00 0 -7.83 635.95 177.58 643.90 205.65 1.60 0.42 1.55 1.84 1.16 41.68 -7.78 0.11
Car 0.00 0 -4.51 311.16 182.96 354.16 208.94 1.49 1.71 3.71 -16.55 1.37 43.33 -4.87 0.10
