Car 0.00 0 -7.11 0.00 205.87 309.00 369.00 1.53 1.61 3.82 -3.16 1.73 3.52 -7.84 0.94
Car 0.00 0 -4.70 439.28 173.24 477.39 204.96 1.51 1.79 4.10 -7.41 1.17 35.85 -4.90 0.80
Pedestrian 0.00 0 -6.46 875.45 157.51 940.36 264.20 1.72 0.63 0.90 5.00 1.35 11.82 -6.06 0.74
Pedestrian 0.00 0 -6.83 274.25 177.88 319.09 256.24 1.55 0.60 0.61 -6.34 1.50 14.43 -7.25 0.52
Cyclist 0.00 0 -8.31 980.04 152.42 1031.75 221.37 1.71 0.45 1.73 10.39 1.02 18.44 -7.80 0.49
Pedestrian 0.00 0 -6.31 880.87 154.71 899.83 195.18 1.90 0.68 0.81 13.55 0.69 33.62 -5.93 0.36
Pedestrian 0.00 0 -3.81 788.39 162.88 807.67 195.54 1.72 0.58 0.80 10.28 0.79 37.68 -3.55 0.27
Pedestrian 0.00 0 -7.98 987.93 146.82 1006.94 187.03 1.89 0.73 0.58 18.70 0.31 33.72 -7.47 0.24
Pedestrian 0.00 0 -3.17 774.78 158.82 792.79 191.47 1.86 0.56 0.98 10.25 0.62 40.57 -2.92 0.23
Pedestrian 0.00 0 -3.34 724.95 163.46 736.43 186.90 1.85 0.49 0.81 9.95 0.51 55.91 -3.17 0.22
Cyclist 0.00 0 -7.85 807.54 163.32 817.31 195.94 1.65 0.47 1.62 10.70 0.78 36.51 -7.57 0.21
Pedestrian 0.00 0 -5.04 1019.37 146.97 1041.99 188.34 1.91 0.69 0.78 19.95 0.36 33.17 -4.50 0.17
Pedestrian 0.00 0 -4.21 894.20 161.68 952.01 270.84 1.65 0.54 0.74 4.96 1.37 11.11 -3.79 0.15
Pedestrian 0.00 0 -8.00 909.26 161.29 922.55 192.20 1.65 0.59 0.46 16.68 0.62 37.96 -7.58 0.15
Pedestrian 0.00 0 -7.93 1171.19 153.38 1203.40 218.41 1.56 0.57 0.64 14.30 0.91 17.42 -7.24 0.14
Pedestrian 0.00 0 -5.67 1156.55 166.42 1198.28 238.48 1.41 0.43 0.48 11.36 1.13 14.08 -4.99 0.13
Car 0.00 0 -6.35 1159.59 159.94 1223.00 192.97 1.43 1.52 3.58 27.60 0.54 32.27 -5.65 0.11
