Car 0.00 0 -4.14 0.00 205.26 271.18 374.00 1.48 1.67 4.09 -3.75 1.78 4.50 -4.84 0.96
Car 0.00 0 -3.69 626.32 173.88 733.53 210.16 1.53 1.66 4.58 3.11 1.58 32.28 -3.59 0.87
Car 0.00 0 -6.05 353.96 174.19 504.61 230.08 1.68 1.70 4.29 -5.60 1.72 22.56 -6.30 0.78
Pedestrian 0.00 0 -4.78 534.33 170.00 557.28 234.51 1.74 0.58 0.87 -1.83 1.67 19.98 -4.87 0.71
Pedestrian 0.00 0 -8.35 1033.93 152.90 1147.08 329.14 1.74 0.67 0.83 4.96 1.55 7.58 -7.77 0.70
Car 0.00 0 -3.73 457.67 178.95 571.66 219.81 1.47 1.67 4.29 -3.77 1.73 28.67 -3.86 0.44
Cyclist 0.00 0 -4.72 892.97 166.37 907.79 211.59 1.70 0.52 1.47 11.16 1.45 27.84 -4.34 0.27
Pedestrian 0.00 0 -2.44 483.09 155.93 547.13 262.15 1.91 0.60 1.04 -1.83 1.60 13.50 -2.58 0.24
Pedestrian 0.00 0 -6.49 1086.32 159.26 1156.35 309.49 1.68 0.68 0.54 5.94 1.53 8.48 -5.88 0.16
Cyclist 0.00 0 -8.19 996.32 159.68 1073.11 289.33 1.70 0.43 1.57 5.94 1.52 10.25 -7.67 0.15
Pedestrian 0.00 0 -3.44 837.12 165.02 854.27 195.96 1.88 0.64 0.85 14.37 1.40 44.11 -3.12 0.15
