Car 0.00 0 -8.03 642.76 173.71 719.16 231.33 1.61 1.63 4.18 2.05 1.64 22.39 -7.94 0.97
Car 0.00 0 -4.57 448.83 181.24 528.40 244.16 1.41 1.52 3.57 -3.05 1.65 18.44 -4.74 0.96
Car 0.00 0 -2.65 0.00 181.81 287.70 310.57 1.50 1.60 3.89 -6.62 1.63 9.55 -3.25 0.93
Car 0.00 0 -5.49 0.00 182.24 187.76 362.24 1.55 1.67 3.88 -6.68 1.65 7.20 -6.24 0.92
Car 0.00 0 -8.48 846.09 200.51 1241.00 374.00 1.48 1.63 4.29 2.68 1.70 3.71 -7.86 0.89
Car 0.00 0 -2.96 331.91 176.94 465.35 221.03 1.47 1.67 4.25 -7.34 1.62 25.24 -3.25 0.85
Car 0.00 0 -7.96 610.33 175.06 635.94 196.21 1.57 1.59 3.75 0.96 1.75 55.96 -7.94 0.47
Pedestrian 0.00 0 -6.65 771.07 169.15 787.91 205.34 1.87 0.61 0.68 8.81 1.68 37.68 -6.42 0.31
Pedestrian 0.00 0 -6.82 1034.81 160.42 1101.85 273.06 1.80 0.68 0.68 7.50 1.61 11.91 -6.26 0.31
Car 0.00 0 -5.76 1161.57 189.97 1241.00 374.00 1.49 1.57 3.39 6.27 1.66 5.33 -4.90 0.29
Pedestrian 0.00 0 -7.88 26.69 176.03 51.79 234.46 1.72 0.58 0.48 -17.16 1.82 21.63 -8.55 0.25
Car 0.00 0 -7.84 425.25 176.43 465.50 214.39 1.51 1.60 3.96 -7.15 1.68 31.26 -8.07 0.23
Pedestrian 0.00 0 -5.63 16.47 160.84 38.61 209.32 1.84 0.55 0.41 -22.33 1.38 27.62 -6.31 0.20
Car 0.00 0 -4.80 645.25 173.65 667.52 192.78 1.63 1.60 3.97 4.03 1.70 63.50 -4.74 0.18
Car 0.00 0 -7.72 190.52 168.10 232.73 198.72 1.54 1.54 3.24 -21.02 1.30 38.09 -8.23 0.17
Cyclist 0.00 0 -7.16 0.00 174.43 17.49 239.21 1.60 0.52 1.60 -16.25 1.64 18.63 -7.88 0.17
Pedestrian 0.00 0 -3.80 834.82 170.71 864.14 224.73 1.78 0.59 0.72 7.95 1.71 24.11 -3.48 0.16
Pedestrian 0.00 0 -8.21 1143.79 166.94 1221.45 301.86 1.71 0.62 0.64 7.52 1.64 9.56 -7.54 0.16
Car 0.00 0 -6.26 469.65 167.07 534.96 192.68 1.82 1.75 4.62 -7.82 1.41 52.43 -6.40 0.15
Cyclist 0.00 0 -3.03 249.23 169.29 286.92 203.50 1.83 0.65 1.79 -18.62 1.64 39.25 -3.47 0.15
Cyclist 0.00 0 -7.91 709.60 172.52 721.84 207.20 1.64 0.50 1.61 5.08 1.63 35.00 -7.77 0.14
Cyclist 0.00 0 -7.80 231.95 169.83 241.63 201.73 1.70 0.37 1.74 -20.38 1.54 39.34 -8.28 0.14
Pedestrian 0.00 0 -5.35 1071.54 150.61 1156.41 289.97 1.93 0.62 0.84 7.19 1.62 10.40 -4.75 0.14
Pedestrian 0.00 0 -4.33 1017.65 175.33 1045.93 233.35 1.72 0.57 0.57 12.71 1.80 21.83 -3.81 0.13
Pedestrian 0.00 0 -7.63 910.88 150.18 957.44 253.43 1.91 0.63 0.90 6.21 1.49 13.91 -7.21 0.13
Pedestrian 0.00 0 -4.66 780.25 164.60 794.35 204.52 1.93 0.64 0.48 8.59 1.53 35.11 -4.42 0.13
Pedestrian 0.00 0 -7.75 885.32 157.61 922.84 244.67 1.93 0.73 0.61 6.66 1.59 16.45 -7.37 0.12
Pedestrian 0.00 0 -4.32 1002.52 147.58 1069.99 278.15 1.96 0.69 0.74 6.65 1.58 11.34 -3.79 0.12
Pedestrian 0.00 0 -8.40 987.88 162.90 1050.98 270.79 1.77 0.61 0.79 6.87 1.60 12.22 -7.89 0.11
Pedestrian 0.00 0 -7.99 1033.40 172.81 1056.63 226.80 1.69 0.58 0.41 13.77 1.69 22.92 -7.45 0.11
Car 0.00 0 -4.80 375.92 160.39 405.26 188.93 2.14 1.82 4.38 -17.23 1.21 56.45 -5.10 0.10
Pedestrian 0.00 0 -4.00 952.33 177.66 1000.37 250.39 1.60 0.61 0.78 8.26 1.71 16.36 -3.53 0.10
