Car 0.00 0 -8.04 685.56 178.33 779.21 246.84 1.54 1.63 3.98 2.97 1.70 18.56 -7.88 0.93
Car 0.00 0 -4.32 235.17 194.19 378.87 277.63 1.43 1.52 3.47 -6.17 1.92 14.97 -4.71 0.93
Car 0.00 0 -4.39 338.82 189.67 443.56 248.82 1.43 1.65 3.98 -6.14 1.95 20.55 -4.68 0.87
Car 0.00 0 -3.91 0.00 220.37 270.95 374.00 1.60 1.72 4.17 -3.16 1.92 2.82 -4.75 0.58
Car 0.00 0 -8.20 1216.18 140.19 1241.00 190.49 1.77 1.81 4.36 25.21 0.62 27.70 -7.46 0.47
Car 0.00 0 -8.09 681.08 173.59 720.94 197.36 1.50 1.66 4.36 5.97 1.56 48.03 -7.96 0.37
Car 0.00 0 -6.34 753.62 170.98 834.76 202.24 1.58 1.67 4.01 9.51 1.49 37.67 -6.09 0.27
Car 0.00 0 -3.47 815.20 168.63 883.92 191.19 1.45 1.56 3.97 15.59 1.18 47.16 -3.15 0.26
Car 0.00 0 -7.94 630.42 174.06 651.40 190.65 1.51 1.62 4.14 2.86 1.62 67.92 -7.90 0.22
Car 0.00 0 -2.41 0.00 209.67 65.83 350.69 1.44 1.55 3.99 -9.32 1.94 8.79 -3.22 0.13
Car 0.00 0 -3.49 825.62 160.50 879.45 179.30 1.62 1.66 4.14 21.14 0.56 63.03 -3.16 0.12
Car 0.00 0 -8.05 697.38 161.93 728.22 190.03 2.45 1.88 4.76 9.24 1.50 65.36 -7.91 0.11
