Cyclist 0.00 0 -4.09 0.00 132.53 255.61 373.00 1.85 0.55 1.79 -2.34 1.68 3.29 -4.71 0.81
Pedestrian 0.00 0 -8.24 866.42 159.14 923.41 264.79 1.67 0.61 0.78 4.75 1.32 11.76 -7.86 0.68
Pedestrian 0.00 0 -5.87 659.48 171.12 681.79 209.03 1.72 0.56 0.87 3.18 1.25 33.13 -5.77 0.62
Pedestrian 0.00 0 -3.27 462.47 170.06 485.44 215.41 1.91 0.72 0.88 -5.46 1.43 30.66 -3.45 0.58
Pedestrian 0.00 0 -4.13 172.64 157.13 303.16 361.44 1.82 0.67 1.04 -3.52 1.60 6.94 -4.60 0.52
Pedestrian 0.00 0 -5.55 577.00 172.00 595.20 204.76 1.86 0.58 0.88 -0.88 1.32 41.19 -5.57 0.51
Cyclist 0.00 0 -7.69 410.61 171.69 445.35 242.39 1.72 0.58 1.84 -4.47 1.49 18.46 -7.93 0.47
Pedestrian 0.00 0 -7.82 737.66 168.90 764.26 238.87 1.68 0.62 0.71 3.65 1.38 17.68 -7.62 0.46
Pedestrian 0.00 0 -4.77 730.21 154.88 814.87 351.68 1.70 0.71 0.90 1.52 1.47 6.70 -4.54 0.46
Car 0.00 0 -7.15 1131.24 172.08 1237.00 373.00 1.39 1.57 4.23 6.74 1.33 5.54 -6.27 0.45
Car 0.00 0 -5.29 272.18 171.22 328.94 198.40 1.83 1.70 4.10 -21.09 1.14 50.34 -5.69 0.44
Car 0.00 0 -4.72 601.69 170.95 620.18 190.46 1.72 1.63 4.14 0.88 0.79 65.57 -4.71 0.42
Pedestrian 0.00 0 -8.37 780.52 164.65 823.02 239.11 1.73 0.71 0.72 4.73 1.34 17.11 -8.10 0.41
Cyclist 0.00 0 -7.19 814.22 163.17 866.81 220.67 1.72 0.57 1.77 7.37 1.17 22.21 -6.87 0.35
Pedestrian 0.00 0 -3.51 953.49 138.87 1040.14 291.30 1.78 0.66 0.73 4.75 1.28 8.75 -3.01 0.33
Pedestrian 0.00 0 -6.02 801.22 162.66 830.00 217.31 1.82 0.67 0.79 7.25 1.19 24.40 -5.73 0.31
Pedestrian 0.00 0 -5.52 643.60 172.50 658.54 197.25 1.71 0.50 0.96 3.48 1.09 50.26 -5.45 0.31
Cyclist 0.00 0 -4.33 1008.32 185.73 1237.00 373.00 1.49 0.52 1.68 2.71 1.51 3.58 -3.68 0.30
Pedestrian 0.00 0 -8.34 770.73 172.91 817.83 254.71 1.62 0.79 0.49 3.86 1.45 14.55 -8.08 0.25
Pedestrian 0.00 0 -6.06 452.39 175.26 473.93 217.37 1.72 0.58 0.77 -5.73 1.47 29.72 -6.25 0.23
Pedestrian 0.00 0 -4.56 897.28 158.07 922.12 216.18 1.84 0.62 0.85 9.96 1.10 23.26 -4.15 0.22
Pedestrian 0.00 0 -7.65 593.84 172.03 606.47 204.85 1.86 0.57 0.84 -0.07 1.32 41.17 -7.65 0.21
Cyclist 0.00 0 -7.04 0.00 175.93 72.21 328.00 1.69 0.56 1.69 -7.53 1.63 8.85 -7.74 0.19
Cyclist 0.00 0 -4.26 304.32 183.09 370.62 271.66 1.55 0.52 1.61 -4.95 1.59 13.45 -4.61 0.18
Pedestrian 0.00 0 -4.33 1017.06 155.92 1034.05 208.10 1.87 0.48 0.22 15.31 0.95 25.97 -3.79 0.18
Pedestrian 0.00 0 -4.49 912.09 172.18 934.39 225.02 1.51 0.47 0.62 9.35 1.25 20.94 -4.07 0.18
Pedestrian 0.00 0 -5.64 572.57 174.33 585.15 197.52 1.75 0.52 0.81 -1.70 1.21 54.72 -5.67 0.17
Pedestrian 0.00 0 -5.38 132.09 165.33 203.21 276.42 1.79 0.61 0.87 -7.29 1.53 12.01 -5.92 0.17
Car 0.00 0 -3.22 358.99 181.72 460.50 215.63 1.51 1.70 4.46 -8.96 1.52 33.51 -3.48 0.16
Cyclist 0.00 0 -3.02 698.10 169.52 738.04 209.76 1.77 0.61 1.70 5.22 1.25 32.20 -2.85 0.15
Pedestrian 0.00 0 -6.79 1003.86 155.56 1032.51 212.33 1.80 0.62 0.57 13.37 0.98 23.10 -6.26 0.15
Pedestrian 0.00 0 -7.83 1017.74 135.57 1035.37 177.47 1.77 0.64 0.58 18.22 -0.17 30.81 -7.30 0.15
Pedestrian 0.00 0 -7.92 691.95 171.23 705.42 206.12 1.75 0.63 0.59 4.91 1.24 36.35 -7.79 0.15
Pedestrian 0.00 0 -7.98 458.24 170.76 474.68 212.34 1.88 0.65 0.79 -6.19 1.39 32.88 -8.16 0.13
Car 0.00 0 -7.54 0.00 184.10 43.42 268.47 1.48 1.54 3.65 -12.94 1.54 14.67 -8.27 0.12
Pedestrian 0.00 0 -6.17 518.94 168.38 534.47 197.86 1.89 0.57 0.94 -4.82 1.05 46.39 -6.27 0.12
Pedestrian 0.00 0 -5.05 0.00 176.57 23.07 245.80 1.68 0.65 0.52 -14.94 1.56 17.88 -5.75 0.11
Pedestrian 0.00 0 -3.40 629.22 172.08 642.39 194.75 1.80 0.54 0.94 2.77 1.05 57.36 -3.36 0.11
Pedestrian 0.00 0 -3.43 229.04 155.22 284.79 252.93 1.94 0.68 0.88 -7.12 1.42 14.77 -3.88 0.11
Pedestrian 0.00 0 -2.85 668.65 168.27 677.73 194.77 1.93 0.52 0.54 5.29 0.97 52.75 -2.75 0.11
