Car 0.00 0 -7.88 579.06 178.09 606.61 204.51 1.63 1.68 4.46 -1.21 1.99 47.69 -7.91 0.75
Cyclist 0.00 0 -5.02 639.36 173.75 658.95 207.15 1.86 0.57 1.87 2.19 1.91 41.17 -4.97 0.66
Car 0.00 0 -6.26 1017.50 164.40 1082.97 186.46 1.63 1.62 4.21 33.51 1.00 55.00 -5.71 0.59
Pedestrian 0.00 0 -4.92 1079.92 161.70 1101.32 207.76 1.79 0.61 0.50 18.89 1.36 28.43 -4.33 0.41
Car 0.00 0 -5.83 183.07 188.80 325.29 234.05 1.56 1.72 4.36 -12.98 2.17 26.41 -6.28 0.26
Cyclist 0.00 0 -3.96 318.81 183.81 348.77 217.52 1.72 0.57 1.56 -14.64 2.31 38.18 -4.33 0.20
Car 0.00 0 -4.52 434.39 184.16 483.17 218.12 1.52 1.61 4.18 -7.46 2.11 35.75 -4.73 0.19
Car 0.00 0 -4.65 838.34 181.00 866.80 205.76 1.51 1.53 3.76 15.93 2.07 47.40 -4.32 0.18
Pedestrian 0.00 0 -8.00 989.28 149.38 1040.47 262.34 1.78 0.62 0.77 6.58 1.41 11.84 -7.49 0.17
Car 0.00 0 -6.77 865.53 162.36 1083.14 244.15 1.58 1.60 3.65 7.29 1.37 14.76 -6.31 0.13
Pedestrian 0.00 0 -7.68 1161.56 144.20 1241.00 301.43 1.67 0.59 0.72 6.60 1.36 8.10 -7.00 0.13
Car 0.00 0 -7.39 141.02 195.25 233.64 236.28 1.43 1.55 4.23 -17.27 2.42 29.65 -7.92 0.12
Car 0.00 0 -6.74 787.10 174.75 950.13 227.76 1.52 1.67 4.36 7.73 1.58 21.86 -6.40 0.11
Pedestrian 0.00 0 -5.19 846.95 152.22 889.25 228.94 1.92 0.64 0.99 6.60 1.41 18.62 -4.85 0.11
Car 0.00 0 -4.25 334.66 184.66 385.25 208.15 1.48 1.64 4.09 -17.15 2.32 49.59 -4.58 0.11
