Car 0.00 0 -8.05 743.87 189.61 933.76 340.92 1.43 1.54 3.30 2.54 1.68 8.90 -7.77 0.95
Car 0.00 0 -2.54 0.00 178.46 286.27 292.20 1.45 1.64 4.36 -7.17 1.54 10.17 -3.16 0.94
Car 0.00 0 -4.54 424.51 172.23 531.82 254.84 1.65 1.70 4.03 -2.90 1.64 16.41 -4.71 0.91
Car 0.00 0 -8.38 850.60 185.48 1241.00 374.00 1.57 1.48 2.48 2.48 1.67 4.18 -7.84 0.90
Car 0.00 0 -4.85 639.78 176.84 678.78 204.40 1.47 1.65 4.16 2.73 1.71 41.33 -4.79 0.89
Cyclist 0.00 0 -4.60 534.06 171.45 579.04 275.87 1.73 0.62 1.71 -0.98 1.71 12.82 -4.68 0.81
Car 0.00 0 -7.63 502.60 180.17 570.51 228.41 1.46 1.55 3.47 -2.43 1.73 24.23 -7.74 0.58
Car 0.00 0 -4.70 574.26 170.15 594.75 192.49 1.79 1.64 4.01 -2.11 1.57 59.83 -4.73 0.36
Pedestrian 0.00 0 -4.42 718.63 173.12 733.35 207.08 1.74 0.65 0.45 5.97 1.76 37.35 -4.26 0.35
Pedestrian 0.00 0 -7.72 410.54 167.51 439.59 235.37 1.80 0.63 1.03 -5.08 1.66 19.66 -7.97 0.34
Pedestrian 0.00 0 -6.81 439.61 173.20 465.82 228.00 1.72 0.75 0.51 -5.09 1.73 23.11 -7.02 0.29
Car 0.00 0 -5.42 1099.73 165.05 1241.00 374.00 1.55 1.60 3.81 5.53 1.51 5.36 -4.62 0.26
Cyclist 0.00 0 -5.11 948.20 135.00 1060.06 299.53 1.94 0.63 1.79 5.02 1.49 9.43 -4.62 0.17
Pedestrian 0.00 0 -8.57 704.15 172.79 719.37 207.40 1.78 0.65 0.45 5.24 1.77 37.39 -8.43 0.16
Pedestrian 0.00 0 -3.62 677.31 171.85 692.26 197.33 1.82 0.58 0.90 5.34 1.74 51.84 -3.52 0.14
Pedestrian 0.00 0 -6.25 676.38 171.92 682.74 195.06 1.74 0.69 0.46 5.24 1.67 54.62 -6.15 0.13
Cyclist 0.00 0 -8.18 819.81 169.86 867.43 257.23 1.71 0.45 1.59 4.76 1.65 14.94 -7.87 0.13
Pedestrian 0.00 0 -4.47 225.91 166.28 265.83 242.15 1.85 0.70 0.91 -9.17 1.69 18.10 -4.94 0.13
Car 0.00 0 -6.00 393.06 178.07 502.47 221.07 1.56 1.68 3.73 -6.14 1.77 27.38 -6.22 0.11
Pedestrian 0.00 0 -3.19 738.73 176.57 756.77 223.60 1.69 0.62 0.61 4.97 1.82 26.28 -3.01 0.10
Car 0.00 0 -8.09 536.11 173.24 567.74 194.12 1.58 1.58 3.99 -4.63 1.61 56.70 -8.17 0.10
