Car 0.00 0 -7.89 648.61 181.93 688.95 218.54 1.46 1.61 4.32 2.51 1.89 32.02 -7.81 0.94
Car 0.00 0 -5.40 884.99 197.69 1241.00 374.00 1.53 1.65 3.67 2.99 1.73 3.86 -4.74 0.94
Car 0.00 0 -2.66 120.95 181.85 346.48 267.70 1.48 1.54 3.40 -6.93 1.66 13.42 -3.13 0.94
Car 0.00 0 -5.96 192.87 179.82 419.67 252.25 1.49 1.62 4.35 -6.63 1.66 16.00 -6.35 0.83
Car 0.00 0 -6.09 353.75 184.41 495.93 233.31 1.53 1.64 4.34 -6.10 1.93 23.94 -6.34 0.75
Car 0.00 0 -2.98 426.63 182.33 524.87 214.47 1.43 1.59 4.27 -6.19 1.88 33.38 -3.17 0.75
Car 0.00 0 -2.72 270.07 183.56 453.63 246.05 1.49 1.65 4.16 -6.36 1.78 18.57 -3.05 0.73
Car 0.00 0 -2.94 484.27 180.11 547.63 205.00 1.53 1.62 3.75 -5.98 2.00 45.85 -3.07 0.35
Car 0.00 0 -2.93 381.72 177.19 484.85 217.37 1.67 1.63 4.06 -7.59 1.86 31.06 -3.17 0.32
Car 0.00 0 -8.07 876.11 151.38 928.34 182.25 1.43 1.63 3.51 14.21 0.44 35.34 -7.69 0.31
Pedestrian 0.00 0 -5.57 262.30 171.71 272.63 207.02 1.85 0.47 0.24 -18.10 1.79 38.05 -6.01 0.29
Car 0.00 0 -2.71 494.70 179.70 554.52 201.90 1.50 1.65 3.85 -6.04 1.99 50.86 -2.83 0.29
Car 0.00 0 -4.49 434.03 184.83 495.48 226.28 1.43 1.53 3.86 -5.61 1.93 28.04 -4.69 0.24
Pedestrian 0.00 0 -4.50 35.44 175.46 75.06 249.26 1.75 0.61 0.86 -13.64 1.82 17.69 -5.16 0.23
Car 0.00 0 -5.45 945.07 170.75 1085.02 224.80 1.53 1.61 3.89 12.45 1.47 22.55 -4.94 0.21
Car 0.00 0 -4.80 899.07 144.03 932.21 169.82 1.64 1.68 3.96 20.42 -0.21 48.39 -4.41 0.17
Pedestrian 0.00 0 -8.03 941.62 156.67 963.65 203.54 1.89 0.74 0.49 13.90 1.24 29.36 -7.59 0.15
Car 0.00 0 -5.40 1107.07 193.56 1241.00 374.00 1.50 1.71 4.48 6.63 1.75 6.50 -4.61 0.15
Car 0.00 0 -4.57 546.97 178.18 570.30 195.21 1.57 1.67 4.24 -4.97 2.10 70.01 -4.64 0.12
Pedestrian 0.00 0 -8.09 320.21 168.94 334.29 202.43 1.95 0.63 0.67 -16.71 1.73 42.54 -8.47 0.11
Pedestrian 0.00 0 -3.85 131.39 155.94 192.42 247.65 1.93 0.63 0.95 -9.79 1.57 15.71 -4.41 0.11
Cyclist 0.00 0 -7.72 323.68 177.17 340.28 211.66 1.63 0.53 1.77 -13.63 1.85 35.29 -8.09 0.10
