Car 0.00 0 -4.48 450.83 183.37 534.12 234.27 1.41 1.67 4.19 -3.67 1.77 22.99 -4.63 0.96
Car 0.00 0 -7.89 612.98 173.77 654.77 214.86 1.62 1.61 3.31 0.91 1.66 30.18 -7.86 0.86
Car 0.00 0 -4.62 498.27 176.90 546.54 218.14 1.56 1.62 3.88 -3.58 1.74 29.65 -4.74 0.65
Car 0.00 0 -4.77 531.93 176.37 562.21 202.39 1.41 1.52 3.50 -3.69 1.63 41.54 -4.86 0.42
Pedestrian 0.00 0 -8.15 747.56 171.00 769.61 218.49 1.68 0.66 0.50 5.27 1.62 25.83 -7.95 0.26
Pedestrian 0.00 0 -4.35 182.20 180.21 245.33 287.00 1.69 0.67 0.84 -6.61 1.82 11.98 -4.86 0.24
Car 0.00 0 -6.20 574.14 176.76 619.25 194.13 1.60 1.55 4.12 -1.25 1.97 67.82 -6.22 0.12
Pedestrian 0.00 0 -7.81 452.97 180.64 467.75 217.64 1.53 0.58 0.59 -6.31 1.86 30.23 -8.02 0.12
Car 0.00 0 -6.09 567.04 173.76 619.88 192.19 1.50 1.54 4.18 -1.38 1.58 60.01 -6.12 0.11
Car 0.00 0 -6.80 925.00 173.51 1241.00 370.02 1.53 1.60 3.76 5.06 1.54 6.66 -6.15 0.11
Car 0.00 0 -4.42 443.18 180.15 497.66 210.81 1.40 1.54 4.16 -6.95 1.79 36.10 -4.61 0.11
Cyclist 0.00 0 -4.61 476.58 175.97 488.09 204.08 1.60 0.50 1.59 -7.46 1.78 41.98 -4.79 0.10
