Car 0.00 0 -4.47 435.33 185.76 525.47 242.55 1.43 1.64 4.14 -3.73 1.84 21.21 -4.64 0.98
Car 0.00 0 -7.86 611.14 178.11 651.74 217.29 1.52 1.60 3.43 0.84 1.75 30.13 -7.83 0.91
Car 0.00 0 -4.69 493.41 181.40 538.00 224.55 1.50 1.60 4.05 -3.66 1.86 28.07 -4.82 0.72
Car 0.00 0 -4.61 525.36 178.45 561.12 207.14 1.48 1.55 4.00 -3.68 1.80 39.94 -4.70 0.65
Car 0.00 0 -4.62 543.92 172.89 569.83 194.00 1.55 1.59 4.16 -4.06 1.56 55.22 -4.69 0.40
Car 0.00 0 -7.07 1009.85 165.73 1241.00 374.00 1.55 1.67 3.94 5.07 1.51 4.86 -6.26 0.30
Pedestrian 0.00 0 -7.92 373.51 179.49 394.49 236.59 1.75 0.58 0.89 -7.19 1.97 22.80 -8.22 0.26
Pedestrian 0.00 0 -8.11 440.58 183.11 460.34 224.01 1.57 0.59 0.74 -6.32 1.98 28.39 -8.33 0.26
Cyclist 0.00 0 -8.01 667.33 173.41 677.13 200.41 1.62 0.35 1.58 3.77 1.66 44.12 -7.93 0.19
Pedestrian 0.00 0 -5.31 243.50 171.63 302.86 275.05 1.92 0.59 0.97 -6.52 1.89 13.86 -5.75 0.17
Pedestrian 0.00 0 -8.00 736.02 167.48 768.21 246.85 1.87 0.63 0.95 3.39 1.75 17.50 -7.81 0.16
Pedestrian 0.00 0 -4.56 1035.81 146.84 1119.23 314.62 1.82 0.69 0.92 5.41 1.54 8.42 -3.99 0.15
Pedestrian 0.00 0 -4.75 126.20 184.30 180.53 309.73 1.69 0.62 0.82 -6.58 1.86 10.31 -5.32 0.13
Pedestrian 0.00 0 -3.50 723.57 165.11 739.28 210.19 1.93 0.58 0.50 5.21 1.60 31.24 -3.34 0.13
Pedestrian 0.00 0 -8.49 757.38 162.81 806.11 265.26 1.86 0.64 0.62 3.16 1.68 13.50 -8.26 0.13
Cyclist 0.00 0 -4.61 460.92 177.08 477.14 216.63 1.69 0.55 1.53 -6.25 1.88 31.81 -4.80 0.12
Pedestrian 0.00 0 -7.67 175.56 181.58 205.50 250.62 1.82 0.61 0.52 -11.35 2.06 19.45 -8.20 0.12
Cyclist 0.00 0 -7.56 673.30 174.13 687.57 203.67 1.66 0.40 1.53 4.02 1.74 41.47 -7.47 0.12
Pedestrian 0.00 0 -4.96 163.99 175.53 220.02 287.87 1.82 0.63 0.86 -7.15 1.87 12.24 -5.49 0.11
