Car 0.00 0 -7.00 403.93 174.86 519.07 219.28 1.48 1.62 4.02 -5.00 1.26 26.00 -7.19 0.92
Car 0.00 0 -7.89 545.15 172.94 573.59 198.76 1.51 1.61 3.47 -2.59 1.01 43.69 -7.94 0.77
Car 0.00 0 -5.79 0.00 187.31 4.48 252.27 1.46 1.62 4.22 -17.72 1.61 17.75 -6.58 0.70
Car 0.00 0 -4.34 327.93 179.06 388.11 208.17 1.46 1.64 4.09 -12.84 1.34 38.12 -4.66 0.64
Car 0.00 0 -7.60 579.10 171.53 606.20 188.40 1.49 1.60 3.72 -0.73 0.61 65.39 -7.62 0.45
Car 0.00 0 -7.71 601.70 168.30 627.88 188.07 1.59 1.64 3.99 1.18 0.53 59.96 -7.69 0.39
Car 0.00 0 -2.89 251.98 177.45 361.62 212.92 1.56 1.69 4.33 -13.33 1.38 32.68 -3.27 0.39
Car 0.00 0 -8.37 963.22 123.74 1050.26 164.28 1.52 1.63 3.57 16.96 -0.77 30.28 -7.86 0.16
Pedestrian 0.00 0 -8.50 669.02 169.67 689.31 211.25 1.72 0.67 0.52 3.24 1.23 30.05 -8.40 0.14
Car 0.00 0 -8.14 1056.00 127.82 1125.10 162.89 1.47 1.65 4.01 23.37 -0.95 34.49 -7.55 0.13
Car 0.00 0 -7.77 403.26 172.02 426.94 192.08 1.67 1.65 3.95 -15.98 0.88 61.83 -8.02 0.12
Car 0.00 0 -2.67 0.00 179.84 127.01 220.24 1.52 1.65 4.09 -21.29 1.46 28.21 -3.32 0.12
Pedestrian 0.00 0 -5.00 1031.25 145.33 1094.58 267.56 1.70 0.62 0.59 6.58 1.20 10.34 -4.43 0.11
Pedestrian 0.00 0 -6.42 627.32 169.10 636.15 194.37 1.84 0.72 0.55 2.24 0.94 52.76 -6.38 0.11
Cyclist 0.00 0 -8.30 956.87 139.64 975.69 167.02 1.70 0.40 1.65 23.45 -0.95 46.18 -7.83 0.10
Car 0.00 0 -8.15 612.41 166.34 641.40 183.85 1.60 1.58 4.16 2.40 0.21 67.69 -8.11 0.10
