Car 0.00 0 -7.93 613.14 169.11 647.66 200.62 1.69 1.64 3.66 1.07 1.49 40.58 -7.91 0.94
Car 0.00 0 -6.68 811.23 171.39 984.50 233.86 1.52 1.62 3.77 7.20 1.48 18.40 -6.30 0.93
Pedestrian 0.00 0 -8.62 702.10 164.06 730.04 213.42 1.84 0.65 0.84 3.98 1.51 27.39 -8.48 0.25
Pedestrian 0.00 0 -4.65 480.19 167.50 494.42 203.37 1.86 0.69 0.87 -6.49 1.59 37.97 -4.82 0.24
Car 0.00 0 -4.80 673.39 169.38 712.64 200.44 1.58 1.71 4.44 4.39 1.41 38.98 -4.69 0.19
Pedestrian 0.00 0 -6.54 524.46 170.74 534.07 191.29 1.76 0.53 0.71 -6.96 1.58 62.02 -6.65 0.16
Cyclist 0.00 0 -3.31 406.17 171.48 463.84 225.44 1.76 0.71 1.78 -5.91 1.71 24.17 -3.55 0.15
Pedestrian 0.00 0 -4.58 1162.14 171.69 1196.58 239.11 1.62 0.57 0.80 13.98 1.59 17.78 -3.92 0.14
Car 0.00 0 -4.33 317.25 177.82 367.62 205.64 1.59 1.59 3.77 -16.24 1.91 43.87 -4.69 0.13
Car 0.00 0 -8.00 645.57 162.03 674.79 184.98 1.82 1.77 4.46 4.08 0.96 59.67 -7.93 0.13
Cyclist 0.00 0 -7.87 966.20 167.79 986.00 230.18 1.66 0.47 1.68 10.14 1.53 20.10 -7.40 0.12
Pedestrian 0.00 0 -3.32 911.91 158.38 956.36 243.72 1.82 0.49 0.81 7.01 1.51 15.73 -2.90 0.11
Pedestrian 0.00 0 -5.08 744.30 164.61 773.95 226.16 1.79 0.60 0.84 4.37 1.55 21.39 -4.88 0.11
Pedestrian 0.00 0 -5.03 987.95 159.53 1027.70 230.96 1.84 0.67 0.93 10.49 1.50 19.14 -4.53 0.11
