Car 0.00 0 -8.32 743.86 193.34 1122.57 374.00 1.50 1.66 4.09 2.72 1.77 7.33 -7.97 0.97
Car 0.00 0 -8.80 977.00 201.23 1241.00 374.00 1.52 1.57 3.58 3.12 1.70 2.68 -7.94 0.95
Car 0.00 0 -8.06 605.65 182.56 705.64 261.32 1.62 1.62 3.69 0.92 1.88 17.25 -8.01 0.93
Car 0.00 0 -4.50 265.60 199.01 396.49 295.72 1.44 1.57 3.65 -5.18 2.01 13.71 -4.86 0.93
Car 0.00 0 -4.34 0.00 199.78 327.16 374.00 1.57 1.67 4.16 -4.19 1.92 7.12 -4.88 0.93
Car 0.00 0 -8.12 673.71 191.48 832.30 302.51 1.45 1.57 3.80 2.13 1.81 12.03 -7.95 0.90
Car 0.00 0 -7.97 565.02 187.47 616.49 228.15 1.47 1.65 4.23 -0.91 2.12 29.90 -8.00 0.81
Car 0.00 0 -4.60 447.85 187.46 477.93 213.43 1.52 1.51 3.64 -9.44 2.50 46.32 -4.81 0.69
Car 0.00 0 -4.61 385.49 180.54 449.53 242.50 1.90 1.72 4.18 -6.58 2.19 24.86 -4.87 0.59
Cyclist 0.00 0 -7.35 29.80 173.09 56.12 204.10 1.64 0.41 1.57 -30.63 1.65 38.94 -8.01 0.37
Car 0.00 0 -7.59 585.70 185.69 660.08 235.37 1.50 1.64 3.76 0.48 1.98 24.88 -7.57 0.34
Pedestrian 0.00 0 -8.08 865.11 154.06 889.81 207.90 1.89 0.69 0.68 9.47 1.23 25.68 -7.73 0.33
Car 0.00 0 -7.91 565.70 187.04 601.34 220.63 1.48 1.54 3.40 -1.37 2.21 35.08 -7.95 0.33
Cyclist 0.00 0 -7.98 557.54 184.83 567.97 215.15 1.64 0.39 1.58 -2.70 2.33 40.55 -8.04 0.32
Car 0.00 0 -5.28 477.17 185.14 525.71 208.19 1.58 1.67 4.04 -8.15 2.53 53.76 -5.43 0.24
Cyclist 0.00 0 -8.15 544.73 183.15 559.13 212.18 1.75 0.42 1.66 -3.66 2.41 44.96 -8.23 0.22
Cyclist 0.00 0 -6.79 755.97 159.65 794.37 196.94 1.81 0.74 1.70 8.12 1.17 35.66 -6.56 0.17
Pedestrian 0.00 0 -4.53 1236.46 138.35 1241.00 250.66 1.88 0.64 0.70 11.37 1.31 12.57 -3.80 0.15
Car 0.00 0 -7.06 635.30 165.00 691.62 189.35 1.77 1.69 4.26 4.03 1.20 54.33 -6.98 0.14
Pedestrian 0.00 0 -8.13 818.46 154.88 836.46 198.14 1.82 0.63 0.44 9.18 1.07 30.62 -7.84 0.13
Car 0.00 0 -4.54 399.63 189.57 455.27 229.60 1.48 1.63 3.92 -7.64 2.23 30.35 -4.79 0.12
Pedestrian 0.00 0 -4.42 248.43 174.49 282.67 247.94 2.04 0.69 0.78 -9.84 2.09 20.52 -4.87 0.12
Pedestrian 0.00 0 -4.61 789.04 150.50 804.37 189.97 1.90 0.67 0.53 9.06 0.83 35.15 -4.36 0.12
Pedestrian 0.00 0 -3.73 922.26 163.21 942.78 223.17 1.76 0.52 0.32 9.55 1.48 21.48 -3.31 0.11
Pedestrian 0.00 0 -4.27 874.38 156.16 918.49 241.22 2.03 0.68 0.93 7.00 1.63 17.74 -3.90 0.10
