Car 0.00 0 -7.96 669.26 174.95 723.57 217.20 1.45 1.61 3.87 3.11 1.54 26.97 -7.84 0.96
Car 0.00 0 -2.30 0.00 197.35 190.29 374.00 1.42 1.67 4.49 -6.52 1.68 6.47 -3.08 0.95
Car 0.00 0 -8.12 712.98 179.35 890.54 291.73 1.45 1.64 4.25 2.80 1.57 11.70 -7.88 0.95
Car 0.00 0 -2.52 0.00 194.78 319.38 320.67 1.37 1.52 4.13 -6.03 1.67 8.96 -3.12 0.94
Car 0.00 0 -5.73 169.42 181.69 394.78 265.18 1.50 1.57 3.77 -6.41 1.68 14.17 -6.15 0.93
Car 0.00 0 -5.75 50.55 189.02 354.67 286.92 1.42 1.50 4.04 -6.42 1.70 11.54 -6.26 0.88
Car 0.00 0 -3.03 398.17 176.96 506.62 213.20 1.45 1.62 4.29 -6.57 1.63 30.22 -3.25 0.82
Car 0.00 0 -5.91 352.28 176.28 497.06 225.43 1.51 1.62 4.26 -6.01 1.63 23.43 -6.16 0.74
Car 0.00 0 -7.94 665.56 172.71 709.53 210.11 1.56 1.62 3.65 3.34 1.56 31.97 -7.83 0.72
Car 0.00 0 -2.96 438.77 175.39 521.25 206.22 1.49 1.63 3.80 -6.45 1.62 35.84 -3.14 0.51
Pedestrian 0.00 0 -8.33 717.79 173.09 731.87 200.88 1.62 0.58 0.65 6.72 1.63 42.44 -8.18 0.31
Car 0.00 0 -3.03 458.59 178.03 540.92 205.45 1.40 1.58 4.14 -5.80 1.68 38.04 -3.18 0.28
Car 0.00 0 -2.89 472.56 175.38 541.19 202.99 1.51 1.55 3.55 -5.81 1.66 40.59 -3.03 0.27
Car 0.00 0 -7.76 658.41 174.26 690.11 199.26 1.49 1.62 3.80 4.03 1.58 45.20 -7.67 0.23
Cyclist 0.00 0 -8.35 819.13 172.41 868.17 235.77 1.64 0.50 1.71 6.25 1.63 19.53 -8.04 0.22
Cyclist 0.00 0 -8.28 861.84 162.91 886.66 199.64 1.63 0.43 1.63 12.00 1.19 32.90 -7.93 0.21
Car 0.00 0 -7.64 404.39 175.98 485.35 235.59 1.55 1.56 3.42 -4.67 1.65 20.64 -7.86 0.21
Car 0.00 0 -4.51 775.63 154.94 805.93 174.99 1.60 1.68 3.87 14.95 0.17 59.65 -4.26 0.18
Cyclist 0.00 0 -8.08 748.02 169.37 766.06 208.23 1.62 0.39 1.66 6.26 1.48 30.95 -7.88 0.18
Pedestrian 0.00 0 -7.64 113.38 160.53 144.33 225.82 1.80 0.60 0.66 -13.60 1.46 20.34 -8.23 0.18
Car 0.00 0 -3.03 498.60 172.24 556.13 195.60 1.60 1.65 3.82 -5.76 1.56 50.31 -3.14 0.17
Pedestrian 0.00 0 -8.05 845.15 158.63 865.65 202.09 1.94 0.77 0.59 11.04 1.31 32.58 -7.73 0.17
Cyclist 0.00 0 -7.78 741.72 170.75 752.41 204.54 1.59 0.39 1.65 6.57 1.49 34.74 -7.59 0.16
Pedestrian 0.00 0 -3.61 766.35 160.13 782.14 190.01 1.93 0.60 0.82 10.67 1.11 47.03 -3.38 0.16
Pedestrian 0.00 0 -4.73 861.12 174.47 885.42 232.71 1.58 0.62 0.72 7.24 1.62 19.98 -4.38 0.16
Pedestrian 0.00 0 -3.79 799.12 156.96 824.45 208.10 1.95 0.56 0.76 7.78 1.35 27.96 -3.52 0.16
Pedestrian 0.00 0 -6.83 947.52 162.13 964.04 188.23 1.81 0.67 0.81 24.16 1.07 50.48 -6.38 0.15
Car 0.00 0 -8.32 498.76 176.47 552.93 201.67 1.43 1.60 4.10 -5.19 1.66 43.80 -8.43 0.13
Car 0.00 0 -3.21 691.01 169.40 750.44 191.23 1.55 1.64 4.16 7.97 1.31 52.38 -3.06 0.13
Pedestrian 0.00 0 -4.87 721.36 162.35 736.47 197.40 1.92 0.68 0.95 6.55 1.35 40.01 -4.71 0.13
Car 0.00 0 -4.24 345.45 172.58 401.28 199.12 1.52 1.64 3.78 -14.18 1.51 43.35 -4.55 0.12
Car 0.00 0 -4.59 564.02 175.01 586.06 191.67 1.55 1.66 3.98 -3.37 1.77 69.79 -4.64 0.10
