Cyclist 0.00 0 -4.53 490.94 170.75 533.66 255.67 1.69 0.61 1.68 -1.89 1.47 15.12 -4.66 0.94
Cyclist 0.00 0 -4.50 559.16 167.79 589.49 230.13 1.76 0.55 1.73 -0.81 1.38 21.22 -4.54 0.85
Cyclist 0.00 0 -4.73 529.98 168.94 549.89 222.86 1.73 0.62 1.70 -2.08 1.33 23.88 -4.82 0.78
Pedestrian 0.00 0 -8.22 696.19 163.80 754.13 277.23 1.72 0.63 0.88 1.91 1.46 11.40 -8.05 0.77
Pedestrian 0.00 0 -8.11 644.10 170.30 694.53 279.41 1.64 0.60 0.79 1.01 1.47 11.25 -8.02 0.69
Pedestrian 0.00 0 -3.05 207.24 171.55 255.81 255.09 1.72 0.52 0.87 -7.86 1.52 15.21 -3.53 0.67
Pedestrian 0.00 0 -7.74 346.65 166.21 393.80 287.89 1.75 0.57 0.99 -3.52 1.53 10.86 -8.05 0.66
Pedestrian 0.00 0 -4.90 738.70 165.45 763.42 222.92 1.74 0.59 0.87 4.58 1.25 22.17 -4.69 0.53
Pedestrian 0.00 0 -3.51 602.26 171.79 614.21 193.50 1.87 0.57 0.89 0.62 1.03 62.12 -3.50 0.46
Car 0.00 0 -4.60 536.13 173.76 568.53 200.24 1.65 1.66 4.05 -3.16 1.17 46.93 -4.66 0.43
Pedestrian 0.00 0 -6.85 477.34 171.33 506.87 218.49 1.69 0.62 0.87 -4.01 1.32 26.20 -7.00 0.43
Pedestrian 0.00 0 -8.45 691.02 167.26 717.68 221.20 1.70 0.60 0.62 3.28 1.25 23.09 -8.31 0.41
Car 0.00 0 -7.74 651.87 176.36 685.53 201.09 1.45 1.62 3.93 4.19 1.15 44.28 -7.64 0.39
Pedestrian 0.00 0 -4.57 192.68 168.44 224.63 238.41 1.78 0.64 0.75 -10.28 1.45 18.75 -5.08 0.39
Cyclist 0.00 0 -8.01 675.37 174.22 701.42 235.83 1.59 0.45 1.61 2.29 1.40 19.30 -7.89 0.37
Pedestrian 0.00 0 -6.73 630.91 171.33 647.76 201.32 1.80 0.58 0.85 2.30 1.19 43.52 -6.67 0.32
Cyclist 0.00 0 -2.80 707.24 161.54 763.16 216.01 1.78 0.57 1.76 4.46 1.13 24.11 -2.62 0.31
Pedestrian 0.00 0 -3.78 760.20 155.86 802.30 227.85 1.87 0.53 0.96 4.74 1.20 19.07 -3.54 0.31
Pedestrian 0.00 0 -6.62 748.62 163.28 766.54 204.59 1.87 0.58 0.64 7.11 1.04 32.76 -6.40 0.31
Pedestrian 0.00 0 -8.08 425.08 174.90 439.18 208.58 1.79 0.62 0.61 -9.11 1.44 38.63 -8.31 0.31
Pedestrian 0.00 0 -3.51 748.58 158.90 786.27 225.25 1.81 0.62 0.85 4.57 1.19 19.94 -3.29 0.30
Pedestrian 0.00 0 -8.82 810.69 161.62 854.57 239.43 1.76 0.59 0.77 5.33 1.31 16.69 -8.51 0.30
Cyclist 0.00 0 -4.29 391.03 176.18 416.04 217.37 1.69 0.48 1.40 -8.35 1.48 30.27 -4.55 0.25
Car 0.00 0 -8.23 687.56 162.32 739.52 199.29 1.96 1.59 3.74 6.18 0.94 40.00 -8.07 0.25
Pedestrian 0.00 0 -6.13 407.44 174.92 422.36 208.99 1.79 0.60 0.68 -9.87 1.44 38.01 -6.38 0.25
Pedestrian 0.00 0 -4.39 335.22 167.58 367.68 228.28 1.82 0.66 1.00 -7.67 1.40 22.00 -4.73 0.24
Cyclist 0.00 0 -3.83 720.79 174.93 811.89 257.14 1.55 0.65 1.74 3.23 1.43 14.22 -3.60 0.23
Car 0.00 0 -4.10 385.25 181.29 482.35 223.41 1.43 1.57 3.84 -6.10 1.43 26.49 -4.33 0.21
Pedestrian 0.00 0 -4.08 151.04 168.13 184.70 220.63 1.92 0.71 0.84 -16.12 1.43 26.68 -4.62 0.20
Pedestrian 0.00 0 -3.30 510.58 170.71 523.81 196.93 1.90 0.57 0.88 -6.14 1.12 52.45 -3.42 0.19
Pedestrian 0.00 0 -5.28 778.53 158.58 812.66 223.00 1.84 0.64 0.78 5.63 1.19 20.97 -5.02 0.19
Cyclist 0.00 0 -8.14 399.02 186.43 413.25 214.83 1.62 0.38 1.53 -11.41 1.91 41.95 -8.41 0.18
Cyclist 0.00 0 -7.39 308.59 175.32 364.92 258.36 1.66 0.43 1.66 -5.60 1.54 15.19 -7.75 0.17
Pedestrian 0.00 0 -4.26 265.02 159.92 302.66 225.51 1.97 0.72 0.95 -9.75 1.32 22.02 -4.68 0.17
Pedestrian 0.00 0 -6.38 228.76 172.95 246.86 229.99 1.72 0.57 0.44 -11.19 1.46 22.04 -6.85 0.17
Car 0.00 0 -7.90 562.70 171.86 586.03 196.01 1.91 1.71 4.42 -2.23 1.15 58.98 -7.94 0.17
Car 0.00 0 -7.78 612.85 173.57 634.86 193.38 1.67 1.63 3.63 2.00 1.00 62.30 -7.74 0.16
Pedestrian 0.00 0 -6.21 210.24 172.90 223.69 199.04 1.77 0.62 0.77 -26.22 1.19 49.02 -6.70 0.15
Cyclist 0.00 0 -6.36 0.00 182.98 40.56 285.51 1.57 0.66 1.70 -10.44 1.60 11.87 -7.09 0.14
Pedestrian 0.00 0 -3.96 0.00 164.56 37.55 228.23 1.92 0.68 0.85 -18.02 1.41 22.05 -4.64 0.14
Pedestrian 0.00 0 -7.45 255.81 175.11 294.43 238.51 1.64 0.68 0.77 -8.64 1.48 18.97 -7.87 0.13
Cyclist 0.00 0 -6.75 0.00 161.79 56.20 244.25 1.92 0.67 1.72 -14.56 1.46 17.63 -7.44 0.13
Pedestrian 0.00 0 -1.72 46.76 156.49 95.25 263.20 1.88 0.58 0.93 -9.78 1.44 13.18 -2.36 0.12
Pedestrian 0.00 0 -4.38 313.77 161.44 345.26 226.16 1.94 0.67 0.83 -8.35 1.34 22.00 -4.74 0.11
Car 0.00 0 -2.73 342.26 181.01 462.21 226.99 1.44 1.61 3.43 -6.51 1.43 23.54 -3.00 0.11
Pedestrian 0.00 0 -6.49 78.86 171.84 111.70 242.84 1.68 0.55 0.54 -12.27 1.45 17.36 -7.11 0.11
Car 0.00 0 -4.40 473.42 180.30 541.08 217.45 1.43 1.61 3.98 -3.83 1.38 29.71 -4.52 0.10
Pedestrian 0.00 0 -7.95 0.00 184.36 32.37 250.52 1.49 0.54 0.60 -13.54 1.55 16.56 -8.63 0.10
Pedestrian 0.00 0 -2.24 0.00 179.38 116.55 364.24 1.64 0.64 0.80 -5.25 1.63 6.79 -2.90 0.10
