Car 0.00 0 -8.22 782.42 179.16 968.69 295.02 1.55 1.60 3.52 4.00 1.66 11.61 -7.89 0.98
Car 0.00 0 -8.40 899.10 189.84 1241.00 374.00 1.50 1.64 4.05 3.86 1.69 5.86 -7.82 0.97
Car 0.00 0 -8.07 738.84 180.08 846.76 253.15 1.47 1.61 3.80 4.06 1.66 16.78 -7.83 0.96
Car 0.00 0 -4.45 420.36 184.83 510.46 240.87 1.46 1.65 4.05 -4.29 1.86 21.78 -4.64 0.94
Car 0.00 0 -8.00 714.72 178.26 785.16 231.77 1.49 1.61 3.71 4.19 1.67 22.33 -7.81 0.85
Car 0.00 0 -4.51 473.77 182.37 533.20 225.51 1.48 1.54 3.71 -4.03 1.87 27.50 -4.66 0.78
Car 0.00 0 -4.57 500.58 181.99 548.07 216.73 1.42 1.59 4.08 -3.86 1.87 32.72 -4.69 0.73
Car 0.00 0 -7.99 694.93 178.92 752.77 221.29 1.46 1.61 4.06 4.22 1.71 27.56 -7.84 0.62
Car 0.00 0 -4.65 551.19 176.76 579.08 201.59 1.60 1.64 3.83 -3.04 1.87 48.96 -4.71 0.61
Car 0.00 0 -3.25 913.72 173.97 1005.25 204.25 1.49 1.65 4.07 17.83 1.55 37.08 -2.80 0.53
Car 0.00 0 -5.11 1069.01 165.94 1225.97 235.69 1.48 1.60 3.92 12.70 1.34 17.42 -4.48 0.44
Car 0.00 0 -5.21 956.05 164.05 1044.51 207.85 1.69 1.51 3.97 16.01 1.35 29.89 -4.72 0.44
Car 0.00 0 -8.33 947.40 158.91 1060.32 215.08 1.68 1.62 3.87 12.64 1.26 23.52 -7.84 0.41
Car 0.00 0 -4.80 878.65 173.58 910.02 197.76 1.56 1.64 3.85 19.12 1.61 48.71 -4.43 0.41
Car 0.00 0 -5.80 383.48 172.94 439.11 191.55 1.53 1.61 4.23 -16.66 1.53 60.44 -6.07 0.39
Car 0.00 0 -7.95 687.46 177.32 724.65 207.89 1.52 1.62 3.49 5.01 1.77 38.24 -7.82 0.38
Pedestrian 0.00 0 -4.40 1112.03 156.55 1176.51 259.33 1.71 0.66 0.90 9.23 1.44 12.53 -3.77 0.27
Pedestrian 0.00 0 -3.18 0.00 156.31 19.84 260.78 2.01 0.74 1.04 -12.59 1.69 14.47 -3.90 0.23
Car 0.00 0 -7.93 688.91 178.23 730.47 213.72 1.50 1.59 3.36 4.43 1.76 32.74 -7.80 0.21
Cyclist 0.00 0 -6.56 376.41 176.35 412.80 211.09 1.79 0.73 1.71 -11.41 1.98 38.10 -6.85 0.20
Pedestrian 0.00 0 -4.44 260.31 186.15 289.24 239.43 1.60 0.63 0.75 -10.40 2.02 22.29 -4.88 0.16
Car 0.00 0 -5.93 361.90 183.77 450.16 217.60 1.42 1.58 3.41 -8.99 1.92 31.79 -6.21 0.11
Car 0.00 0 -5.00 682.03 175.19 727.18 203.22 1.59 1.59 4.03 5.60 1.74 43.37 -4.88 0.11
Car 0.00 0 -2.57 93.71 173.24 240.56 219.51 1.61 1.69 4.30 -15.97 1.63 26.08 -3.12 0.10
