Car 0.00 0 -4.35 0.00 193.83 344.06 374.00 1.46 1.62 4.12 -4.00 1.73 7.19 -4.86 0.96
Car 0.00 0 -3.67 626.28 173.65 729.59 207.65 1.49 1.65 4.56 3.13 1.53 33.48 -3.58 0.85
Car 0.00 0 -3.73 466.74 177.75 574.78 215.59 1.44 1.60 4.27 -3.68 1.65 29.91 -3.85 0.78
Pedestrian 0.00 0 -8.14 973.04 154.67 1050.10 301.17 1.73 0.66 0.69 4.91 1.52 8.95 -7.64 0.47
Car 0.00 0 -2.92 307.15 182.16 452.11 229.85 1.46 1.68 4.23 -7.44 1.77 23.47 -3.23 0.47
Pedestrian 0.00 0 -7.81 536.16 174.25 557.21 231.87 1.65 0.59 0.56 -1.89 1.70 21.01 -7.90 0.32
Pedestrian 0.00 0 -3.85 877.18 165.73 899.95 209.31 1.72 0.60 0.60 11.10 1.44 28.87 -3.48 0.21
Car 0.00 0 -4.07 0.00 196.34 202.91 309.81 1.43 1.57 4.21 -8.86 1.89 12.09 -4.70 0.20
Pedestrian 0.00 0 -2.37 489.33 156.58 547.77 255.55 1.91 0.52 1.12 -1.89 1.60 14.48 -2.50 0.15
Car 0.00 0 -7.05 942.92 166.26 1241.39 278.34 1.56 1.65 3.78 7.34 1.47 11.21 -6.47 0.12
Car 0.00 0 -4.48 648.82 175.65 687.55 200.45 1.50 1.64 3.82 3.74 1.69 46.20 -4.40 0.11
Car 0.00 0 -5.74 249.86 180.23 326.28 204.58 1.48 1.64 4.16 -20.33 1.96 45.56 -6.16 0.11
Car 0.00 0 -5.89 450.73 179.44 535.08 207.01 1.49 1.67 4.41 -6.64 1.87 40.83 -6.05 0.10
