Car 0.00 0 -4.49 459.58 181.01 566.34 251.80 1.44 1.67 3.92 -2.22 1.66 17.16 -4.62 0.94
Car 0.00 0 -4.59 578.14 173.71 620.49 206.58 1.44 1.54 3.69 -0.49 1.49 33.73 -4.60 0.75
Pedestrian 0.00 0 -5.29 831.80 161.67 856.09 203.37 1.85 0.69 0.85 10.48 1.35 32.46 -4.97 0.59
Pedestrian 0.00 0 -4.70 262.05 168.41 285.85 232.89 1.90 0.64 0.51 -10.10 1.77 21.60 -5.14 0.37
Pedestrian 0.00 0 -7.19 286.19 174.07 317.04 229.75 1.77 0.61 0.71 -10.06 1.82 23.44 -7.60 0.26
Car 0.00 0 -4.09 0.00 200.01 21.73 364.86 1.37 1.53 3.62 -9.01 1.77 8.55 -4.90 0.26
Car 0.00 0 -5.01 864.30 166.13 903.12 189.35 1.68 1.66 3.89 20.49 1.19 54.22 -4.65 0.19
Car 0.00 0 -6.11 282.86 179.24 422.31 232.14 1.56 1.66 3.89 -8.01 1.77 22.63 -6.45 0.16
Pedestrian 0.00 0 -3.19 656.24 162.43 673.86 199.99 1.79 0.55 0.82 2.61 1.30 34.74 -3.11 0.14
Pedestrian 0.00 0 -8.96 990.16 160.97 1002.00 201.73 1.77 0.50 0.26 16.83 1.25 31.53 -8.47 0.14
Pedestrian 0.00 0 -5.48 87.50 168.51 155.61 273.57 1.82 0.62 0.81 -8.76 1.74 12.87 -6.08 0.13
Car 0.00 0 -2.93 214.22 177.88 338.09 220.06 1.54 1.58 4.09 -12.80 1.74 27.80 -3.36 0.13
Car 0.00 0 -7.35 557.01 171.40 595.56 189.57 1.46 1.60 3.75 -2.80 1.35 60.19 -7.40 0.13
Car 0.00 0 -6.60 564.46 173.21 641.27 199.71 1.53 1.67 4.28 -0.46 1.55 43.04 -6.61 0.13
Pedestrian 0.00 0 -4.73 1148.16 156.63 1181.73 238.23 1.72 0.57 0.76 12.01 1.38 15.69 -4.07 0.11
