Car 0.00 0 -4.27 102.50 193.37 320.19 298.14 1.44 1.69 4.25 -6.85 1.86 12.88 -4.75 0.97
Car 0.00 0 -3.87 436.33 180.46 588.44 236.20 1.48 1.72 4.65 -2.91 1.74 22.08 -4.00 0.75
Pedestrian 0.00 0 -4.70 456.37 179.07 488.73 268.64 1.63 0.58 0.84 -2.65 1.75 13.67 -4.89 0.66
Pedestrian 0.00 0 -5.62 1156.36 150.76 1191.23 208.33 1.93 0.62 0.70 19.15 1.19 24.57 -4.96 0.33
Pedestrian 0.00 0 -6.41 431.51 177.03 441.59 206.55 1.80 0.71 0.52 -10.73 2.06 44.50 -6.65 0.20
Car 0.00 0 -8.70 727.86 177.38 801.83 205.17 1.45 1.62 3.95 8.55 1.71 40.26 -8.49 0.18
Pedestrian 0.00 0 -5.00 336.79 147.13 441.22 358.48 1.96 0.74 1.06 -2.31 1.72 7.32 -5.31 0.17
Car 0.00 0 -4.12 0.00 202.16 142.86 326.69 1.40 1.55 3.92 -9.10 1.93 11.06 -4.81 0.17
Car 0.00 0 -7.96 918.74 169.13 986.84 220.88 1.55 1.59 3.86 11.09 1.44 23.64 -7.52 0.16
Pedestrian 0.00 0 -2.93 835.67 167.49 850.48 203.19 1.89 0.63 0.64 12.45 1.61 38.64 -2.62 0.14
Pedestrian 0.00 0 -6.93 1054.82 155.59 1075.13 190.65 1.87 0.59 0.71 24.48 0.95 38.88 -6.37 0.14
Pedestrian 0.00 0 -3.96 258.85 195.71 353.87 364.66 1.53 0.48 0.75 -3.03 1.77 7.10 -4.36 0.13
Pedestrian 0.00 0 -3.36 408.35 167.43 420.82 205.43 1.98 0.60 0.52 -10.35 1.70 38.06 -3.62 0.12
Car 0.00 0 -4.91 1234.34 150.72 1241.00 181.93 1.82 1.72 4.35 40.03 0.53 44.41 -4.18 0.12
Pedestrian 0.00 0 -8.52 787.16 168.23 803.58 197.99 1.86 0.68 0.76 11.67 1.57 45.57 -8.27 0.11
