Car 0.00 0 -3.92 0.00 241.34 217.30 374.00 1.46 1.51 3.80 -3.35 1.92 2.93 -4.77 0.30
Cyclist 0.00 0 -3.20 170.93 178.40 194.77 203.30 1.80 0.58 1.48 -31.47 2.21 53.11 -3.73 0.24
Pedestrian 0.00 0 -4.82 318.57 202.79 426.98 374.00 1.64 0.55 0.50 -1.46 1.83 4.24 -5.15 0.21
Pedestrian 0.00 0 -3.70 870.52 154.70 921.41 242.62 1.69 0.54 0.76 5.57 1.34 14.19 -3.33 0.19
Pedestrian 0.00 0 -3.26 553.45 167.52 562.68 208.02 1.77 0.50 0.35 -2.33 1.54 31.79 -3.33 0.17
Pedestrian 0.00 0 -8.03 913.57 156.64 950.97 242.50 1.64 0.55 0.71 6.29 1.33 14.22 -7.61 0.16
Pedestrian 0.00 0 -6.78 1233.55 136.41 1241.00 259.71 1.70 0.53 0.74 9.43 1.20 10.28 -6.04 0.16
Cyclist 0.00 0 -7.89 376.47 173.80 403.75 259.29 1.79 0.50 1.79 -4.97 1.82 16.09 -8.19 0.16
Pedestrian 0.00 0 -4.14 1138.89 146.08 1188.79 224.57 1.71 0.58 0.73 12.33 1.13 16.14 -3.48 0.16
Cyclist 0.00 0 -3.51 130.45 177.05 160.69 204.54 1.68 0.50 1.51 -29.09 1.95 45.15 -4.08 0.16
Pedestrian 0.00 0 -5.60 703.87 164.42 742.18 234.28 1.67 0.58 0.73 2.73 1.47 17.73 -5.45 0.14
Pedestrian 0.00 0 -3.66 822.34 151.57 871.74 242.21 1.79 0.54 0.78 4.72 1.37 14.55 -3.35 0.12
Pedestrian 0.00 0 -7.36 903.38 151.10 952.83 245.50 1.71 0.55 0.76 5.92 1.32 13.55 -6.94 0.11
Pedestrian 0.00 0 -4.17 1100.85 155.14 1158.86 245.88 1.61 0.51 0.82 9.48 1.30 13.23 -3.55 0.11
Pedestrian 0.00 0 -3.79 728.31 159.47 767.82 237.01 1.72 0.57 0.67 3.09 1.42 16.40 -3.61 0.11
Pedestrian 0.00 0 -3.24 1179.01 138.02 1241.00 251.54 1.67 0.54 0.70 9.10 1.16 11.01 -2.55 0.11
