Car 0.00 0 -8.22 600.66 176.65 715.75 250.62 1.55 1.58 3.51 0.99 1.66 17.27 -8.16 0.95
Car 0.00 0 -3.51 906.61 179.68 1241.00 308.09 1.52 1.64 3.65 6.09 1.62 9.81 -2.95 0.95
Car 0.00 0 -8.09 522.43 178.77 576.89 214.64 1.45 1.58 3.57 -2.75 1.72 31.71 -8.18 0.94
Cyclist 0.00 0 -4.86 391.47 176.32 422.13 238.59 1.69 0.56 1.85 -5.88 1.79 20.64 -5.14 0.77
Car 0.00 0 -7.11 571.31 175.20 631.28 201.66 1.52 1.52 3.71 -0.52 1.67 43.62 -7.13 0.55
Car 0.00 0 -6.93 472.80 177.67 532.86 202.05 1.48 1.48 3.66 -6.89 1.80 46.37 -7.08 0.47
Car 0.00 0 -7.81 779.86 171.15 808.06 194.15 1.44 1.62 3.95 12.08 1.34 47.38 -7.56 0.46
Car 0.00 0 -7.81 775.85 170.84 797.85 189.14 1.51 1.64 3.81 15.06 1.34 61.45 -7.57 0.44
Car 0.00 0 -7.14 668.67 171.43 717.27 193.24 1.47 1.53 3.39 5.79 1.38 50.46 -7.03 0.41
Car 0.00 0 -7.16 620.72 173.71 672.11 196.49 1.41 1.44 3.45 2.35 1.47 46.67 -7.11 0.37
Car 0.00 0 -2.41 0.00 178.72 56.40 209.61 1.50 1.59 3.82 -30.41 1.81 36.33 -3.10 0.22
Cyclist 0.00 0 -4.74 687.72 170.23 703.73 215.40 1.73 0.58 1.50 3.33 1.63 28.45 -4.62 0.21
Car 0.00 0 -2.75 230.59 175.66 320.29 204.31 1.68 1.72 4.59 -20.11 1.85 43.42 -3.19 0.19
Pedestrian 0.00 0 -5.80 317.32 180.09 334.25 208.44 1.58 0.57 0.71 -16.12 2.00 40.83 -6.17 0.16
Pedestrian 0.00 0 -5.45 1191.86 153.72 1241.00 275.72 1.86 0.61 0.84 9.79 1.57 11.40 -4.74 0.14
Car 0.00 0 -7.54 318.76 179.03 377.03 213.95 1.57 1.60 3.58 -12.62 1.88 34.83 -7.88 0.14
Car 0.00 0 -7.41 549.25 172.56 593.41 194.86 1.53 1.59 4.03 -2.75 1.51 51.70 -7.46 0.13
