Car 0.00 0 -7.88 592.96 170.85 624.68 200.65 1.59 1.67 4.26 -0.15 1.48 40.62 -7.88 0.83
Car 0.00 0 -5.59 1009.46 182.27 1137.36 230.13 1.46 1.64 3.42 15.66 1.81 24.63 -5.02 0.47
Car 0.00 0 -8.65 1110.10 166.37 1205.37 200.32 1.52 1.52 3.55 25.84 1.23 34.23 -8.00 0.24
Car 0.00 0 -5.49 1009.09 162.73 1096.21 193.29 1.61 1.70 4.14 24.47 1.07 40.12 -4.95 0.21
Pedestrian 0.00 0 -7.69 750.35 167.88 773.24 220.29 1.63 0.62 0.62 4.77 1.48 22.90 -7.48 0.19
Pedestrian 0.00 0 -7.37 1150.29 123.75 1241.00 288.35 1.73 0.64 0.86 6.58 1.21 8.04 -6.68 0.18
Cyclist 0.00 0 -7.04 1224.25 158.71 1241.00 204.29 1.82 0.77 1.94 26.09 1.25 29.18 -6.31 0.18
Car 0.00 0 -6.90 84.68 181.53 173.88 211.38 1.44 1.57 3.67 -25.20 1.92 37.90 -7.49 0.16
Car 0.00 0 -4.70 914.47 147.79 941.25 170.44 1.53 1.68 4.10 22.58 -0.18 51.30 -4.29 0.11
Car 0.00 0 -8.39 627.10 170.25 680.82 196.28 1.60 1.62 4.02 2.75 1.44 46.55 -8.33 0.10
