Cyclist 0.00 0 -8.19 835.03 159.46 887.18 243.94 1.84 0.54 1.90 5.72 1.55 16.66 -7.86 0.92
Pedestrian 0.00 0 -8.27 866.39 163.57 899.04 229.02 1.80 0.56 0.85 7.62 1.55 20.29 -7.91 0.80
Pedestrian 0.00 0 -8.43 750.65 169.27 772.43 212.23 1.93 0.63 0.81 6.88 1.77 32.95 -8.22 0.54
Car 0.00 0 -5.03 895.90 184.06 933.90 204.09 1.48 1.60 4.06 24.33 2.41 57.77 -4.63 0.46
Car 0.00 0 -5.06 982.18 179.07 1018.02 196.50 1.57 1.67 4.23 37.10 2.18 68.75 -4.56 0.32
Car 0.00 0 -4.98 777.04 173.86 814.72 196.74 1.55 1.58 3.99 13.09 1.63 51.12 -4.73 0.24
Pedestrian 0.00 0 -6.37 664.86 173.90 675.45 195.62 1.76 0.56 0.81 4.86 1.84 58.65 -6.28 0.24
Car 0.00 0 -3.90 1141.01 184.93 1219.83 207.85 1.54 1.68 4.38 39.95 2.41 50.62 -3.23 0.23
Pedestrian 0.00 0 -8.15 897.25 166.09 928.38 229.86 1.74 0.57 0.89 8.42 1.56 20.20 -7.75 0.23
Car 0.00 0 -5.09 729.47 174.25 772.14 197.92 1.59 1.64 3.88 9.82 1.69 50.72 -4.89 0.18
Pedestrian 0.00 0 -7.90 1020.63 167.37 1051.26 237.10 1.63 0.60 0.73 10.16 1.50 17.31 -7.37 0.18
Pedestrian 0.00 0 -7.36 830.43 178.91 848.29 215.61 1.51 0.52 0.54 9.56 1.77 30.20 -7.05 0.15
Car 0.00 0 -4.80 805.89 180.20 832.44 202.64 1.65 1.66 3.68 16.30 2.25 56.44 -4.52 0.14
Car 0.00 0 -3.56 889.06 195.51 959.64 218.70 1.54 1.55 4.25 21.87 3.15 50.35 -3.15 0.12
Car 0.00 0 -7.78 326.06 184.03 357.45 207.81 1.44 1.65 4.16 -17.84 2.22 48.02 -8.13 0.10
