Car 0.00 0 -6.30 624.80 179.41 894.66 270.49 1.50 1.66 4.56 2.60 1.63 13.26 -6.11 0.92
Car 0.00 0 -7.85 517.52 183.30 570.13 233.41 1.39 1.51 3.55 -2.11 1.74 22.54 -7.94 0.27
Pedestrian 0.00 0 -4.58 356.62 149.44 422.75 314.51 1.93 0.66 1.00 -2.77 1.66 8.98 -4.88 0.21
Car 0.00 0 -4.04 0.00 213.10 327.64 374.00 1.49 1.54 3.70 -2.77 1.78 3.24 -4.74 0.20
Car 0.00 0 -2.55 242.22 179.25 300.37 197.98 1.59 1.69 4.44 -29.75 2.17 63.38 -2.99 0.18
Pedestrian 0.00 0 -8.85 952.30 167.61 972.18 201.84 1.93 0.71 0.76 20.07 1.63 41.17 -8.40 0.15
Cyclist 0.00 0 -6.46 334.21 178.64 355.55 199.26 1.77 0.73 1.65 -23.20 2.28 63.08 -6.81 0.15
Car 0.00 0 -8.26 768.46 170.43 808.99 193.19 1.84 1.78 4.14 14.89 1.64 60.42 -8.02 0.14
Car 0.00 0 -4.54 734.46 179.55 818.93 241.35 1.49 1.63 4.03 4.66 1.69 20.00 -4.32 0.11
Pedestrian 0.00 0 -3.19 283.68 140.33 397.81 353.34 1.91 0.45 0.99 -2.61 1.61 6.85 -3.55 0.11
Pedestrian 0.00 0 -7.13 965.14 166.71 982.78 204.11 1.90 0.52 0.63 18.67 1.59 37.09 -6.67 0.10
