Pedestrian 0.00 0 -7.76 558.45 155.60 619.09 315.64 1.77 0.63 0.96 -0.22 1.49 8.30 -7.78 0.87
Pedestrian 0.00 0 -5.13 836.91 169.82 870.92 234.97 1.60 0.57 0.71 6.21 1.34 17.77 -4.79 0.24
Pedestrian 0.00 0 -4.52 857.41 154.73 907.39 267.66 1.82 0.64 0.82 4.64 1.41 11.92 -4.15 0.21
Car 0.00 0 -8.92 1079.97 190.33 1223.00 369.00 1.48 1.57 3.41 5.03 1.57 4.39 -8.06 0.20
Pedestrian 0.00 0 -5.21 995.14 227.35 1092.72 369.00 1.17 0.36 0.65 3.26 1.55 5.38 -4.66 0.16
Pedestrian 0.00 0 -4.84 1095.62 156.80 1149.60 267.66 1.75 0.61 0.80 8.46 1.38 11.63 -4.22 0.14
Pedestrian 0.00 0 -4.13 660.90 138.60 678.71 171.16 1.80 0.64 0.85 3.64 -0.53 39.82 -4.04 0.13
Pedestrian 0.00 0 -4.44 750.38 167.91 788.73 254.47 1.68 0.55 0.84 3.28 1.44 14.23 -4.21 0.13
Pedestrian 0.00 0 -4.94 62.61 175.68 94.29 231.83 1.59 0.58 0.76 -15.28 1.45 20.47 -5.58 0.12
Pedestrian 0.00 0 -8.04 258.58 161.07 303.55 255.51 1.76 0.64 0.90 -6.33 1.40 13.71 -8.47 0.12
Cyclist 0.00 0 -6.96 704.25 162.57 747.47 211.66 1.81 0.68 1.51 4.54 1.15 26.68 -6.79 0.11
Pedestrian 0.00 0 -4.37 1179.60 174.87 1223.00 266.67 1.50 0.57 0.61 10.14 1.41 11.93 -3.67 0.11
Car 0.00 0 -7.14 0.00 180.53 12.59 247.08 1.47 1.53 3.62 -16.90 1.47 17.48 -7.91 0.11
