Car 0.00 0 -7.78 789.09 170.47 893.62 261.98 1.45 1.58 3.46 4.33 1.42 13.37 -7.47 0.96
Car 0.00 0 -4.21 0.00 179.66 393.77 374.00 1.60 1.61 3.76 -3.44 1.68 6.58 -4.69 0.94
Car 0.00 0 -4.40 361.39 178.05 481.28 246.95 1.46 1.63 4.16 -4.52 1.61 17.76 -4.65 0.93
Car 0.00 0 -7.66 495.56 168.90 600.38 247.44 1.63 1.67 4.28 -1.38 1.55 17.22 -7.74 0.92
Car 0.00 0 -7.40 831.30 164.23 971.18 233.61 1.56 1.58 4.24 7.37 1.36 18.18 -7.02 0.60
Pedestrian 0.00 0 -3.19 1022.71 158.69 1058.80 241.72 1.60 0.65 0.58 8.47 1.32 14.29 -2.65 0.23
Pedestrian 0.00 0 -5.13 43.29 155.90 132.63 310.42 1.89 0.62 0.89 -6.80 1.68 9.32 -5.76 0.18
Pedestrian 0.00 0 -4.75 357.66 168.31 379.71 223.00 1.75 0.65 0.76 -7.94 1.61 23.58 -5.07 0.18
Pedestrian 0.00 0 -3.16 1020.57 153.20 1071.70 247.68 1.67 0.61 0.79 7.94 1.33 13.24 -2.62 0.13
Pedestrian 0.00 0 -7.88 881.39 148.31 897.06 184.97 1.88 0.74 0.61 14.41 0.62 37.35 -7.51 0.12
