Cyclist 0.00 0 -8.20 869.68 161.23 920.19 241.10 1.86 0.55 1.85 6.93 1.59 17.76 -7.83 0.93
Car 0.00 0 -3.95 0.00 234.15 250.32 374.00 1.40 1.48 3.58 -3.28 1.83 3.26 -4.74 0.27
Car 0.00 0 -3.23 490.04 177.67 585.67 212.75 1.59 1.72 4.38 -3.50 1.83 34.33 -3.34 0.20
Car 0.00 0 -2.92 0.00 178.12 4.66 204.65 1.55 1.66 4.07 -40.23 1.89 44.56 -3.65 0.18
Car 0.00 0 -8.05 457.11 183.72 523.08 230.19 1.42 1.54 3.76 -4.27 1.83 25.00 -8.22 0.17
Pedestrian 0.00 0 -3.17 910.06 172.37 920.85 194.55 1.78 0.49 0.79 24.59 1.74 58.15 -2.77 0.16
Cyclist 0.00 0 -3.90 929.11 168.29 983.46 225.22 1.71 0.60 1.52 10.63 1.58 22.25 -3.46 0.14
Cyclist 0.00 0 -3.36 172.79 178.31 198.56 201.53 1.82 0.67 1.67 -33.91 2.26 57.64 -3.89 0.13
Pedestrian 0.00 0 -6.64 940.30 180.38 960.76 215.95 1.41 0.49 0.61 13.60 1.71 28.90 -6.20 0.13
Car 0.00 0 -6.71 175.21 179.66 239.62 200.83 1.48 1.65 3.85 -29.96 2.00 53.74 -7.22 0.13
Car 0.00 0 -6.42 497.91 179.40 584.63 209.46 1.53 1.64 4.43 -3.73 1.89 38.59 -6.52 0.11
