Car 0.00 0 -7.35 114.95 183.93 282.25 270.83 1.51 1.50 3.15 -7.86 1.49 14.04 -7.86 0.98
Car 0.00 0 -7.84 573.33 177.27 617.12 216.64 1.55 1.72 3.45 -0.54 1.24 29.96 -7.86 0.96
Car 0.00 0 -7.01 0.00 185.33 57.98 375.00 1.60 1.69 3.98 -7.88 1.60 7.12 -7.85 0.95
Car 0.00 0 -4.52 414.25 188.95 503.26 248.12 1.38 1.60 3.75 -3.85 1.49 18.91 -4.72 0.68
Car 0.00 0 -7.96 638.56 177.40 684.51 214.10 1.51 1.59 3.99 2.27 1.19 31.63 -7.89 0.54
Car 0.00 0 -7.39 151.67 184.52 263.46 237.33 1.49 1.56 3.56 -12.22 1.47 22.13 -7.89 0.50
Car 0.00 0 -4.37 257.57 188.97 326.46 224.19 1.48 1.61 3.98 -14.29 1.66 32.67 -4.78 0.32
Pedestrian 0.00 0 -6.84 897.17 173.22 959.57 292.65 1.70 0.62 0.60 4.66 1.53 10.58 -6.42 0.24
Pedestrian 0.00 0 -4.52 696.46 170.50 715.95 215.20 1.82 0.65 0.86 4.05 1.22 29.79 -4.38 0.19
Car 0.00 0 -5.99 394.43 183.63 499.11 221.56 1.48 1.59 3.83 -6.50 1.42 29.05 -6.21 0.14
Pedestrian 0.00 0 -7.45 1065.42 172.80 1194.79 375.00 1.68 0.65 0.85 4.59 1.58 6.40 -6.83 0.14
Pedestrian 0.00 0 -3.63 261.78 171.33 299.81 243.83 1.89 0.64 0.71 -8.78 1.53 19.21 -4.06 0.13
Car 0.00 0 -7.82 501.04 182.72 542.84 217.21 1.42 1.68 4.24 -3.76 1.31 31.69 -7.94 0.13
Car 0.00 0 -7.95 234.42 170.77 278.04 206.28 1.64 1.60 3.47 -17.22 0.97 35.08 -8.40 0.13
Pedestrian 0.00 0 -7.86 792.40 171.87 824.43 259.24 1.76 0.62 0.79 4.11 1.49 14.90 -7.59 0.12
Cyclist 0.00 0 -7.74 551.74 175.83 561.50 206.68 1.63 0.36 1.50 -2.78 1.14 38.76 -7.82 0.12
Car 0.00 0 -4.68 356.76 185.95 425.69 245.12 1.45 1.65 4.20 -5.97 1.48 19.96 -4.97 0.12
Car 0.00 0 -4.70 542.22 175.20 558.98 192.09 1.53 1.52 4.01 -5.33 0.62 67.22 -4.78 0.11
Car 0.00 0 -2.91 495.59 176.30 556.56 198.34 1.52 1.63 3.98 -5.73 0.90 50.46 -3.02 0.10
