Car 0.00 0 -8.07 702.47 167.56 822.11 261.76 1.71 1.66 3.50 2.94 1.61 14.86 -7.87 0.96
Car 0.00 0 -2.71 45.58 177.53 372.51 281.94 1.46 1.64 4.11 -6.03 1.54 11.14 -3.20 0.94
Car 0.00 0 -4.48 417.75 159.89 540.36 259.33 1.82 1.63 4.05 -2.66 1.58 15.28 -4.65 0.94
Car 0.00 0 -4.67 520.16 175.98 571.58 224.02 1.44 1.51 3.99 -2.10 1.55 23.89 -4.75 0.88
Car 0.00 0 -6.66 598.31 168.20 654.94 194.17 1.62 1.60 3.28 1.03 1.33 46.43 -6.64 0.73
Car 0.00 0 -4.54 554.17 168.35 604.01 204.55 1.65 1.72 4.40 -1.48 1.45 35.27 -4.59 0.72
Car 0.00 0 -4.59 535.69 173.31 587.57 212.40 1.50 1.65 4.08 -1.97 1.52 29.89 -4.65 0.48
Pedestrian 0.00 0 -3.66 947.46 144.74 1003.27 248.54 1.94 0.65 0.73 6.94 1.41 13.82 -3.19 0.16
Pedestrian 0.00 0 -6.27 89.85 161.28 134.91 256.17 1.74 0.59 0.69 -9.45 1.53 13.65 -6.87 0.14
Cyclist 0.00 0 -8.27 714.45 163.24 735.56 198.13 1.76 0.44 1.66 5.90 1.28 37.33 -8.12 0.12
Pedestrian 0.00 0 -3.22 931.98 142.74 980.99 243.61 1.97 0.62 0.84 6.91 1.38 14.53 -2.78 0.11
Pedestrian 0.00 0 -2.79 412.86 160.81 449.08 223.55 1.81 0.63 0.87 -5.31 1.47 21.22 -3.03 0.11
Pedestrian 0.00 0 -3.47 933.29 172.21 1012.74 296.03 1.66 0.51 0.86 4.95 1.65 9.97 -3.01 0.11
Cyclist 0.00 0 -4.41 335.45 162.08 392.73 256.04 1.78 0.60 1.75 -4.97 1.57 14.53 -4.74 0.10
