Car 0.00 0 -8.07 655.77 174.43 755.60 249.24 1.67 1.67 3.96 2.24 1.72 18.25 -7.94 0.96
Car 0.00 0 -5.46 0.00 159.37 89.22 374.00 1.77 1.63 3.87 -6.51 1.68 5.40 -6.34 0.90
Car 0.00 0 -7.65 284.03 179.38 419.56 284.70 1.57 1.57 3.55 -4.48 1.70 12.85 -7.99 0.72
Car 0.00 0 -2.86 246.98 177.61 444.82 252.06 1.63 1.68 4.03 -6.08 1.74 16.85 -3.21 0.70
Car 0.00 0 -7.93 595.41 177.34 619.71 197.65 1.49 1.61 3.59 -0.24 1.85 55.67 -7.93 0.60
Car 0.00 0 -4.82 416.39 181.16 475.34 228.10 1.48 1.59 4.35 -6.00 1.80 25.87 -5.05 0.47
Car 0.00 0 -2.76 295.74 174.04 433.21 233.52 1.74 1.62 3.64 -7.48 1.78 22.05 -3.09 0.45
Car 0.00 0 -2.72 246.59 178.64 411.04 239.58 1.56 1.59 3.85 -7.60 1.73 19.58 -3.09 0.39
Car 0.00 0 -2.93 391.75 178.26 472.13 212.31 1.56 1.58 3.45 -8.44 1.83 34.25 -3.17 0.37
Car 0.00 0 -7.06 657.40 175.11 724.04 200.70 1.52 1.66 4.17 5.03 1.66 45.02 -6.95 0.32
Pedestrian 0.00 0 -5.75 496.83 178.19 508.85 201.78 1.62 0.48 0.68 -7.48 2.00 50.20 -5.90 0.24
Pedestrian 0.00 0 -5.48 236.24 170.88 263.28 215.81 1.98 0.72 0.81 -16.12 1.89 32.22 -5.95 0.24
Car 0.00 0 -4.73 581.97 175.85 600.13 193.72 1.55 1.57 4.02 -1.76 1.83 65.19 -4.76 0.23
Car 0.00 0 -2.94 399.22 178.72 486.29 210.46 1.55 1.60 4.04 -8.42 1.85 36.37 -3.17 0.20
Car 0.00 0 -4.48 505.46 177.44 531.04 193.75 1.50 1.59 3.90 -8.82 1.95 69.45 -4.61 0.20
Car 0.00 0 -8.37 607.90 173.37 641.50 190.96 1.63 1.60 3.64 1.36 1.68 68.84 -8.35 0.20
Car 0.00 0 -4.20 0.00 186.96 37.75 246.99 1.42 1.57 3.25 -17.46 1.84 19.67 -4.93 0.18
Cyclist 0.00 0 -4.41 75.66 175.34 109.82 227.21 1.69 0.45 1.70 -17.57 1.78 24.47 -5.03 0.13
Cyclist 0.00 0 -4.31 460.60 179.57 485.31 221.44 1.64 0.46 1.45 -5.60 1.92 29.32 -4.50 0.12
Pedestrian 0.00 0 -3.15 482.50 173.84 500.77 208.72 1.82 0.55 0.94 -6.27 1.87 37.99 -3.31 0.12
Cyclist 0.00 0 -8.11 745.11 178.97 781.78 243.87 1.62 0.50 1.77 3.99 1.79 19.07 -7.91 0.12
Car 0.00 0 -2.76 459.80 176.55 513.20 198.15 1.69 1.69 3.90 -9.98 2.00 58.23 -2.93 0.10
