Car 0.00 0 -3.93 0.00 215.67 142.23 374.00 1.45 1.65 4.04 -5.97 1.92 5.86 -4.72 0.97
Car 0.00 0 -4.37 274.65 193.22 409.87 269.29 1.41 1.61 4.08 -5.98 1.93 16.48 -4.72 0.96
Car 0.00 0 -4.22 61.39 200.16 308.37 330.32 1.43 1.52 3.64 -5.95 1.90 10.54 -4.73 0.95
Car 0.00 0 -4.43 389.44 188.82 474.57 237.70 1.39 1.64 4.11 -5.84 1.97 23.96 -4.66 0.95
Car 0.00 0 -8.07 690.60 176.57 791.32 242.57 1.46 1.61 4.16 3.14 1.57 18.37 -7.90 0.95
Car 0.00 0 -3.78 996.42 138.35 1241.00 232.44 1.50 1.65 4.22 9.09 0.95 12.31 -3.15 0.93
Car 0.00 0 -4.47 481.63 182.57 528.37 214.21 1.57 1.57 4.01 -5.66 2.12 39.06 -4.61 0.89
Car 0.00 0 -7.97 678.79 174.18 741.03 225.49 1.55 1.58 3.83 3.17 1.60 23.80 -7.84 0.88
Car 0.00 0 -4.44 435.56 185.39 499.31 224.66 1.45 1.60 3.95 -5.89 2.01 30.01 -4.64 0.85
Car 0.00 0 -4.89 655.88 177.06 703.84 212.90 1.55 1.59 3.67 3.16 1.76 33.63 -4.80 0.83
Car 0.00 0 -3.76 963.80 146.07 1199.83 221.37 1.46 1.57 3.87 9.53 0.94 14.83 -3.18 0.77
Car 0.00 0 -3.74 889.71 153.39 1085.22 217.06 1.44 1.60 3.98 8.98 1.00 17.40 -3.27 0.72
Car 0.00 0 -3.74 823.58 158.90 987.12 215.95 1.50 1.56 4.06 8.17 1.13 20.16 -3.35 0.72
Car 0.00 0 -4.42 517.76 180.82 552.22 202.09 1.49 1.55 3.80 -5.61 2.11 54.09 -4.53 0.69
Car 0.00 0 -4.85 648.40 175.10 687.74 207.71 1.68 1.62 3.71 3.09 1.81 39.41 -4.78 0.67
Car 0.00 0 -8.40 1132.87 122.08 1241.00 173.28 1.55 1.67 4.07 19.44 0.01 24.00 -7.71 0.53
Cyclist 0.00 0 -6.55 363.35 179.74 405.49 219.85 1.73 0.71 1.67 -10.10 2.05 32.19 -6.86 0.18
Car 0.00 0 -4.67 539.37 181.06 559.59 199.45 1.42 1.51 3.67 -4.97 2.12 59.34 -4.75 0.17
Car 0.00 0 -8.22 784.60 157.39 839.63 190.48 1.93 1.83 4.27 12.30 1.03 44.30 -7.95 0.15
Car 0.00 0 -6.39 644.16 177.27 709.99 200.98 1.51 1.65 4.12 4.30 1.80 46.96 -6.30 0.15
Cyclist 0.00 0 -4.58 780.34 174.62 798.33 215.33 1.62 0.54 1.39 7.29 1.69 29.46 -4.34 0.14
Car 0.00 0 -4.97 444.02 183.86 480.41 207.50 1.43 1.50 3.50 -9.77 2.18 47.37 -5.17 0.14
Car 0.00 0 -5.08 727.62 168.18 780.21 195.53 1.60 1.67 4.45 8.78 1.33 44.53 -4.89 0.14
Car 0.00 0 -4.72 740.11 178.29 779.36 215.05 1.42 1.53 3.72 6.26 1.67 30.50 -4.52 0.13
Cyclist 0.00 0 -2.90 461.38 177.63 483.35 201.02 1.80 0.63 1.57 -10.70 2.17 56.00 -3.08 0.12
Pedestrian 0.00 0 -7.49 774.62 171.38 816.18 259.12 1.59 0.62 0.48 3.40 1.56 13.44 -7.24 0.12
Pedestrian 0.00 0 -7.85 1140.63 125.27 1167.31 179.39 1.77 0.70 0.78 18.17 0.21 24.16 -7.20 0.11
