Pedestrian 0.00 0 -2.96 334.56 155.52 430.09 307.83 1.78 0.56 1.02 -2.73 1.49 8.58 -3.27 0.88
Car 0.00 0 -4.56 0.00 170.39 11.38 201.74 1.55 1.64 3.73 -32.38 1.05 36.91 -5.28 0.23
Cyclist 0.00 0 -4.17 1136.75 154.98 1223.00 348.19 1.62 0.60 1.80 5.79 1.41 6.49 -3.44 0.19
Car 0.00 0 -7.98 660.76 144.09 697.38 173.04 1.57 1.65 3.77 4.27 -0.45 41.23 -7.88 0.19
Pedestrian 0.00 0 -5.04 998.52 220.25 1087.59 369.00 1.20 0.37 0.67 3.26 1.52 5.38 -4.50 0.17
Pedestrian 0.00 0 -2.19 0.00 175.39 48.68 258.54 1.62 0.58 0.69 -11.76 1.53 14.18 -2.88 0.16
Pedestrian 0.00 0 -5.92 593.48 163.84 602.23 189.51 1.84 0.69 0.42 -0.51 0.65 51.04 -5.93 0.16
Pedestrian 0.00 0 -5.50 629.28 170.15 682.33 261.75 1.61 0.54 0.82 0.88 1.43 12.90 -5.43 0.14
Cyclist 0.00 0 -2.70 662.39 166.30 750.01 252.83 1.68 0.56 1.70 2.01 1.41 14.46 -2.56 0.13
Cyclist 0.00 0 -8.04 952.07 165.57 1017.28 276.42 1.61 0.57 1.85 5.95 1.40 11.24 -7.55 0.13
Car 0.00 0 -5.61 0.00 178.26 21.34 228.09 1.45 1.63 4.14 -20.62 1.38 21.53 -6.38 0.12
Pedestrian 0.00 0 -3.02 1012.49 155.48 1074.56 264.99 1.74 0.59 0.81 7.20 1.34 11.69 -2.47 0.11
Pedestrian 0.00 0 -6.32 839.79 168.81 868.42 234.48 1.62 0.60 0.65 6.22 1.33 17.78 -5.99 0.11
Pedestrian 0.00 0 -4.11 853.97 165.46 911.79 267.57 1.65 0.60 0.73 4.63 1.41 11.90 -3.74 0.11
Pedestrian 0.00 0 -4.60 1176.06 166.67 1223.00 265.66 1.62 0.62 0.71 10.12 1.39 12.01 -3.90 0.11
Pedestrian 0.00 0 -5.06 253.44 160.39 305.27 255.67 1.77 0.63 0.94 -6.36 1.40 13.71 -5.49 0.11
Pedestrian 0.00 0 -6.60 1119.60 149.07 1204.26 264.03 1.81 0.65 0.93 9.05 1.31 11.57 -5.93 0.10
