Car 0.00 0 -8.25 742.08 179.07 951.75 311.47 1.52 1.53 3.49 3.07 1.62 10.25 -7.96 0.97
Car 0.00 0 -8.41 848.17 181.46 1241.00 374.00 1.55 1.61 3.83 3.04 1.63 4.98 -7.86 0.96
Car 0.00 0 -4.22 83.53 189.41 326.92 321.01 1.58 1.60 3.76 -5.90 1.87 10.99 -4.71 0.96
Car 0.00 0 -4.42 281.55 191.68 399.99 268.30 1.43 1.51 3.55 -5.93 1.90 16.17 -4.77 0.95
Car 0.00 0 -8.05 714.93 181.31 817.70 255.37 1.41 1.52 3.41 3.26 1.61 15.82 -7.85 0.88
Car 0.00 0 -2.78 351.28 179.22 438.28 210.83 1.71 1.70 4.36 -12.07 2.08 40.48 -3.07 0.80
Car 0.00 0 -6.77 883.67 163.26 981.05 199.00 1.54 1.55 3.64 14.22 1.13 32.01 -6.35 0.62
Car 0.00 0 -3.81 0.00 190.44 98.42 251.16 1.33 1.55 3.81 -15.91 1.85 19.05 -4.51 0.35
Car 0.00 0 -7.97 727.11 176.67 760.26 201.36 1.45 1.57 3.97 8.28 1.70 45.13 -7.79 0.31
Car 0.00 0 -5.10 309.50 186.34 353.70 210.03 1.51 1.66 3.42 -19.27 2.47 49.81 -5.47 0.30
Car 0.00 0 -2.97 246.18 189.86 410.39 246.12 1.39 1.57 3.96 -7.60 1.88 19.67 -3.34 0.27
Car 0.00 0 -4.67 0.00 185.04 32.21 209.58 1.56 1.57 3.75 -40.99 2.44 49.81 -5.36 0.26
Cyclist 0.00 0 -2.77 759.83 158.90 836.71 230.90 1.88 0.75 1.88 5.07 1.51 19.67 -2.51 0.24
Car 0.00 0 -7.99 650.70 172.94 675.63 192.15 1.56 1.62 3.43 4.39 1.57 60.30 -7.92 0.18
Pedestrian 0.00 0 -5.59 548.56 173.01 562.61 200.06 1.90 0.56 0.83 -3.89 1.91 51.18 -5.67 0.17
Pedestrian 0.00 0 -5.65 538.38 172.27 547.13 197.80 1.84 0.60 0.34 -4.91 1.80 52.41 -5.74 0.15
Pedestrian 0.00 0 -4.62 700.16 160.93 722.37 224.35 1.92 0.60 0.95 3.11 1.56 22.41 -4.49 0.15
Car 0.00 0 -5.08 523.72 171.91 564.52 195.22 1.75 1.75 4.31 -5.22 1.68 56.42 -5.17 0.13
Cyclist 0.00 0 -2.78 14.13 175.17 79.31 223.33 1.76 0.80 1.76 -21.14 1.85 27.05 -3.44 0.12
Pedestrian 0.00 0 -7.27 908.51 155.45 921.16 180.29 1.80 0.63 0.60 22.28 0.54 52.81 -6.87 0.12
Car 0.00 0 -4.95 731.46 177.48 804.00 221.07 1.43 1.59 4.30 5.58 1.61 26.22 -4.74 0.11
Car 0.00 0 -4.56 564.86 168.69 596.17 198.35 2.35 1.86 4.81 -2.41 2.02 59.59 -4.60 0.11
