Car 0.00 0 -4.17 0.00 188.85 354.27 374.00 1.62 1.69 3.99 -4.59 1.85 8.27 -4.68 0.97
Car 0.00 0 -4.37 268.50 185.12 446.06 288.99 1.53 1.71 4.33 -4.45 1.79 13.32 -4.70 0.96
Car 0.00 0 -4.42 386.55 188.79 491.19 253.94 1.40 1.54 3.77 -4.26 1.84 18.33 -4.64 0.91
Car 0.00 0 -4.46 443.31 184.85 524.01 238.17 1.47 1.59 3.95 -3.95 1.89 22.88 -4.64 0.91
Car 0.00 0 -7.98 709.84 172.14 776.10 224.98 1.80 1.81 4.75 4.83 1.78 27.03 -7.81 0.87
Car 0.00 0 -4.49 570.40 179.78 605.80 202.76 1.47 1.60 3.94 -1.49 1.97 49.55 -4.52 0.49
Car 0.00 0 -4.86 698.43 177.59 736.65 208.86 1.59 1.54 3.56 5.73 1.86 39.03 -4.71 0.34
Car 0.00 0 -4.64 617.32 180.25 645.43 202.01 1.39 1.65 3.89 1.48 1.92 49.60 -4.61 0.19
Cyclist 0.00 0 -6.60 794.61 171.88 828.40 205.57 1.83 0.65 1.66 11.00 1.78 39.53 -6.33 0.16
Pedestrian 0.00 0 -5.08 848.03 173.05 867.47 214.80 1.75 0.59 0.63 10.47 1.76 30.63 -4.75 0.15
Car 0.00 0 -4.55 555.35 174.37 578.82 191.14 1.51 1.60 3.74 -3.99 1.66 67.29 -4.61 0.13
Pedestrian 0.00 0 -3.07 840.91 168.24 854.31 200.77 1.87 0.57 0.70 13.75 1.60 41.84 -2.75 0.13
Pedestrian 0.00 0 -3.14 516.99 173.26 526.05 201.15 1.95 0.60 0.63 -6.27 1.98 50.86 -3.26 0.12
Car 0.00 0 -3.37 643.34 179.16 708.30 200.91 1.41 1.67 4.08 4.38 1.85 48.57 -3.28 0.12
Car 0.00 0 -4.72 706.35 179.35 744.13 215.89 1.55 1.63 3.97 5.28 1.87 33.48 -4.57 0.12
Pedestrian 0.00 0 -6.65 907.66 169.00 942.12 231.78 1.80 0.62 0.75 9.13 1.69 21.04 -6.24 0.11
Pedestrian 0.00 0 -5.90 246.59 172.49 276.43 234.41 1.80 0.69 0.58 -10.36 1.79 21.37 -6.35 0.11
Car 0.00 0 -3.82 0.00 216.91 24.39 374.00 1.41 1.54 3.79 -7.21 1.88 5.95 -4.70 0.10
