Car 0.00 0 -4.47 237.41 188.64 527.77 373.00 1.45 1.68 4.45 -1.88 1.55 7.50 -4.71 0.93
Pedestrian 0.00 0 -5.20 735.34 162.48 804.67 282.66 1.73 0.68 0.89 2.49 1.46 10.87 -4.98 0.74
Pedestrian 0.00 0 -8.78 1160.27 136.51 1237.00 373.00 1.71 0.80 0.96 3.61 1.51 3.69 -8.01 0.66
Pedestrian 0.00 0 -4.19 46.50 161.85 108.76 272.40 1.79 0.59 0.67 -8.80 1.48 12.03 -4.83 0.54
Pedestrian 0.00 0 -3.52 505.31 171.58 528.55 211.50 1.75 0.62 0.86 -3.77 1.31 31.90 -3.64 0.39
Pedestrian 0.00 0 -3.96 381.76 166.74 415.96 221.28 1.85 0.63 1.00 -7.06 1.35 24.96 -4.24 0.39
Pedestrian 0.00 0 -3.42 0.00 147.88 49.44 323.88 1.88 0.61 0.84 -6.97 1.52 8.18 -4.12 0.36
Pedestrian 0.00 0 -4.33 453.32 170.25 476.70 221.44 1.71 0.61 0.57 -4.63 1.33 24.29 -4.52 0.30
Pedestrian 0.00 0 -8.16 566.93 166.85 580.27 200.12 1.91 0.60 0.66 -1.62 1.07 41.72 -8.20 0.29
Pedestrian 0.00 0 -5.22 547.87 169.42 560.32 195.87 1.92 0.62 0.75 -3.45 1.04 52.65 -5.28 0.28
Pedestrian 0.00 0 -7.46 403.95 174.28 429.38 226.33 1.61 0.58 0.63 -5.81 1.38 22.51 -7.71 0.27
Pedestrian 0.00 0 -7.42 499.51 175.06 516.94 207.26 1.66 0.63 0.79 -4.85 1.33 37.39 -7.55 0.27
Pedestrian 0.00 0 -4.40 683.18 166.51 703.55 213.44 1.78 0.57 0.77 3.53 1.21 27.72 -4.28 0.26
Cyclist 0.00 0 -8.31 838.37 115.62 1082.00 373.00 1.93 0.61 1.73 2.02 1.60 4.45 -7.88 0.22
Pedestrian 0.00 0 -4.20 529.65 168.66 545.02 202.02 1.94 0.64 0.70 -3.76 1.19 42.17 -4.29 0.21
Pedestrian 0.00 0 -4.70 91.37 155.52 130.94 260.81 1.92 0.61 0.81 -9.34 1.45 13.63 -5.31 0.20
Car 0.00 0 -5.89 402.93 180.26 494.43 212.34 1.40 1.52 3.76 -6.90 1.35 32.52 -6.10 0.19
Cyclist 0.00 0 -7.59 521.50 173.71 535.63 201.77 1.68 0.43 1.67 -4.43 1.21 43.83 -7.69 0.18
Cyclist 0.00 0 -3.11 461.39 168.92 498.70 206.76 1.81 0.74 1.76 -5.88 1.21 34.83 -3.28 0.17
Cyclist 0.00 0 -6.17 309.80 155.36 413.59 260.62 1.92 0.61 1.80 -4.53 1.44 13.57 -6.49 0.17
Pedestrian 0.00 0 -7.70 418.83 178.27 435.49 217.09 1.51 0.55 0.60 -6.89 1.39 28.33 -7.94 0.16
Pedestrian 0.00 0 -6.21 194.96 186.13 266.28 326.54 1.51 0.53 0.68 -4.22 1.57 8.12 -6.69 0.15
Pedestrian 0.00 0 -5.56 585.24 167.70 593.92 199.58 1.85 0.49 0.24 -0.69 1.05 41.95 -5.57 0.15
Car 0.00 0 -2.57 16.42 186.40 268.62 261.08 1.48 1.65 4.30 -9.61 1.59 15.20 -3.13 0.15
Pedestrian 0.00 0 -3.20 577.85 170.17 592.18 200.06 1.83 0.59 0.85 -1.01 1.14 44.40 -3.22 0.15
Pedestrian 0.00 0 -4.84 661.76 156.76 694.03 238.31 1.88 0.65 0.94 1.77 1.31 17.05 -4.73 0.14
Car 0.00 0 -7.14 302.77 183.05 454.12 244.79 1.45 1.63 4.01 -5.83 1.50 19.18 -7.44 0.13
Pedestrian 0.00 0 -4.59 401.86 163.48 420.51 211.17 1.91 0.63 0.86 -7.76 1.19 29.25 -4.85 0.12
Pedestrian 0.00 0 -6.16 538.91 170.50 549.46 195.80 1.86 0.51 0.72 -4.21 1.05 53.04 -6.24 0.12
Cyclist 0.00 0 -4.44 493.73 175.19 508.23 202.36 1.61 0.47 1.52 -6.04 1.23 43.27 -4.58 0.12
Cyclist 0.00 0 -4.27 272.68 175.53 326.14 251.12 1.63 0.46 1.63 -6.85 1.50 16.28 -4.66 0.11
Pedestrian 0.00 0 -4.32 861.90 142.89 928.00 270.66 1.84 0.64 0.90 4.41 1.29 10.88 -3.94 0.11
Pedestrian 0.00 0 -8.59 571.62 173.61 582.50 201.96 1.69 0.48 0.44 -1.46 1.22 43.24 -8.63 0.11
Car 0.00 0 -6.86 1231.83 128.53 1237.00 201.43 1.53 1.64 4.46 17.47 0.42 16.37 -6.04 0.11
Pedestrian 0.00 0 -3.77 585.52 171.73 614.19 225.73 1.62 0.53 0.70 -0.08 1.33 21.95 -3.77 0.11
Pedestrian 0.00 0 -4.76 834.81 146.33 874.10 254.32 1.83 0.60 0.87 4.41 1.24 12.68 -4.43 0.11
Pedestrian 0.00 0 -7.15 0.03 158.92 73.20 273.62 1.85 0.63 0.74 -9.44 1.49 11.98 -7.82 0.10
Pedestrian 0.00 0 -5.25 9.04 186.09 96.48 306.95 1.52 0.64 0.72 -7.27 1.58 9.47 -5.90 0.10
