Car 0.00 0 -6.90 0.00 182.57 44.68 211.18 1.50 1.61 3.55 -34.57 2.08 41.00 -7.60 0.50
Pedestrian 0.00 0 -4.31 688.41 169.91 722.86 233.86 1.82 0.69 0.94 2.76 1.74 21.16 -4.18 0.37
Car 0.00 0 -3.85 37.37 190.30 315.88 307.87 1.56 1.70 3.89 -7.15 1.91 12.31 -4.38 0.37
Car 0.00 0 -3.90 0.00 225.39 270.73 374.00 1.61 1.66 3.88 -2.99 1.94 2.63 -4.75 0.36
Car 0.00 0 -6.60 1141.71 172.43 1241.00 247.89 1.61 1.67 3.45 14.69 1.60 16.83 -5.89 0.32
Pedestrian 0.00 0 -4.60 646.38 169.16 674.21 237.64 1.88 0.70 0.71 1.37 1.78 20.20 -4.53 0.25
Pedestrian 0.00 0 -6.75 865.99 163.23 893.42 209.87 1.81 0.62 0.82 10.55 1.44 28.35 -6.39 0.24
Pedestrian 0.00 0 -4.71 522.46 158.04 538.92 205.81 1.97 0.68 0.57 -3.34 1.36 30.06 -4.82 0.17
Pedestrian 0.00 0 -8.03 938.01 172.73 958.86 213.35 1.63 0.66 0.65 13.69 1.62 29.29 -7.59 0.15
Pedestrian 0.00 0 -4.21 779.21 171.58 804.72 219.72 1.67 0.58 0.76 6.38 1.62 25.45 -3.97 0.15
Car 0.00 0 -3.31 727.24 167.94 851.39 213.93 1.70 1.75 4.38 6.74 1.52 27.63 -3.07 0.14
Pedestrian 0.00 0 -3.36 630.78 165.88 659.55 226.85 1.90 0.64 0.79 1.06 1.68 22.86 -3.31 0.14
Pedestrian 0.00 0 -4.82 975.30 157.88 997.36 206.72 1.90 0.68 0.91 14.91 1.32 28.69 -4.35 0.11
Car 0.00 0 -4.68 497.33 173.78 532.36 205.59 1.47 1.57 4.00 -4.68 1.52 35.56 -4.81 0.11
Car 0.00 0 -4.42 484.69 177.16 552.79 221.12 1.52 1.52 3.87 -3.42 1.69 27.35 -4.55 0.11
Pedestrian 0.00 0 -5.07 851.53 163.87 880.61 217.61 1.82 0.69 0.85 8.77 1.52 24.85 -4.73 0.11
