Car 0.00 0 -2.84 182.02 189.28 416.51 265.45 1.45 1.67 4.23 -6.43 1.82 15.21 -3.24 0.96
Car 0.00 0 -3.60 816.99 197.93 1116.51 286.33 1.41 1.66 4.53 6.15 1.89 12.88 -3.16 0.95
Car 0.00 0 -8.51 859.89 205.32 1241.00 374.00 1.53 1.76 4.31 2.74 1.79 3.47 -7.84 0.93
Car 0.00 0 -5.49 0.00 200.13 182.64 374.00 1.40 1.57 4.14 -5.64 1.62 5.11 -6.32 0.92
Car 0.00 0 -6.63 776.18 197.15 927.75 249.57 1.37 1.56 3.77 6.74 2.09 20.45 -6.31 0.90
Car 0.00 0 -6.80 986.31 196.62 1241.00 346.73 1.50 1.52 3.42 6.48 1.81 8.49 -6.15 0.90
Car 0.00 0 -6.45 699.90 189.20 797.28 225.91 1.56 1.74 4.06 6.13 2.32 32.45 -6.27 0.85
Car 0.00 0 -2.82 273.96 192.20 463.30 254.93 1.43 1.55 4.12 -5.86 1.92 17.68 -3.14 0.85
Car 0.00 0 -5.92 354.85 188.57 500.03 240.14 1.48 1.57 4.07 -5.65 1.99 22.34 -6.17 0.84
Car 0.00 0 -2.93 469.58 190.30 546.33 218.67 1.52 1.59 4.04 -5.75 2.52 40.66 -3.07 0.71
Car 0.00 0 -2.96 390.54 183.22 503.78 228.94 1.65 1.62 3.95 -6.14 2.05 27.30 -3.18 0.67
Car 0.00 0 -6.59 758.74 192.47 881.93 242.88 1.49 1.57 3.42 6.54 2.13 22.81 -6.31 0.63
Car 0.00 0 -7.74 642.15 188.68 674.01 214.55 1.51 1.65 3.86 3.13 2.59 46.79 -7.68 0.60
Car 0.00 0 -3.02 483.20 183.81 553.26 212.39 1.67 1.70 4.03 -5.53 2.34 43.57 -3.15 0.49
Car 0.00 0 -2.97 435.37 188.52 521.36 223.64 1.50 1.58 3.57 -5.88 2.21 32.26 -3.15 0.36
Car 0.00 0 -5.90 378.13 189.22 505.74 235.94 1.49 1.53 3.98 -5.78 2.07 24.77 -6.12 0.32
Car 0.00 0 -3.23 1202.10 177.69 1241.00 209.87 1.61 1.75 3.88 34.15 1.88 38.54 -2.50 0.31
Car 0.00 0 -6.10 474.15 183.23 537.82 207.77 1.58 1.59 3.97 -6.92 2.28 47.99 -6.24 0.28
Cyclist 0.00 0 -3.76 998.04 173.58 1035.99 206.16 1.78 0.65 1.78 22.46 1.82 39.88 -3.25 0.24
Car 0.00 0 -5.92 290.20 187.34 463.56 246.82 1.54 1.59 4.28 -6.42 1.96 19.98 -6.23 0.18
Car 0.00 0 -7.26 182.26 151.18 265.47 193.22 1.94 1.81 3.73 -18.78 0.94 35.21 -7.75 0.18
Car 0.00 0 -7.93 750.56 180.48 782.63 208.05 1.56 1.61 3.64 9.41 2.04 43.72 -7.72 0.15
Car 0.00 0 -4.42 175.15 185.50 257.46 231.65 1.43 1.57 3.59 -13.74 1.91 25.30 -4.92 0.14
Car 0.00 0 -3.28 692.13 182.83 751.17 203.24 1.58 1.55 4.49 8.86 2.39 57.61 -3.13 0.14
Car 0.00 0 -7.99 541.87 188.83 566.57 207.66 1.51 1.62 4.06 -4.97 2.97 63.62 -8.07 0.13
Cyclist 0.00 0 -7.57 495.29 189.14 515.11 229.46 1.59 0.41 1.50 -4.36 2.28 29.82 -7.72 0.11
