Pedestrian 0.00 0 -5.73 241.50 147.13 351.58 309.21 1.87 0.69 1.01 -3.76 1.49 8.56 -6.14 0.56
Pedestrian 0.00 0 -5.52 630.28 170.27 681.55 261.72 1.61 0.56 0.75 0.88 1.43 12.88 -5.45 0.23
Cyclist 0.00 0 -7.45 77.25 166.14 151.30 262.65 1.71 0.56 1.61 -9.27 1.46 13.36 -8.05 0.22
Car 0.00 0 -8.90 1110.94 189.16 1223.00 369.00 1.49 1.53 2.99 5.00 1.56 4.30 -8.04 0.21
Pedestrian 0.00 0 -4.30 0.00 172.81 48.91 256.52 1.63 0.61 0.69 -11.72 1.48 14.18 -4.99 0.19
Pedestrian 0.00 0 -5.26 989.85 222.60 1094.89 369.00 1.19 0.38 0.67 3.25 1.53 5.38 -4.71 0.19
Car 0.00 0 -4.94 0.00 178.05 12.74 227.98 1.44 1.60 3.88 -20.27 1.37 22.16 -5.68 0.18
Pedestrian 0.00 0 -4.18 748.32 171.44 793.18 254.06 1.61 0.53 0.83 3.30 1.43 14.23 -3.96 0.17
Cyclist 0.00 0 -8.00 253.07 157.47 299.47 258.52 1.82 0.55 1.74 -6.39 1.41 13.61 -8.44 0.16
Pedestrian 0.00 0 -4.37 857.65 162.54 910.84 266.57 1.68 0.62 0.76 4.67 1.39 11.93 -4.00 0.14
Car 0.00 0 -6.31 652.30 143.26 722.50 170.74 1.51 1.63 3.91 4.67 -0.57 40.43 -6.19 0.14
Pedestrian 0.00 0 -4.35 1171.68 171.62 1223.00 265.48 1.54 0.62 0.65 10.10 1.39 12.00 -3.66 0.14
Pedestrian 0.00 0 -8.23 837.66 169.18 870.56 234.13 1.60 0.59 0.63 6.22 1.33 17.79 -7.90 0.13
Car 0.00 0 -7.16 0.00 162.44 8.58 200.11 1.73 1.70 4.23 -31.73 0.90 34.55 -7.90 0.12
Pedestrian 0.00 0 -6.41 1121.92 145.89 1195.71 263.43 1.85 0.62 0.88 9.02 1.31 11.60 -5.75 0.12
Pedestrian 0.00 0 -4.84 375.40 192.92 412.38 276.88 1.28 0.49 0.61 -3.41 1.48 11.24 -5.13 0.11
Pedestrian 0.00 0 -3.43 1203.00 140.90 1223.00 267.67 1.89 0.53 0.92 9.90 1.30 10.96 -2.70 0.10
Pedestrian 0.00 0 -4.50 1010.51 168.90 1056.24 268.19 1.62 0.55 0.61 7.18 1.43 11.93 -3.96 0.10
