Pedestrian 0.00 0 -9.13 994.64 159.06 1105.02 334.55 1.83 0.65 0.90 4.95 1.59 8.02 -8.58 0.84
Pedestrian 0.00 0 -7.79 309.61 187.64 349.99 272.94 1.65 0.70 1.08 -5.54 1.78 14.59 -8.15 0.82
Pedestrian 0.00 0 -5.59 753.99 165.70 838.30 300.17 1.81 0.61 1.00 2.72 1.60 10.26 -5.33 0.77
Pedestrian 0.00 0 -8.05 579.10 180.61 601.00 234.32 1.74 0.58 0.82 -0.41 1.72 23.77 -8.06 0.77
Pedestrian 0.00 0 -7.75 493.22 181.96 516.47 231.11 1.74 0.74 0.91 -3.49 1.75 25.84 -7.88 0.70
Cyclist 0.00 0 -7.86 988.15 163.70 1023.84 266.40 1.73 0.53 1.71 7.26 1.43 12.99 -7.35 0.58
Car 0.00 0 -4.55 424.66 174.40 493.82 233.24 1.98 1.77 4.53 -5.14 1.74 26.43 -4.74 0.55
Pedestrian 0.00 0 -7.89 603.93 179.41 625.66 233.53 1.77 0.69 0.82 0.41 1.70 23.89 -7.87 0.54
Pedestrian 0.00 0 -4.99 326.28 181.99 360.64 248.64 1.75 0.66 0.87 -7.02 1.77 19.45 -5.33 0.53
Pedestrian 0.00 0 -8.16 238.90 182.73 339.89 367.79 1.73 0.73 0.81 -3.22 1.75 7.28 -8.58 0.46
Pedestrian 0.00 0 -8.27 634.67 181.46 654.25 222.27 1.72 0.61 0.67 1.82 1.72 30.64 -8.21 0.36
Pedestrian 0.00 0 -3.26 992.29 165.17 1043.52 255.46 1.76 0.58 0.83 8.32 1.44 14.44 -2.74 0.36
Pedestrian 0.00 0 -7.91 279.60 180.61 320.90 276.91 1.77 0.69 0.60 -5.76 1.76 13.64 -8.31 0.35
Pedestrian 0.00 0 -8.57 1037.74 160.15 1088.09 242.41 1.77 0.70 0.62 10.11 1.31 15.81 -8.00 0.33
Car 0.00 0 -7.98 568.12 178.98 596.69 202.95 1.79 1.69 4.16 -1.49 1.60 55.79 -8.01 0.31
Car 0.00 0 -7.98 254.33 185.27 322.07 234.44 1.50 1.63 3.76 -10.67 1.64 24.29 -8.39 0.23
Pedestrian 0.00 0 -5.58 488.49 178.31 497.31 199.94 1.76 0.60 0.43 -8.87 1.50 58.86 -5.73 0.22
Pedestrian 0.00 0 -5.00 626.94 181.74 660.80 258.90 1.72 0.57 0.79 0.93 1.73 16.45 -4.94 0.22
Car 0.00 0 -6.17 31.57 174.39 163.53 212.87 1.51 1.70 4.35 -20.91 1.23 30.02 -6.78 0.20
Pedestrian 0.00 0 -4.86 1220.38 138.49 1237.00 321.05 1.92 0.73 0.88 7.47 1.47 8.10 -4.11 0.19
Car 0.00 0 -4.77 578.37 184.09 606.42 208.35 1.51 1.61 4.10 -0.63 1.69 47.39 -4.78 0.19
Car 0.00 0 -4.23 345.85 187.89 389.24 209.69 1.55 1.59 3.66 -17.59 2.05 54.24 -4.54 0.18
Cyclist 0.00 0 -7.85 488.88 182.88 497.14 215.40 1.68 0.42 1.50 -5.75 1.76 38.04 -8.00 0.18
Car 0.00 0 -7.66 14.69 177.73 269.96 371.87 1.71 1.68 4.19 -5.13 1.68 8.58 -8.20 0.17
Cyclist 0.00 0 -8.08 675.35 181.19 705.68 245.46 1.72 0.50 1.59 2.43 1.71 20.00 -7.95 0.17
Pedestrian 0.00 0 -7.70 155.49 167.75 187.61 235.87 1.91 0.69 0.69 -12.33 1.52 20.56 -8.24 0.14
Pedestrian 0.00 0 -5.86 119.32 175.53 160.88 242.97 1.82 0.58 0.79 -12.72 1.66 19.77 -6.43 0.14
Car 0.00 0 -5.36 625.05 179.52 682.30 204.33 1.61 1.65 4.24 3.50 1.48 48.72 -5.28 0.14
Pedestrian 0.00 0 -4.98 734.48 191.65 764.42 256.32 1.36 0.50 0.57 3.15 1.59 15.51 -4.78 0.14
Car 0.00 0 -5.33 602.91 184.30 662.93 209.99 1.52 1.65 4.22 1.94 1.71 45.34 -5.28 0.13
Pedestrian 0.00 0 -5.12 973.35 148.39 1009.67 215.60 1.94 0.70 0.75 11.46 0.99 21.18 -4.62 0.13
Pedestrian 0.00 0 -4.43 148.66 189.30 191.42 266.07 1.77 0.71 0.68 -10.28 1.96 17.08 -4.97 0.12
Cyclist 0.00 0 -4.87 689.62 181.09 715.36 235.28 1.69 0.55 1.69 3.23 1.68 23.22 -4.74 0.11
Car 0.00 0 -8.02 575.30 181.79 617.05 212.33 1.59 1.66 3.91 -0.34 1.60 39.41 -8.03 0.11
Pedestrian 0.00 0 -3.39 586.20 184.01 603.76 220.96 1.70 0.62 0.69 -0.31 1.82 33.54 -3.40 0.10
