Car 0.00 0 -7.79 583.89 181.74 619.59 212.03 1.45 1.60 4.17 -0.42 1.95 37.99 -7.80 0.79
Cyclist 0.00 0 -6.55 596.25 174.86 617.39 197.22 1.76 0.62 1.57 -0.28 1.92 57.45 -6.56 0.39
Car 0.00 0 -7.63 24.27 183.69 206.30 304.89 1.57 1.62 3.73 -7.84 1.78 11.73 -8.22 0.31
Car 0.00 0 -8.90 1225.74 211.24 1241.00 374.00 1.54 1.47 2.94 5.31 1.83 3.87 -7.96 0.30
Car 0.00 0 -8.19 495.15 180.32 545.42 207.93 1.46 1.59 4.14 -5.25 1.91 41.54 -8.31 0.21
Cyclist 0.00 0 -5.24 1073.83 170.38 1120.21 222.61 1.71 0.46 1.81 16.51 1.63 24.57 -4.65 0.18
Cyclist 0.00 0 -8.49 943.19 178.02 978.92 219.70 1.75 0.51 1.67 15.24 1.99 31.45 -8.03 0.18
Cyclist 0.00 0 -6.49 0.00 151.34 94.07 235.80 1.54 0.48 1.69 -11.11 1.15 13.95 -7.17 0.17
Cyclist 0.00 0 -6.52 0.00 154.01 104.24 243.82 1.56 0.46 1.63 -10.45 1.24 13.35 -7.19 0.16
Car 0.00 0 -3.12 204.66 157.13 345.30 203.34 1.48 1.64 4.24 -11.43 0.98 24.73 -3.55 0.15
Car 0.00 0 -3.38 209.49 156.76 360.35 208.88 1.51 1.65 4.07 -10.26 1.04 22.80 -3.81 0.15
Cyclist 0.00 0 -5.19 837.00 175.33 860.98 208.21 1.76 0.49 1.78 13.08 1.90 39.62 -4.87 0.14
Car 0.00 0 -7.94 627.64 186.62 715.79 263.85 1.47 1.62 4.28 1.25 1.83 16.69 -7.87 0.11
Cyclist 0.00 0 -4.39 422.51 176.30 442.31 212.00 1.65 0.46 1.49 -8.45 1.81 34.20 -4.63 0.11
Car 0.00 0 -7.88 358.25 174.23 396.91 208.64 1.43 1.54 3.68 -10.44 1.50 32.15 -8.19 0.11
