Pedestrian 0.00 0 -5.89 252.17 161.20 373.25 340.14 1.76 0.67 0.97 -3.03 1.57 7.27 -6.28 0.70
Pedestrian 0.00 0 -5.21 977.01 219.63 1085.21 369.00 1.24 0.40 0.72 3.15 1.55 5.36 -4.68 0.21
Cyclist 0.00 0 -7.84 505.71 164.57 545.34 266.39 1.73 0.67 1.84 -1.50 1.46 12.99 -7.96 0.16
Pedestrian 0.00 0 -7.83 261.32 162.15 299.63 258.81 1.80 0.66 0.86 -6.32 1.46 13.69 -8.27 0.15
Pedestrian 0.00 0 -4.74 66.61 167.07 109.66 265.86 1.73 0.61 0.83 -9.50 1.50 12.92 -5.38 0.14
Pedestrian 0.00 0 -8.12 837.36 168.05 869.12 233.57 1.62 0.61 0.63 6.20 1.31 17.79 -7.78 0.13
Car 0.00 0 -8.86 1077.46 191.75 1223.00 369.00 1.48 1.55 3.44 4.98 1.58 4.40 -8.01 0.12
Car 0.00 0 -8.08 651.97 139.24 694.98 168.46 1.55 1.67 3.80 3.92 -0.73 41.15 -7.99 0.11
Pedestrian 0.00 0 -4.87 676.31 156.92 706.26 234.26 1.88 0.60 0.93 2.11 1.31 17.69 -4.75 0.11
Pedestrian 0.00 0 -5.09 685.92 165.51 727.36 252.52 1.73 0.59 0.80 2.04 1.43 14.51 -4.95 0.11
Pedestrian 0.00 0 -7.70 21.29 169.15 71.51 257.04 1.73 0.68 0.87 -11.42 1.50 14.42 -8.37 0.10
