Car 0.00 0 -7.48 126.77 189.43 474.60 374.00 1.50 1.67 4.30 -2.73 1.72 7.43 -7.83 0.96
Car 0.00 0 -8.01 660.56 179.68 737.04 238.20 1.49 1.59 3.79 2.41 1.71 20.79 -7.90 0.96
Car 0.00 0 -8.27 787.89 182.74 1241.00 374.00 1.54 1.63 4.06 2.49 1.64 5.20 -7.83 0.95
Car 0.00 0 -7.10 0.00 194.86 299.17 374.00 1.56 1.68 4.38 -2.73 1.70 2.44 -7.94 0.92
Car 0.00 0 -7.85 529.35 180.39 566.35 216.34 1.57 1.66 4.44 -3.03 1.96 34.76 -7.94 0.92
Car 0.00 0 -8.02 639.02 180.19 688.17 216.19 1.52 1.61 4.06 2.38 1.88 33.47 -7.95 0.92
Car 0.00 0 -7.57 315.98 189.78 478.86 296.20 1.41 1.58 3.85 -3.41 1.74 12.12 -7.85 0.80
Pedestrian 0.00 0 -7.49 272.96 171.85 334.62 295.38 1.79 0.69 0.58 -4.61 1.78 10.76 -7.90 0.44
Car 0.00 0 -7.97 626.13 174.79 656.65 202.21 1.82 1.65 3.95 2.11 1.96 50.20 -7.93 0.37
Pedestrian 0.00 0 -7.39 327.62 171.94 377.28 270.70 1.76 0.70 0.51 -4.75 1.75 13.17 -7.74 0.37
Pedestrian 0.00 0 -5.68 202.71 156.03 217.85 201.43 1.82 0.50 0.31 -16.21 1.15 29.19 -6.19 0.36
Car 0.00 0 -7.92 543.73 180.29 571.95 205.18 1.56 1.62 3.84 -3.57 2.08 48.52 -8.00 0.35
Cyclist 0.00 0 -7.51 633.43 178.49 652.66 211.90 1.72 0.53 1.55 1.72 2.02 38.19 -7.47 0.21
Car 0.00 0 -5.58 288.96 179.19 407.08 226.92 1.54 1.56 3.71 -9.11 1.77 25.00 -5.93 0.21
Pedestrian 0.00 0 -5.73 509.68 180.93 525.59 208.73 1.72 0.56 0.82 -5.83 2.23 45.33 -5.86 0.20
Pedestrian 0.00 0 -3.08 350.55 158.79 356.20 186.23 1.82 0.52 0.32 -17.17 0.89 48.20 -3.42 0.17
Car 0.00 0 -7.41 143.39 182.91 358.90 289.70 1.56 1.70 4.57 -6.31 1.78 13.26 -7.86 0.14
Cyclist 0.00 0 -7.39 49.56 141.95 95.75 196.36 1.71 0.51 1.69 -17.56 0.74 23.56 -8.03 0.14
Pedestrian 0.00 0 -5.40 467.04 180.47 488.94 221.56 1.69 0.57 0.73 -5.58 2.01 30.28 -5.58 0.12
Car 0.00 0 -4.65 587.54 176.31 617.24 204.49 1.81 1.74 4.16 -0.50 2.05 48.94 -4.66 0.11
Car 0.00 0 -3.87 0.00 183.91 0.50 374.00 1.56 1.53 3.53 -5.71 1.65 4.16 -4.81 0.11
