Car 0.00 0 -7.81 586.89 176.37 613.54 200.86 1.57 1.64 4.20 -0.65 1.81 48.84 -7.83 0.83
Car 0.00 0 -7.80 74.90 183.78 104.78 204.95 1.48 1.63 3.81 -39.33 2.34 54.58 -8.42 0.47
Car 0.00 0 -5.64 261.19 183.74 400.97 231.29 1.51 1.73 4.36 -9.71 1.91 25.05 -6.01 0.35
Car 0.00 0 -4.71 862.55 166.26 889.96 191.62 1.60 1.63 3.93 17.52 1.18 47.57 -4.36 0.33
Car 0.00 0 -7.57 0.00 185.56 7.18 211.51 1.43 1.49 3.34 -37.70 2.22 43.27 -8.28 0.23
Pedestrian 0.00 0 -4.76 892.68 171.70 920.03 238.44 1.52 0.56 0.60 6.85 1.49 16.81 -4.37 0.20
Pedestrian 0.00 0 -4.15 877.00 152.92 900.53 196.05 1.90 0.69 0.75 12.42 1.02 32.24 -3.79 0.19
Car 0.00 0 -7.65 0.00 182.92 41.71 207.25 1.52 1.62 3.84 -39.94 2.23 48.80 -8.34 0.15
Pedestrian 0.00 0 -6.13 852.61 157.01 869.22 190.24 1.79 0.63 0.77 13.62 0.94 39.27 -5.80 0.14
Pedestrian 0.00 0 -8.60 884.77 152.74 928.72 240.08 1.82 0.59 0.64 6.29 1.40 15.44 -8.22 0.14
Pedestrian 0.00 0 -4.19 1181.01 140.67 1241.00 260.74 1.72 0.60 0.83 9.06 1.26 10.74 -3.48 0.13
Pedestrian 0.00 0 -7.11 1023.52 156.51 1102.84 269.82 1.61 0.69 0.72 6.64 1.38 10.68 -6.56 0.12
