Car 0.00 0 -8.18 743.06 174.36 975.60 324.40 1.61 1.69 4.00 3.02 1.64 9.83 -7.88 0.98
Car 0.00 0 -4.40 336.55 178.97 446.69 244.65 1.61 1.72 4.26 -6.02 1.80 20.26 -4.69 0.95
Car 0.00 0 -4.24 114.82 192.89 341.39 307.88 1.47 1.62 3.98 -6.03 1.85 11.88 -4.71 0.94
Car 0.00 0 -3.94 0.00 202.01 150.39 374.00 1.54 1.56 3.43 -6.03 1.87 6.41 -4.69 0.93
Car 0.00 0 -4.49 409.42 176.93 480.41 228.66 1.75 1.69 4.18 -6.09 1.92 26.87 -4.71 0.74
Car 0.00 0 -4.62 546.03 178.25 576.37 201.66 1.49 1.68 4.27 -3.30 1.87 49.05 -4.69 0.70
Car 0.00 0 -3.25 911.72 161.31 1045.03 204.37 1.56 1.65 4.40 13.96 1.14 27.70 -2.79 0.64
Car 0.00 0 -4.57 513.99 180.06 542.92 201.01 1.43 1.58 3.81 -5.92 1.97 52.45 -4.69 0.48
Pedestrian 0.00 0 -3.25 838.15 163.15 865.57 219.27 1.87 0.63 0.82 8.15 1.55 24.48 -2.93 0.41
Car 0.00 0 -5.11 675.33 172.19 718.75 195.43 1.65 1.67 4.28 6.38 1.60 53.54 -4.99 0.37
Car 0.00 0 -4.52 464.86 181.65 513.07 213.26 1.49 1.65 4.36 -6.24 1.97 37.42 -4.68 0.34
Car 0.00 0 -4.90 563.80 175.94 589.36 193.34 1.47 1.55 3.94 -3.01 1.76 63.89 -4.95 0.28
Car 0.00 0 -4.66 528.22 177.44 548.85 195.97 1.46 1.52 3.70 -5.91 1.85 59.70 -4.76 0.27
Car 0.00 0 -7.88 638.61 174.68 659.08 194.12 1.53 1.57 3.69 3.12 1.68 58.97 -7.83 0.27
Pedestrian 0.00 0 -6.70 830.11 167.86 848.87 200.64 1.71 0.72 0.71 12.05 1.45 38.00 -6.39 0.17
Car 0.00 0 -8.13 843.08 156.51 875.16 175.99 1.62 1.63 3.84 21.35 0.26 62.02 -7.80 0.12
Cyclist 0.00 0 -7.13 1034.53 162.93 1070.48 198.88 1.83 0.67 1.64 22.88 1.33 37.37 -6.58 0.11
Car 0.00 0 -7.87 698.94 165.19 723.14 190.45 1.90 1.80 4.44 7.85 1.32 56.51 -7.73 0.11
Pedestrian 0.00 0 -3.29 731.81 158.58 779.59 244.75 1.92 0.54 0.99 3.25 1.60 16.39 -3.09 0.11
Car 0.00 0 -7.76 352.69 178.24 382.99 201.11 1.49 1.62 4.02 -16.78 1.88 50.05 -8.08 0.10
