Car 0.00 0 -6.86 824.30 195.37 1241.00 352.41 1.47 1.68 3.80 4.49 1.76 8.02 -6.35 0.98
Car 0.00 0 -6.57 692.39 189.98 846.96 248.92 1.42 1.62 3.63 4.05 1.89 18.84 -6.36 0.92
Car 0.00 0 -2.59 0.00 177.68 199.55 316.02 1.55 1.59 3.93 -7.74 1.62 9.23 -3.29 0.85
Car 0.00 0 -2.60 0.00 183.64 284.40 282.26 1.47 1.59 3.92 -7.71 1.66 11.82 -3.18 0.80
Car 0.00 0 -2.82 243.26 183.07 401.51 240.88 1.48 1.56 3.71 -7.81 1.78 19.70 -3.20 0.77
Pedestrian 0.00 0 -4.03 931.51 179.68 954.80 224.88 1.86 0.67 0.58 13.92 2.15 30.24 -3.60 0.68
Car 0.00 0 -6.51 672.92 188.37 806.77 240.77 1.44 1.59 3.61 3.71 1.91 21.22 -6.34 0.56
Pedestrian 0.00 0 -3.96 1041.77 181.51 1070.25 227.56 1.88 0.71 0.72 18.52 2.24 30.04 -3.41 0.52
Car 0.00 0 -5.72 97.19 191.01 335.05 265.36 1.36 1.53 4.02 -7.90 1.75 14.56 -6.21 0.48
Cyclist 0.00 0 -6.74 813.49 181.22 864.78 227.94 1.79 0.69 1.80 8.94 2.13 28.31 -6.43 0.35
Pedestrian 0.00 0 -4.69 770.05 168.59 789.42 223.76 2.12 0.72 0.87 6.62 1.96 28.28 -4.46 0.33
Pedestrian 0.00 0 -4.06 1128.71 183.45 1154.52 228.14 2.03 0.67 0.71 24.54 2.53 33.37 -3.42 0.28
Car 0.00 0 -7.91 472.47 176.56 496.55 197.31 1.58 1.67 3.93 -10.09 1.89 57.73 -8.08 0.27
Car 0.00 0 -7.98 504.69 186.08 571.81 241.13 1.47 1.57 3.75 -2.34 1.92 22.26 -8.09 0.25
Cyclist 0.00 0 -8.93 1083.95 179.86 1184.00 258.62 1.67 0.62 1.75 11.78 1.83 16.35 -8.31 0.22
Cyclist 0.00 0 -8.05 1194.85 177.09 1229.30 235.13 1.76 0.50 1.83 19.11 1.90 22.98 -7.35 0.20
Pedestrian 0.00 0 -3.23 1045.64 168.54 1093.40 250.21 1.98 0.53 0.96 11.39 1.88 17.99 -2.67 0.20
Pedestrian 0.00 0 -7.90 1192.57 158.00 1236.56 250.98 1.99 0.71 0.99 13.38 1.67 16.05 -7.20 0.17
Pedestrian 0.00 0 -4.17 1000.45 174.15 1030.98 243.37 1.83 0.58 0.42 10.86 1.86 19.40 -3.66 0.16
Car 0.00 0 -7.84 975.09 195.96 1008.41 227.24 1.45 1.50 3.99 20.40 2.75 38.60 -7.36 0.16
Pedestrian 0.00 0 -6.84 522.22 179.42 533.32 203.12 1.68 0.57 0.58 -5.94 2.16 51.83 -6.95 0.15
Pedestrian 0.00 0 -5.07 1136.11 199.78 1178.11 271.52 1.35 0.46 0.66 10.75 1.90 14.25 -4.42 0.15
Pedestrian 0.00 0 -8.62 1190.69 179.32 1204.21 222.80 1.89 0.45 0.20 25.61 2.17 31.50 -7.94 0.14
Cyclist 0.00 0 -3.56 960.34 183.57 1017.95 233.40 1.70 0.61 1.67 13.15 2.08 25.13 -3.08 0.13
Car 0.00 0 -7.11 832.17 190.76 910.06 226.88 1.53 1.57 3.32 12.08 2.40 33.48 -6.77 0.13
Car 0.00 0 -5.11 1010.08 185.56 1056.14 210.08 1.63 1.51 3.78 30.48 2.59 52.13 -4.58 0.12
Pedestrian 0.00 0 -6.19 1138.61 188.84 1157.57 228.59 1.83 0.62 0.66 25.30 2.59 33.98 -5.55 0.12
Car 0.00 0 -6.77 1098.98 194.31 1229.27 233.69 1.50 1.65 3.98 22.85 2.43 29.94 -6.12 0.11
Pedestrian 0.00 0 -6.47 1216.29 170.44 1241.00 246.44 1.89 0.65 0.72 15.93 1.83 18.37 -5.76 0.11
Cyclist 0.00 0 -7.37 1107.34 176.19 1151.10 226.36 1.94 0.71 1.67 20.56 2.07 28.63 -6.74 0.10
Car 0.00 0 -6.72 480.17 179.43 579.87 214.85 1.50 1.67 4.25 -3.68 1.82 33.13 -6.83 0.10
