Cyclist 0.00 0 -8.10 685.19 170.53 704.39 207.28 1.86 0.56 1.83 4.35 1.74 37.45 -7.98 0.76
Pedestrian 0.00 0 -7.92 768.72 166.72 790.88 223.07 1.92 0.69 0.97 5.86 1.71 25.12 -7.69 0.74
Car 0.00 0 -6.74 908.11 196.59 967.01 217.54 1.55 1.68 3.83 25.47 3.43 56.23 -6.32 0.41
Pedestrian 0.00 0 -3.76 942.93 161.56 989.36 239.06 1.80 0.57 0.81 8.38 1.54 17.10 -3.30 0.30
Cyclist 0.00 0 -8.09 674.68 174.22 686.53 199.08 1.77 0.46 1.73 5.09 1.87 52.40 -8.00 0.28
Car 0.00 0 -7.58 456.70 181.05 521.90 221.23 1.50 1.64 3.98 -4.94 1.86 29.77 -7.75 0.27
Car 0.00 0 -1.88 116.85 184.33 161.66 206.52 1.48 1.61 3.76 -33.87 2.34 51.85 -2.46 0.27
Car 0.00 0 -3.00 450.77 178.76 542.47 212.56 1.57 1.67 4.16 -5.43 1.86 34.67 -3.15 0.26
Pedestrian 0.00 0 -3.54 735.90 170.81 749.57 195.26 1.78 0.49 0.86 9.68 1.63 52.75 -3.36 0.20
Pedestrian 0.00 0 -4.75 769.42 161.14 785.51 204.68 2.03 0.71 0.93 7.90 1.49 34.22 -4.52 0.18
Pedestrian 0.00 0 -2.94 700.81 173.45 710.37 193.80 1.80 0.43 0.78 8.50 1.86 64.34 -2.81 0.14
Car 0.00 0 -2.93 204.73 184.39 272.31 208.78 1.47 1.65 3.57 -23.68 2.23 46.05 -3.41 0.12
Car 0.00 0 -3.70 1241.65 182.37 1241.00 226.67 1.45 1.63 4.05 25.09 1.80 25.41 -2.92 0.11
Car 0.00 0 -5.06 1021.53 207.93 1089.34 241.95 1.44 1.63 4.22 22.97 3.37 37.43 -4.51 0.11
