Car 0.00 0 -3.85 0.00 197.47 44.05 374.00 1.51 1.69 3.90 -5.95 1.74 4.58 -4.77 0.95
Car 0.00 0 -4.82 446.87 180.51 498.65 221.77 1.42 1.56 3.36 -5.29 1.73 27.34 -5.01 0.95
Car 0.00 0 -4.33 37.36 179.56 160.58 240.81 1.63 1.68 3.89 -15.24 1.85 21.69 -4.94 0.94
Car 0.00 0 -7.36 0.00 187.29 15.17 244.00 1.49 1.71 4.44 -20.81 1.99 22.49 -8.10 0.93
Car 0.00 0 -3.58 631.86 174.28 697.13 196.67 1.50 1.58 4.25 3.76 1.60 50.10 -3.51 0.90
Car 0.00 0 -7.38 0.00 184.10 99.03 240.92 1.54 1.68 4.19 -18.10 1.93 22.70 -8.05 0.90
Car 0.00 0 -5.47 338.38 182.16 424.95 213.25 1.41 1.59 4.23 -11.30 1.89 35.51 -5.78 0.87
Pedestrian 0.00 0 -2.65 682.88 167.67 714.59 217.37 1.83 0.67 0.98 3.29 1.64 27.09 -2.53 0.71
Car 0.00 0 -7.32 79.85 187.21 214.18 244.70 1.36 1.51 3.53 -12.57 1.79 19.78 -7.89 0.68
Car 0.00 0 -3.76 523.45 176.46 593.88 200.56 1.48 1.68 4.41 -3.33 1.72 46.84 -3.84 0.61
Pedestrian 0.00 0 -4.26 1007.57 155.92 1061.78 260.05 1.75 0.53 0.77 7.33 1.46 12.53 -3.73 0.55
Car 0.00 0 -7.87 538.40 177.94 571.49 208.19 1.48 1.65 4.17 -2.99 1.76 38.13 -7.95 0.24
Cyclist 0.00 0 -8.12 734.89 170.89 759.21 218.71 1.70 0.45 1.68 4.97 1.63 26.45 -7.93 0.16
Car 0.00 0 -2.26 0.00 191.19 45.51 301.38 1.48 1.60 3.86 -11.15 1.79 11.00 -3.06 0.16
Cyclist 0.00 0 -8.94 1069.47 161.97 1133.47 216.58 1.65 0.43 1.64 15.32 1.32 22.60 -8.35 0.15
Car 0.00 0 -5.87 485.91 180.76 538.28 200.83 1.62 1.61 4.06 -8.25 2.30 60.67 -6.01 0.13
Pedestrian 0.00 0 -8.00 1000.64 157.06 1026.64 209.85 1.84 0.74 0.49 14.21 1.29 25.48 -7.49 0.12
Pedestrian 0.00 0 -7.88 830.98 164.03 852.85 218.83 1.91 0.72 0.87 8.21 1.61 25.72 -7.57 0.11
Cyclist 0.00 0 -4.50 273.17 172.08 301.60 227.65 1.79 0.54 1.60 -10.78 1.76 24.04 -4.92 0.11
Pedestrian 0.00 0 -6.37 594.78 172.09 608.21 194.19 1.86 0.45 1.10 -0.74 1.79 60.84 -6.38 0.11
Pedestrian 0.00 0 -8.06 1058.33 156.14 1086.40 210.74 1.89 0.71 0.66 16.23 1.31 25.41 -7.49 0.11
