Car 0.00 0 -7.85 717.73 178.72 770.85 231.07 1.61 1.66 4.46 4.61 1.83 25.08 -7.67 0.95
Car 0.00 0 -4.00 19.14 180.68 332.64 309.99 1.50 1.61 4.27 -6.19 1.64 10.90 -4.52 0.94
Car 0.00 0 -4.47 558.31 180.66 613.75 215.08 1.48 1.70 4.17 -1.11 1.88 34.32 -4.51 0.93
Car 0.00 0 -4.40 469.28 179.50 557.65 228.58 1.50 1.71 4.54 -3.28 1.76 25.13 -4.52 0.93
Car 0.00 0 -4.45 621.19 178.47 656.69 201.36 1.53 1.57 3.87 2.07 1.95 51.36 -4.41 0.57
Car 0.00 0 -7.57 656.75 178.19 690.04 200.22 1.62 1.65 3.59 4.94 2.05 56.11 -7.49 0.35
Cyclist 0.00 0 -8.07 1137.01 169.85 1160.87 217.38 1.64 0.34 1.62 19.17 1.54 25.74 -7.43 0.28
Car 0.00 0 -4.46 636.61 178.00 668.50 199.83 1.64 1.63 3.75 3.38 2.06 57.24 -4.40 0.17
Car 0.00 0 -4.51 558.81 180.77 620.03 222.47 1.50 1.62 4.32 -0.79 1.84 29.09 -4.54 0.16
Car 0.00 0 -7.94 1120.74 159.55 1153.38 181.41 1.64 1.68 4.25 41.03 0.64 56.28 -7.31 0.16
Car 0.00 0 -4.46 595.69 181.62 640.16 209.67 1.50 1.63 4.14 0.48 2.04 42.18 -4.45 0.16
Pedestrian 0.00 0 -5.56 924.67 164.35 962.07 226.50 1.92 0.63 0.87 10.50 1.66 22.85 -5.13 0.12
Cyclist 0.00 0 -4.52 978.09 175.65 1000.53 219.46 1.64 0.49 1.45 14.56 1.75 27.76 -4.03 0.10
