Car 0.00 0 -8.24 768.87 182.31 1133.37 374.00 1.57 1.58 3.47 2.55 1.68 6.44 -7.87 0.95
Car 0.00 0 -4.25 88.03 185.54 358.34 332.76 1.56 1.64 3.86 -5.00 1.77 9.90 -4.71 0.95
Cyclist 0.00 0 -4.59 528.26 175.44 545.02 212.83 1.76 0.60 1.72 -3.57 1.88 34.87 -4.69 0.82
Car 0.00 0 -4.61 427.14 182.69 488.57 230.29 1.49 1.68 4.48 -5.39 1.87 25.82 -4.81 0.76
Car 0.00 0 -7.77 640.50 176.21 671.15 201.40 1.54 1.65 4.01 2.98 1.77 46.75 -7.71 0.74
Cyclist 0.00 0 -4.51 472.51 175.34 504.83 240.31 1.75 0.54 1.85 -3.47 1.83 20.47 -4.67 0.74
Car 0.00 0 -4.38 502.76 179.82 551.00 206.69 1.53 1.63 4.38 -5.10 1.98 44.54 -4.50 0.74
Cyclist 0.00 0 -4.67 502.13 175.62 523.64 237.26 1.71 0.55 1.87 -2.86 1.79 21.00 -4.81 0.58
Pedestrian 0.00 0 -4.95 699.48 165.37 720.64 212.24 2.00 0.68 1.05 4.30 1.68 31.33 -4.81 0.57
Car 0.00 0 -7.99 695.57 167.82 733.89 199.68 1.90 1.75 4.60 6.48 1.60 45.30 -7.85 0.23
Pedestrian 0.00 0 -7.96 1086.95 163.00 1159.53 313.56 1.67 0.62 0.72 5.94 1.56 8.46 -7.34 0.22
Pedestrian 0.00 0 -5.96 411.22 174.39 432.01 217.68 1.85 0.62 0.71 -8.16 1.91 31.12 -6.21 0.19
Car 0.00 0 -2.62 185.61 188.45 374.93 246.65 1.41 1.63 4.30 -8.67 1.84 19.03 -3.05 0.18
Car 0.00 0 -4.80 484.11 180.54 512.27 203.65 1.49 1.57 4.06 -7.81 2.04 49.99 -4.95 0.18
Cyclist 0.00 0 -7.58 632.10 174.38 641.58 196.43 1.65 0.34 1.46 2.02 1.77 54.92 -7.54 0.16
Pedestrian 0.00 0 -8.83 829.86 163.65 867.69 243.01 1.80 0.68 0.55 5.50 1.59 16.77 -8.51 0.15
Pedestrian 0.00 0 -3.19 412.58 176.02 429.86 217.13 1.79 0.57 0.71 -8.39 1.93 31.90 -3.44 0.13
Car 0.00 0 -7.80 653.29 172.54 677.63 194.42 1.65 1.67 4.22 4.37 1.63 56.75 -7.72 0.13
Car 0.00 0 -8.42 691.76 157.69 732.44 182.71 2.28 1.76 4.31 9.56 0.90 67.98 -8.28 0.11
Car 0.00 0 -6.63 695.57 176.09 780.11 206.08 1.52 1.66 4.06 6.66 1.69 37.94 -6.45 0.10
Cyclist 0.00 0 -8.15 840.78 170.41 886.30 252.47 1.62 0.42 1.66 5.24 1.58 15.12 -7.82 0.10
Pedestrian 0.00 0 -4.92 899.23 156.64 943.08 256.08 1.86 0.63 0.80 5.94 1.55 13.93 -4.51 0.10
