Car 0.00 0 -7.94 649.12 184.03 699.54 223.42 1.46 1.72 3.92 2.56 1.96 29.90 -7.86 0.96
Car 0.00 0 -2.58 36.71 182.42 307.08 287.45 1.53 1.59 3.35 -6.89 1.70 11.50 -3.12 0.95
Car 0.00 0 -5.85 130.19 181.98 399.10 265.63 1.52 1.64 4.47 -6.65 1.71 14.10 -6.29 0.90
Car 0.00 0 -6.10 414.54 185.68 520.46 220.19 1.43 1.62 4.31 -6.19 2.01 31.44 -6.30 0.78
Car 0.00 0 -6.10 322.27 186.57 482.94 238.61 1.47 1.69 4.47 -6.25 1.91 21.97 -6.37 0.74
Car 0.00 0 -2.66 240.91 185.21 434.18 254.64 1.48 1.55 3.91 -6.28 1.78 16.68 -3.02 0.71
Pedestrian 0.00 0 -7.28 236.96 170.74 258.87 207.49 1.82 0.65 0.80 -18.16 1.71 36.12 -7.74 0.43
Car 0.00 0 -3.26 641.29 178.63 695.75 198.39 1.58 1.64 4.28 4.74 2.06 59.10 -3.18 0.43
Car 0.00 0 -8.10 892.73 158.83 950.37 193.94 1.54 1.64 3.50 14.32 0.92 33.44 -7.70 0.42
Cyclist 0.00 0 -7.96 895.55 179.35 930.05 267.16 1.63 0.45 1.66 5.95 1.76 14.35 -7.57 0.32
Car 0.00 0 -3.18 488.35 181.42 552.52 206.06 1.59 1.70 4.20 -6.06 2.17 48.41 -3.30 0.31
Car 0.00 0 -3.05 474.20 180.48 545.23 207.14 1.58 1.65 4.17 -6.11 2.05 44.08 -3.19 0.27
Pedestrian 0.00 0 -5.60 295.56 170.07 314.01 200.42 1.84 0.60 0.85 -18.66 1.67 44.04 -6.00 0.22
Car 0.00 0 -5.84 374.52 187.78 489.19 231.33 1.49 1.58 3.80 -6.59 2.07 26.63 -6.09 0.21
Car 0.00 0 -2.94 364.02 183.55 475.84 226.04 1.63 1.58 4.12 -7.61 2.07 29.01 -3.20 0.19
Pedestrian 0.00 0 -1.77 0.00 153.55 1.83 248.84 1.97 0.68 1.01 -13.72 1.58 15.53 -2.49 0.17
Car 0.00 0 -3.23 682.85 182.18 758.12 210.00 1.46 1.57 3.92 5.93 1.98 39.26 -3.08 0.16
Pedestrian 0.00 0 -5.06 208.43 161.80 224.91 203.78 1.91 0.59 0.33 -18.15 1.41 33.22 -5.56 0.15
Pedestrian 0.00 0 -7.87 327.45 176.47 341.26 213.33 1.78 0.62 0.62 -13.57 1.96 35.40 -8.23 0.15
Pedestrian 0.00 0 -4.45 75.08 154.06 125.38 260.73 1.96 0.59 0.85 -9.77 1.62 13.78 -5.07 0.13
Car 0.00 0 -5.52 970.92 179.71 1111.55 235.81 1.45 1.58 3.33 12.35 1.67 20.97 -4.99 0.13
Pedestrian 0.00 0 -4.24 990.69 162.79 1038.57 246.53 1.91 0.67 0.86 9.49 1.68 17.01 -3.73 0.13
Car 0.00 0 -3.29 659.80 178.72 721.20 202.01 1.56 1.63 3.99 5.46 1.97 49.52 -3.18 0.10
