Pedestrian 0.00 0 -5.00 698.29 141.09 793.42 337.07 1.80 0.67 0.98 1.32 1.44 7.01 -4.81 0.83
Pedestrian 0.00 0 -5.33 792.95 139.82 891.31 327.28 1.79 0.56 0.85 2.35 1.40 7.23 -5.02 0.69
Pedestrian 0.00 0 -4.60 679.39 141.20 702.42 199.39 1.82 0.65 0.71 2.70 0.59 22.47 -4.48 0.62
Pedestrian 0.00 0 -4.83 573.67 145.28 608.57 245.77 1.67 0.52 0.66 -0.29 1.09 12.12 -4.85 0.58
Pedestrian 0.00 0 -5.89 553.24 136.38 603.63 237.59 1.78 0.59 0.75 -0.52 1.01 12.85 -5.93 0.57
Pedestrian 0.00 0 -7.02 592.22 137.41 636.94 213.73 1.81 0.64 0.90 0.20 0.79 17.34 -7.01 0.56
Pedestrian 0.00 0 -4.95 469.44 136.52 518.81 256.73 1.77 0.59 0.74 -1.75 1.12 10.83 -5.11 0.51
Pedestrian 0.00 0 -4.74 457.33 137.99 485.22 217.44 1.81 0.61 0.89 -3.18 0.84 16.57 -4.93 0.49
Pedestrian 0.00 0 -5.07 712.38 138.73 768.54 255.07 1.79 0.66 0.74 2.11 1.15 11.30 -4.88 0.48
Pedestrian 0.00 0 -5.46 761.71 137.54 822.42 250.87 1.76 0.58 0.77 2.97 1.09 11.43 -5.21 0.46
Pedestrian 0.00 0 -6.20 626.20 148.60 665.37 239.09 1.60 0.39 0.67 0.70 1.04 12.74 -6.14 0.44
Pedestrian 0.00 0 -3.40 517.46 138.67 553.38 215.90 1.81 0.55 0.74 -1.71 0.83 16.99 -3.50 0.43
Pedestrian 0.00 0 -3.44 383.52 143.41 411.88 196.31 1.80 0.67 0.79 -7.24 0.54 24.60 -3.72 0.42
Cyclist 0.00 0 -7.96 593.82 145.58 609.17 187.62 1.61 0.43 1.67 -0.17 0.27 27.86 -7.96 0.40
Pedestrian 0.00 0 -4.81 260.74 144.90 308.11 256.12 1.77 0.63 0.84 -5.39 1.20 11.77 -5.24 0.40
Pedestrian 0.00 0 -3.51 500.48 150.63 508.88 185.14 1.76 0.47 0.27 -5.16 0.24 36.28 -3.66 0.39
Pedestrian 0.00 0 -2.33 492.83 140.17 547.84 251.04 1.75 0.55 0.72 -1.43 1.11 11.57 -2.45 0.38
Pedestrian 0.00 0 -4.50 84.32 138.46 121.48 204.58 1.81 0.69 0.81 -14.09 0.66 19.81 -5.12 0.34
Pedestrian 0.00 0 -4.02 1103.43 177.82 1153.21 242.99 1.57 0.58 0.85 12.83 1.51 17.39 -3.38 0.33
Pedestrian 0.00 0 -4.60 609.44 138.89 655.74 256.33 1.75 0.64 0.75 0.39 1.13 10.97 -4.57 0.32
Car 0.00 0 -4.41 0.00 30.38 235.75 369.00 1.77 1.81 4.65 -3.05 1.57 3.47 -5.13 0.32
Pedestrian 0.00 0 -7.76 110.64 137.95 162.82 251.11 1.81 0.66 0.78 -7.83 1.13 11.77 -8.35 0.28
Pedestrian 0.00 0 -7.73 317.17 146.53 336.72 188.70 1.79 0.70 0.76 -12.01 0.35 30.49 -8.11 0.25
Pedestrian 0.00 0 -7.69 356.23 145.81 373.15 182.89 1.80 0.68 0.73 -11.83 0.12 34.77 -8.02 0.24
Pedestrian 0.00 0 -4.97 551.89 141.20 582.47 215.67 1.76 0.57 0.73 -0.96 0.83 17.10 -5.03 0.22
Pedestrian 0.00 0 -5.13 169.56 143.44 202.64 207.52 1.74 0.65 0.49 -11.66 0.74 19.63 -5.67 0.20
Cyclist 0.00 0 -4.18 226.04 150.87 283.47 220.51 1.63 0.56 1.53 -8.59 0.94 17.32 -4.64 0.20
Car 0.00 0 -7.93 360.87 147.60 396.04 175.74 1.48 1.61 3.84 -12.88 -0.28 40.06 -8.24 0.17
Cyclist 0.00 0 -7.00 355.92 149.70 431.46 225.57 1.59 0.57 1.64 -4.70 0.95 15.67 -7.29 0.17
Car 0.00 0 -6.12 29.69 147.43 143.29 182.69 1.63 1.66 4.24 -25.10 0.10 34.39 -6.75 0.17
Pedestrian 0.00 0 -7.47 385.57 155.72 420.77 222.07 1.55 0.68 0.48 -4.82 0.97 16.77 -7.75 0.16
Cyclist 0.00 0 -3.92 248.79 148.74 289.84 191.37 1.66 0.54 1.57 -13.47 0.42 28.35 -4.37 0.15
Cyclist 0.00 0 -7.28 307.90 146.53 371.03 222.57 1.62 0.52 1.66 -5.98 0.90 15.91 -7.64 0.15
Car 0.00 0 -7.73 246.75 139.43 289.70 169.70 1.49 1.62 4.00 -18.25 -0.62 38.42 -8.17 0.14
Car 0.00 0 -7.79 377.47 146.56 415.19 177.35 1.48 1.61 3.99 -10.74 -0.17 36.55 -8.07 0.14
Pedestrian 0.00 0 -7.79 68.36 142.21 98.64 202.19 1.71 0.67 0.66 -15.24 0.62 20.63 -8.42 0.14
Pedestrian 0.00 0 -7.94 504.79 143.36 517.43 176.45 1.86 0.66 0.63 -5.34 -0.23 40.16 -8.08 0.14
Pedestrian 0.00 0 -1.96 22.54 158.80 42.39 202.18 1.67 0.52 0.31 -22.37 0.84 27.59 -2.65 0.14
Car 0.00 0 -7.05 279.03 154.27 415.39 211.05 1.42 1.51 3.47 -7.03 0.76 19.52 -7.40 0.13
Pedestrian 0.00 0 -4.92 520.83 144.17 534.81 176.44 1.82 0.67 0.67 -4.43 -0.23 40.49 -5.03 0.13
Pedestrian 0.00 0 -4.31 548.50 143.82 570.29 187.99 1.76 0.64 0.76 -1.87 0.30 28.66 -4.37 0.12
Pedestrian 0.00 0 -6.00 253.23 143.52 267.01 182.40 1.82 0.55 0.45 -16.30 0.09 33.37 -6.46 0.12
Car 0.00 0 -4.61 380.42 145.25 410.04 168.80 1.59 1.69 4.18 -15.41 -0.90 52.13 -4.90 0.12
Pedestrian 0.00 0 -8.05 478.97 144.12 492.60 177.97 1.88 0.63 0.71 -6.72 -0.14 39.80 -8.21 0.11
Cyclist 0.00 0 -4.15 332.52 146.83 366.28 186.95 1.70 0.55 1.72 -11.16 0.27 30.86 -4.49 0.11
Pedestrian 0.00 0 -4.85 414.15 145.40 430.27 182.80 1.85 0.69 0.75 -9.20 0.12 35.53 -5.10 0.11
Cyclist 0.00 0 -7.71 311.92 146.67 327.41 182.49 1.67 0.44 1.71 -13.70 0.09 33.94 -8.09 0.11
Pedestrian 0.00 0 -3.35 304.56 165.67 344.55 254.03 1.41 0.49 0.52 -4.65 1.17 11.61 -3.73 0.10
