Car 0.00 0 -4.08 0.00 182.71 134.65 346.73 1.66 1.69 4.47 -8.73 1.83 9.90 -4.80 0.88
Car 0.00 0 -4.36 311.27 187.28 395.22 229.54 1.42 1.68 4.19 -9.80 2.01 27.75 -4.69 0.83
Car 0.00 0 -4.47 401.19 183.18 446.46 211.87 1.48 1.65 3.53 -10.36 2.08 40.24 -4.72 0.82
Car 0.00 0 -7.91 494.77 177.05 519.21 200.24 1.65 1.61 3.88 -7.80 1.98 54.24 -8.05 0.32
Car 0.00 0 -7.71 920.08 182.62 967.31 215.25 1.53 1.64 4.12 17.21 2.06 37.20 -7.28 0.26
Car 0.00 0 -7.95 582.15 178.11 602.95 193.99 1.44 1.61 4.06 -1.71 1.95 68.79 -7.97 0.25
Car 0.00 0 -4.52 892.59 176.27 931.21 202.14 1.73 1.78 4.15 21.40 1.99 51.12 -4.13 0.20
Pedestrian 0.00 0 -3.87 1154.58 160.66 1232.85 283.61 1.76 0.66 0.62 8.57 1.59 10.68 -3.19 0.17
Car 0.00 0 -4.82 382.40 179.87 413.57 204.06 1.50 1.57 3.90 -14.22 1.99 48.19 -5.11 0.16
Cyclist 0.00 0 -4.83 971.22 187.12 989.37 226.19 1.61 0.52 1.57 15.91 2.24 31.10 -4.35 0.13
Pedestrian 0.00 0 -3.79 1017.07 156.18 1081.70 255.11 1.90 0.66 0.86 8.58 1.58 14.20 -3.25 0.12
Car 0.00 0 -7.01 0.00 196.76 40.07 242.88 1.49 1.68 3.89 -24.29 2.47 27.51 -7.73 0.12
