Car 0.00 0 -4.47 354.33 184.63 487.82 265.21 1.42 1.71 4.54 -3.93 1.71 15.61 -4.71 0.96
Car 0.00 0 -7.39 0.00 177.16 388.77 374.00 1.63 1.62 3.98 -3.21 1.68 5.87 -7.89 0.96
Car 0.00 0 -8.06 690.01 178.08 800.50 259.83 1.44 1.54 3.24 2.56 1.56 14.60 -7.88 0.95
Car 0.00 0 -7.93 649.00 175.98 704.79 222.62 1.49 1.61 4.17 2.23 1.61 25.37 -7.84 0.93
Car 0.00 0 -8.20 798.09 186.41 1196.51 374.00 1.42 1.64 4.25 2.92 1.58 6.66 -7.78 0.92
Car 0.00 0 -2.98 408.18 174.32 508.04 215.16 1.77 1.76 4.16 -6.78 1.84 32.34 -3.19 0.86
Pedestrian 0.00 0 -8.06 450.97 176.90 476.96 228.84 1.64 0.73 0.50 -4.76 1.78 23.28 -8.26 0.41
Pedestrian 0.00 0 -3.49 863.91 157.78 913.29 246.28 1.78 0.67 0.76 5.67 1.48 14.84 -3.12 0.31
Car 0.00 0 -8.09 631.45 168.36 693.29 212.13 1.77 1.71 4.24 2.15 1.58 31.34 -8.02 0.17
Pedestrian 0.00 0 -7.49 625.94 171.56 645.31 204.27 1.73 0.73 0.99 1.34 1.66 38.66 -7.45 0.17
Car 0.00 0 -8.41 1049.12 174.26 1241.00 338.23 1.47 1.59 3.97 6.97 1.49 8.57 -7.73 0.16
Car 0.00 0 -4.67 542.83 176.42 561.98 194.06 1.62 1.66 3.86 -5.51 1.98 69.16 -4.75 0.15
Cyclist 0.00 0 -4.28 299.23 170.87 349.12 246.78 1.80 0.51 1.64 -7.12 1.75 17.92 -4.66 0.14
Cyclist 0.00 0 -4.43 124.21 161.15 188.62 261.35 1.96 0.71 1.62 -9.42 1.73 14.96 -4.99 0.14
Pedestrian 0.00 0 -8.15 1232.15 142.48 1241.00 232.07 1.75 0.67 0.84 13.10 1.15 14.58 -7.41 0.13
Cyclist 0.00 0 -8.21 876.20 155.37 911.01 213.41 1.77 0.46 1.70 8.90 1.23 22.81 -7.84 0.13
Car 0.00 0 -4.13 231.11 175.14 353.25 230.05 1.63 1.70 4.12 -10.37 1.72 23.81 -4.54 0.12
Pedestrian 0.00 0 -7.96 813.34 163.89 831.66 207.97 1.71 0.63 0.56 8.30 1.36 28.33 -7.68 0.11
Pedestrian 0.00 0 -6.76 617.55 173.21 628.45 193.96 1.77 0.55 0.77 1.10 1.81 62.13 -6.74 0.11
