Car 0.00 0 -2.81 261.10 178.97 472.24 246.06 1.45 1.62 4.29 -5.51 1.59 16.53 -3.13 0.95
Car 0.00 0 -4.56 496.15 163.05 577.37 238.75 1.94 1.68 4.20 -2.02 1.69 20.60 -4.66 0.94
Car 0.00 0 -8.00 704.07 168.66 785.23 240.00 1.79 1.65 3.83 3.59 1.69 20.06 -7.82 0.92
Car 0.00 0 -4.63 557.57 177.11 605.19 216.88 1.47 1.58 4.14 -1.13 1.65 29.16 -4.67 0.80
Car 0.00 0 -4.60 588.58 171.58 626.09 202.53 1.65 1.67 3.94 -0.14 1.58 40.50 -4.60 0.48
Car 0.00 0 -8.00 617.26 170.82 648.64 193.75 1.60 1.68 4.13 1.60 1.46 52.39 -7.97 0.33
Car 0.00 0 -4.60 572.44 171.49 615.96 208.51 1.70 1.67 4.28 -0.75 1.64 35.32 -4.62 0.30
Pedestrian 0.00 0 -3.10 837.84 164.72 890.97 256.18 1.86 0.58 1.03 5.27 1.69 15.09 -2.77 0.30
Car 0.00 0 -5.72 1197.67 205.11 1241.00 374.00 1.44 1.66 4.38 5.85 1.72 3.98 -4.75 0.15
Pedestrian 0.00 0 -4.31 998.01 163.61 1075.04 314.38 1.79 0.61 0.68 5.27 1.68 9.00 -3.78 0.11
Pedestrian 0.00 0 -4.63 894.45 157.78 923.96 234.75 1.91 0.63 0.86 7.58 1.53 18.39 -4.23 0.11
Cyclist 0.00 0 -7.92 780.09 172.87 795.94 218.66 1.74 0.49 1.58 6.93 1.75 28.31 -7.68 0.11
