Car 0.00 0 -7.34 0.00 194.01 340.93 375.00 1.46 1.59 3.84 -4.42 1.58 7.71 -7.86 0.97
Car 0.00 0 -7.50 292.86 182.52 431.92 262.05 1.51 1.60 3.86 -5.18 1.46 15.57 -7.82 0.96
Car 0.00 0 -7.86 574.57 175.81 612.48 211.30 1.52 1.62 3.23 -0.68 1.12 32.43 -7.88 0.83
Car 0.00 0 -7.43 216.22 184.61 316.17 227.67 1.39 1.56 4.28 -11.95 1.37 25.38 -7.87 0.83
Car 0.00 0 -7.33 106.95 186.46 278.69 263.41 1.47 1.56 3.76 -8.89 1.50 15.70 -7.85 0.74
Car 0.00 0 -7.59 374.10 182.07 431.46 215.05 1.37 1.54 3.62 -8.98 1.24 31.62 -7.87 0.53
Car 0.00 0 -7.70 506.23 175.46 542.77 203.22 1.58 1.62 3.79 -4.95 1.03 42.88 -7.82 0.51
Car 0.00 0 -7.59 319.90 174.60 398.15 224.38 1.60 1.64 3.74 -8.57 1.26 24.95 -7.92 0.40
Car 0.00 0 -7.80 536.02 170.16 557.96 196.86 2.38 1.80 4.38 -5.58 1.04 66.37 -7.89 0.25
Car 0.00 0 -7.99 302.85 171.13 337.71 196.98 1.48 1.51 3.35 -17.27 0.68 43.05 -8.37 0.23
Car 0.00 0 -2.83 349.11 180.73 442.73 210.20 1.42 1.61 4.14 -10.44 1.20 35.49 -3.12 0.22
Pedestrian 0.00 0 -8.09 736.07 168.71 755.67 211.45 1.82 0.73 0.51 5.89 1.12 30.87 -7.90 0.20
Car 0.00 0 -7.75 415.67 174.13 452.93 206.87 1.70 1.59 3.79 -9.46 1.12 39.29 -7.98 0.16
Cyclist 0.00 0 -8.09 673.14 176.47 685.53 202.87 1.61 0.41 1.57 4.41 1.08 44.61 -7.99 0.15
Pedestrian 0.00 0 -4.37 688.97 194.26 710.86 241.00 1.22 0.43 0.53 2.43 1.47 19.27 -4.25 0.14
Pedestrian 0.00 0 -1.77 75.18 177.29 105.10 235.43 1.79 0.63 0.69 -16.28 1.54 22.55 -2.40 0.13
