Car 0.00 0 -8.08 589.79 182.96 657.03 231.38 1.47 1.56 3.35 0.34 1.84 24.46 -8.06 0.96
Car 0.00 0 -8.31 700.65 182.60 940.30 328.84 1.56 1.70 3.48 2.56 1.72 9.83 -8.06 0.95
Cyclist 0.00 0 -4.36 211.83 179.79 350.02 374.00 1.73 0.56 2.01 -3.17 1.81 7.04 -4.78 0.77
Car 0.00 0 -3.75 530.70 181.96 604.21 209.82 1.42 1.56 3.84 -2.35 1.94 39.67 -3.81 0.74
Car 0.00 0 -7.17 767.63 179.03 822.78 205.58 1.47 1.45 3.15 10.79 1.84 42.11 -6.92 0.72
Car 0.00 0 -7.10 646.57 180.41 726.09 212.88 1.50 1.64 4.03 3.83 1.90 36.16 -6.99 0.71
Car 0.00 0 -7.20 708.75 177.41 779.25 207.90 1.55 1.68 4.01 7.29 1.81 39.25 -7.02 0.70
Car 0.00 0 -7.78 911.17 177.71 950.73 207.28 1.46 1.62 4.18 17.13 1.73 38.49 -7.36 0.52
Car 0.00 0 -7.34 807.16 173.73 864.80 202.24 1.70 1.69 3.98 14.13 1.76 45.12 -7.03 0.35
Car 0.00 0 -4.44 887.31 175.17 929.96 199.26 1.66 1.74 4.45 21.73 1.84 52.49 -4.05 0.31
Car 0.00 0 -4.73 925.17 177.76 958.11 206.23 1.56 1.66 4.44 19.49 1.86 42.59 -4.30 0.23
Car 0.00 0 -4.45 623.36 178.67 664.91 205.16 1.52 1.56 4.00 2.12 1.89 44.41 -4.40 0.21
Pedestrian 0.00 0 -5.46 346.84 176.56 363.90 207.01 1.78 0.70 0.64 -15.12 2.00 42.75 -5.80 0.20
Cyclist 0.00 0 -5.41 447.15 176.63 474.15 207.33 1.78 0.55 1.78 -8.91 2.01 42.85 -5.61 0.14
Car 0.00 0 -4.54 749.61 178.69 842.55 246.03 1.54 1.65 4.35 5.01 1.71 19.18 -4.28 0.14
Car 0.00 0 -6.60 437.61 178.07 508.24 204.36 1.57 1.68 4.05 -8.65 1.91 45.42 -6.79 0.10
