Car 0.00 0 -7.15 0.00 189.57 138.87 354.64 1.48 1.62 3.92 -7.66 1.54 8.52 -7.88 0.93
Car 0.00 0 -7.88 582.29 177.12 619.37 211.72 1.54 1.62 3.17 -0.40 1.18 33.54 -7.90 0.85
Car 0.00 0 -7.25 0.00 181.31 182.80 256.11 1.45 1.58 3.76 -11.27 1.37 15.80 -7.87 0.81
Cyclist 0.00 0 -7.82 660.79 181.30 673.12 226.59 1.54 0.38 1.53 2.04 1.40 25.16 -7.74 0.42
Car 0.00 0 -7.66 630.15 173.58 666.10 199.28 1.59 1.61 3.94 2.64 0.87 46.59 -7.61 0.34
Car 0.00 0 -7.60 482.21 180.10 543.75 218.08 1.49 1.62 3.99 -3.95 1.29 30.32 -7.73 0.26
Pedestrian 0.00 0 -5.35 433.08 175.16 454.41 212.28 1.74 0.74 0.65 -7.82 1.27 34.11 -5.58 0.23
Pedestrian 0.00 0 -8.13 219.59 179.40 322.32 375.00 1.69 0.61 0.91 -3.12 1.64 6.52 -8.58 0.19
Cyclist 0.00 0 -3.67 835.23 152.97 1011.30 307.50 1.77 0.68 1.87 3.74 1.41 8.70 -3.26 0.18
Pedestrian 0.00 0 -7.76 701.71 171.81 719.72 215.11 1.78 0.68 0.67 4.26 1.23 29.98 -7.61 0.17
Pedestrian 0.00 0 -6.81 86.36 172.06 224.87 375.00 1.71 0.63 0.85 -4.07 1.61 6.42 -7.38 0.15
Pedestrian 0.00 0 -4.09 1038.44 157.20 1164.26 354.17 1.74 0.59 0.85 4.58 1.49 6.76 -3.49 0.14
Pedestrian 0.00 0 -3.37 562.46 173.53 573.30 198.79 1.75 0.56 0.64 -2.80 0.94 50.10 -3.43 0.13
Pedestrian 0.00 0 -3.90 740.95 167.56 775.33 243.89 1.83 0.56 0.61 3.65 1.41 17.66 -3.69 0.13
Pedestrian 0.00 0 -4.67 446.31 170.41 467.03 230.18 1.79 0.59 0.92 -4.66 1.35 21.99 -4.88 0.12
Pedestrian 0.00 0 -5.23 389.55 177.40 413.73 227.04 1.69 0.62 0.53 -7.17 1.42 24.86 -5.51 0.11
Pedestrian 0.00 0 -6.49 1010.09 146.75 1127.22 324.94 1.82 0.56 0.96 4.89 1.43 7.75 -5.93 0.10
Car 0.00 0 -7.57 667.16 171.65 709.24 199.25 1.64 1.63 3.70 5.02 0.83 44.70 -7.46 0.10
