Car 0.00 0 -7.70 478.63 186.32 571.29 251.44 1.35 1.65 4.38 -2.05 1.73 18.13 -7.81 0.94
Car 0.00 0 -8.63 957.57 163.10 1241.00 374.00 1.53 1.66 4.44 3.39 1.51 3.29 -7.83 0.88
Car 0.00 0 -7.94 684.15 175.66 729.14 213.11 1.51 1.60 4.01 4.11 1.64 31.43 -7.81 0.84
Car 0.00 0 -7.78 535.09 180.69 587.23 224.48 1.46 1.62 4.10 -1.78 1.77 26.79 -7.84 0.81
Car 0.00 0 -8.03 705.21 176.93 798.07 242.18 1.52 1.67 4.19 3.58 1.64 19.17 -7.85 0.56
Car 0.00 0 -8.09 656.31 175.43 692.93 200.35 1.60 1.61 3.88 4.29 1.78 48.80 -8.00 0.48
Pedestrian 0.00 0 -4.48 861.39 148.63 926.33 284.69 1.79 0.66 0.88 3.90 1.47 10.03 -4.10 0.36
Pedestrian 0.00 0 -7.93 902.96 156.68 924.98 209.86 1.86 0.67 0.60 10.75 1.29 25.63 -7.54 0.25
Pedestrian 0.00 0 -3.56 582.07 173.67 595.84 200.02 1.84 0.52 0.83 -1.51 1.90 50.94 -3.59 0.24
Pedestrian 0.00 0 -3.63 892.08 160.63 938.98 245.60 1.70 0.52 0.72 6.18 1.46 14.74 -3.23 0.22
Pedestrian 0.00 0 -6.56 782.69 157.35 825.85 253.05 1.79 0.65 0.64 3.66 1.50 13.82 -6.30 0.20
Pedestrian 0.00 0 -4.48 1026.43 146.78 1076.92 262.40 1.79 0.55 0.68 7.04 1.38 11.59 -3.94 0.18
Pedestrian 0.00 0 -8.07 467.64 170.08 492.37 227.92 1.87 0.61 0.95 -4.35 1.78 23.85 -8.25 0.18
Cyclist 0.00 0 -5.86 258.92 186.83 366.68 275.06 1.56 0.63 1.72 -5.49 1.83 13.25 -6.25 0.14
Pedestrian 0.00 0 -3.71 888.16 154.08 929.35 237.97 1.84 0.60 0.63 6.65 1.43 16.20 -3.32 0.14
Pedestrian 0.00 0 -8.19 817.67 158.58 873.79 275.25 1.66 0.59 0.66 3.40 1.46 10.59 -7.88 0.11
Pedestrian 0.00 0 -3.07 877.32 171.06 928.19 274.84 1.48 0.43 0.67 4.25 1.45 10.59 -2.69 0.11
Pedestrian 0.00 0 -5.69 0.00 143.12 101.98 374.00 1.84 0.65 0.88 -4.56 1.63 5.45 -6.39 0.11
Pedestrian 0.00 0 -4.01 116.79 163.68 174.70 260.47 1.84 0.55 0.83 -9.15 1.67 14.17 -4.58 0.11
Pedestrian 0.00 0 -3.29 1101.59 154.73 1158.01 262.57 1.64 0.51 0.65 8.11 1.37 11.35 -2.67 0.10
Car 0.00 0 -4.89 686.09 170.83 711.55 188.50 1.66 1.69 4.29 8.55 1.47 69.86 -4.77 0.10
