Car 0.00 0 -4.54 463.94 193.89 530.58 248.03 1.54 1.57 3.49 -3.66 2.28 23.64 -4.69 0.96
Car 0.00 0 -7.84 645.35 186.63 672.65 216.59 1.63 1.55 3.51 2.90 2.49 42.81 -7.77 0.46
Car 0.00 0 -1.80 0.00 197.03 131.70 374.00 1.44 1.53 3.93 -6.30 1.72 6.77 -2.55 0.42
Car 0.00 0 -4.92 697.39 190.22 768.11 237.80 1.50 1.69 4.27 4.36 2.19 26.47 -4.76 0.36
Cyclist 0.00 0 -4.98 867.19 183.88 965.51 351.12 1.71 0.59 1.72 3.44 1.85 8.37 -4.60 0.35
Car 0.00 0 -2.70 247.71 199.74 438.14 265.81 1.51 1.72 4.21 -6.75 2.23 18.35 -3.05 0.28
Pedestrian 0.00 0 -7.79 1139.74 188.65 1209.89 314.47 1.58 0.70 0.65 7.50 1.80 9.65 -7.13 0.25
Pedestrian 0.00 0 -5.99 533.40 184.01 546.52 216.30 1.94 0.70 0.62 -4.30 2.62 43.96 -6.09 0.23
Pedestrian 0.00 0 -3.58 656.90 174.39 669.20 197.83 1.82 0.59 0.79 4.13 1.94 56.57 -3.51 0.22
Pedestrian 0.00 0 -5.95 539.93 185.33 552.48 213.98 1.87 0.67 0.65 -4.26 2.71 47.87 -6.04 0.20
Pedestrian 0.00 0 -4.41 743.02 185.67 775.57 253.47 1.66 0.61 0.77 3.75 2.00 18.35 -4.21 0.20
Pedestrian 0.00 0 -5.70 687.49 167.59 707.09 213.58 1.92 0.67 0.54 3.65 1.70 30.49 -5.58 0.19
Car 0.00 0 -4.75 1113.76 181.43 1146.45 210.64 1.79 1.60 3.91 34.24 2.39 47.60 -4.13 0.18
Car 0.00 0 -4.35 1092.44 196.52 1138.87 219.50 1.50 1.55 3.71 36.54 3.26 52.16 -3.74 0.16
Pedestrian 0.00 0 -7.99 99.77 160.75 162.96 311.24 1.91 0.59 0.86 -6.49 1.76 9.69 -8.58 0.16
Pedestrian 0.00 0 -6.11 1170.65 167.37 1177.53 211.80 1.80 0.42 0.15 22.95 1.58 29.41 -5.44 0.15
Pedestrian 0.00 0 -4.21 1141.89 155.91 1173.36 204.53 1.75 0.71 0.61 20.02 1.14 26.44 -3.56 0.15
Pedestrian 0.00 0 -5.07 208.16 177.42 266.18 289.52 1.83 0.65 0.76 -6.41 1.91 12.29 -5.55 0.14
Pedestrian 0.00 0 -5.75 779.91 173.25 845.78 285.00 1.82 0.61 0.89 3.40 1.83 12.29 -5.48 0.13
Pedestrian 0.00 0 -3.42 1138.03 210.28 1241.00 374.00 1.57 0.58 0.58 3.00 1.78 3.59 -2.72 0.12
Pedestrian 0.00 0 -6.57 1171.25 151.20 1196.91 204.35 1.88 0.69 0.55 20.64 1.12 26.00 -5.90 0.12
Pedestrian 0.00 0 -3.51 705.25 175.81 739.04 237.94 1.91 0.64 0.88 3.47 2.01 22.66 -3.35 0.11
Pedestrian 0.00 0 -5.11 1223.74 218.52 1241.00 339.04 1.25 0.43 0.54 7.18 1.78 8.04 -4.38 0.10
Pedestrian 0.00 0 -4.88 721.01 176.73 749.49 248.09 1.90 0.61 0.98 3.37 2.01 19.73 -4.71 0.10
Cyclist 0.00 0 -7.93 845.64 163.83 894.12 300.40 1.94 0.56 1.77 3.95 1.82 11.20 -7.59 0.10
