Car 0.00 0 -8.07 644.29 173.10 705.78 219.86 1.51 1.45 3.23 2.14 1.52 24.95 -7.98 0.97
Car 0.00 0 -7.59 0.00 196.24 96.03 262.88 1.44 1.55 3.59 -14.91 2.12 18.90 -8.26 0.96
Car 0.00 0 -7.87 429.97 182.48 474.95 223.93 1.42 1.57 3.66 -6.09 1.81 27.52 -8.09 0.90
Car 0.00 0 -8.01 568.92 176.46 604.28 202.16 1.47 1.61 3.62 -1.50 1.70 43.86 -8.04 0.89
Car 0.00 0 -4.95 694.57 176.57 806.97 252.95 1.45 1.52 3.79 2.90 1.54 15.83 -4.77 0.83
Car 0.00 0 -8.10 727.63 153.12 927.64 305.26 1.82 1.70 4.49 2.91 1.58 10.87 -7.84 0.78
Cyclist 0.00 0 -4.77 502.77 173.54 517.69 211.43 1.74 0.60 1.75 -4.76 1.77 34.09 -4.90 0.69
Car 0.00 0 -8.10 608.88 172.14 662.00 210.28 1.58 1.53 3.43 1.02 1.55 31.72 -8.07 0.58
Car 0.00 0 -4.75 424.76 172.96 446.30 194.58 1.77 1.61 3.92 -14.82 1.78 61.10 -4.99 0.52
Car 0.00 0 -7.95 548.67 175.29 574.71 197.15 1.57 1.60 3.63 -3.67 1.75 54.01 -8.02 0.52
Car 0.00 0 -7.92 431.91 179.60 473.44 214.39 1.50 1.66 3.73 -7.48 1.84 33.94 -8.14 0.50
Car 0.00 0 -7.92 531.03 176.02 550.10 192.40 1.51 1.57 3.50 -6.67 1.82 68.90 -8.02 0.43
Cyclist 0.00 0 -4.73 482.76 173.15 498.05 214.93 1.80 0.64 1.75 -5.36 1.82 32.04 -4.90 0.32
Car 0.00 0 -7.76 452.11 180.07 480.53 203.21 1.46 1.54 3.69 -9.67 1.96 48.59 -7.96 0.22
Car 0.00 0 -6.60 638.75 172.88 703.93 200.02 1.61 1.61 3.65 3.70 1.61 44.07 -6.52 0.17
Car 0.00 0 -4.63 477.49 179.35 505.06 202.47 1.46 1.55 3.65 -7.99 1.92 48.60 -4.80 0.16
Pedestrian 0.00 0 -5.79 827.29 149.54 955.42 374.00 1.79 0.59 0.71 2.07 1.63 5.47 -5.43 0.13
Car 0.00 0 -7.93 123.06 193.20 207.26 259.21 1.45 1.61 4.16 -12.07 2.06 19.38 -8.48 0.12
Pedestrian 0.00 0 -4.66 233.23 200.85 251.71 250.29 1.22 0.40 0.44 -9.44 1.95 18.44 -5.14 0.11
Car 0.00 0 -4.47 363.72 177.08 412.65 208.74 1.61 1.67 3.85 -12.04 1.86 39.28 -4.77 0.10
