Car 0.00 0 -8.07 669.31 177.42 811.29 284.73 1.66 1.68 3.94 2.18 1.54 13.12 -7.90 0.97
Car 0.00 0 -7.68 388.13 186.31 461.75 235.45 1.39 1.58 3.96 -5.65 1.43 22.44 -7.93 0.96
Car 0.00 0 -7.87 538.59 181.00 581.21 220.69 1.53 1.65 3.50 -2.04 1.37 29.56 -7.94 0.96
Car 0.00 0 -7.33 0.00 193.73 276.59 375.00 1.51 1.59 3.52 -4.81 1.62 7.07 -7.93 0.96
Car 0.00 0 -7.62 300.08 189.11 413.15 261.85 1.41 1.57 3.53 -5.47 1.51 15.94 -7.95 0.95
Car 0.00 0 -7.98 576.52 180.72 603.11 201.75 1.58 1.62 3.50 -1.44 1.24 55.69 -8.01 0.82
Car 0.00 0 -7.72 529.04 183.98 566.49 211.27 1.41 1.57 3.40 -3.23 1.35 38.84 -7.80 0.70
Car 0.00 0 -7.70 461.55 182.38 497.78 207.88 1.45 1.55 3.83 -7.59 1.29 42.70 -7.88 0.70
Car 0.00 0 -7.17 0.00 170.94 136.62 309.14 1.70 1.65 3.98 -9.24 1.52 10.82 -7.88 0.68
Car 0.00 0 -7.72 418.21 179.98 474.90 220.44 1.59 1.74 4.61 -6.79 1.38 30.54 -7.94 0.67
Car 0.00 0 -7.43 169.50 172.55 312.98 246.46 1.81 1.74 4.72 -10.01 1.50 20.00 -7.89 0.49
Car 0.00 0 -4.68 476.87 177.96 501.36 201.69 1.64 1.63 3.90 -8.52 1.14 51.72 -4.85 0.38
Pedestrian 0.00 0 -6.15 383.66 176.18 402.49 210.11 1.75 0.57 0.87 -11.20 1.29 37.42 -6.44 0.34
Car 0.00 0 -4.45 324.28 182.63 388.41 222.87 1.51 1.55 3.53 -10.00 1.41 28.73 -4.78 0.32
Cyclist 0.00 0 -8.22 703.99 168.66 725.98 204.47 1.84 0.51 1.87 5.61 0.99 37.92 -8.07 0.19
Cyclist 0.00 0 -4.95 759.93 179.22 780.79 219.53 1.62 0.51 1.47 6.67 1.38 29.69 -4.73 0.15
Car 0.00 0 -8.05 610.59 182.22 664.50 218.78 1.49 1.59 3.93 1.19 1.37 31.30 -8.01 0.11
Cyclist 0.00 0 -7.94 402.41 177.45 415.15 207.88 1.69 0.55 1.73 -11.34 1.26 40.83 -8.21 0.10
Cyclist 0.00 0 -7.96 639.47 181.22 648.55 209.06 1.60 0.36 1.53 2.09 1.37 42.03 -7.92 0.10
