Car 0.00 0 -7.21 0.00 191.95 193.65 311.30 1.46 1.60 4.10 -8.39 1.58 11.05 -7.86 0.97
Car 0.00 0 -7.48 224.83 189.23 410.13 292.09 1.44 1.60 3.73 -4.69 1.52 12.07 -7.85 0.97
Car 0.00 0 -7.85 579.06 174.76 635.42 226.69 1.58 1.71 3.29 -0.05 1.26 23.45 -7.85 0.95
Car 0.00 0 -7.11 0.00 186.88 67.49 281.84 1.57 1.63 3.94 -12.79 1.60 13.89 -7.85 0.94
Car 0.00 0 -7.75 497.22 175.63 539.20 209.56 1.52 1.57 3.94 -4.23 1.09 34.13 -7.87 0.81
Car 0.00 0 -7.57 320.18 182.16 400.08 228.49 1.47 1.59 3.87 -8.47 1.37 24.79 -7.90 0.50
Car 0.00 0 -7.71 381.54 179.90 428.50 214.10 1.42 1.51 3.48 -8.92 1.20 31.71 -7.98 0.46
Car 0.00 0 -7.48 288.89 181.41 355.89 214.29 1.43 1.62 3.69 -13.08 1.26 33.07 -7.85 0.37
Car 0.00 0 -7.84 515.26 175.62 540.95 200.01 1.53 1.60 3.78 -5.21 0.93 46.98 -7.95 0.29
Car 0.00 0 -7.91 573.55 177.70 611.99 211.28 1.45 1.54 3.65 -0.77 1.13 32.94 -7.94 0.27
Cyclist 0.00 0 -4.70 12.34 177.50 36.07 233.98 1.66 0.54 1.50 -17.81 1.44 21.90 -5.38 0.19
Car 0.00 0 -4.89 544.63 175.87 569.36 193.78 1.60 1.58 4.07 -4.72 0.77 66.28 -4.96 0.17
Car 0.00 0 -4.31 145.44 181.15 193.73 205.61 1.77 1.72 3.93 -32.98 1.48 54.18 -4.86 0.16
Car 0.00 0 -4.31 362.40 173.28 405.90 197.29 1.72 1.66 4.06 -16.66 0.87 53.70 -4.62 0.13
Pedestrian 0.00 0 -4.17 682.04 189.88 703.67 234.51 1.22 0.39 0.51 2.33 1.35 20.01 -4.05 0.11
Pedestrian 0.00 0 -7.23 493.11 173.29 515.72 223.33 1.72 0.56 0.55 -3.64 1.31 25.04 -7.37 0.11
