Car 0.00 0 -4.65 583.93 174.21 607.88 193.84 1.47 1.60 4.20 -1.09 1.58 56.34 -4.67 0.56
Car 0.00 0 -6.25 392.67 173.17 555.55 232.67 1.66 1.73 4.55 -4.00 1.67 21.37 -6.43 0.55
Car 0.00 0 -6.77 675.93 178.33 814.54 225.72 1.47 1.63 4.29 4.46 1.66 24.09 -6.58 0.34
Pedestrian 0.00 0 -4.53 843.76 168.83 866.79 224.96 1.73 0.58 0.60 7.64 1.60 22.60 -4.20 0.27
Car 0.00 0 -7.91 595.72 174.77 630.90 205.72 1.47 1.57 3.53 0.09 1.57 36.18 -7.91 0.24
Car 0.00 0 -5.35 913.58 206.76 1241.00 374.00 1.48 1.61 3.63 2.67 1.71 3.05 -4.63 0.22
Car 0.00 0 -3.96 0.00 198.77 282.13 374.00 1.67 1.57 3.78 -2.95 1.84 2.88 -4.75 0.22
Cyclist 0.00 0 -4.45 447.45 166.77 464.88 199.61 1.69 0.48 1.69 -8.12 1.38 37.96 -4.66 0.21
Cyclist 0.00 0 -5.52 1188.04 141.14 1241.00 328.84 1.72 0.54 1.66 6.89 1.43 7.45 -4.78 0.16
Pedestrian 0.00 0 -4.87 805.07 164.11 828.31 220.13 1.84 0.62 0.88 6.88 1.55 24.20 -4.60 0.14
Pedestrian 0.00 0 -4.39 367.56 160.90 396.40 218.91 1.96 0.65 1.04 -7.89 1.55 24.86 -4.69 0.12
Pedestrian 0.00 0 -6.01 476.19 174.45 485.30 196.64 1.67 0.82 0.48 -9.82 1.79 54.70 -6.19 0.11
Pedestrian 0.00 0 -7.70 866.09 157.10 893.70 221.58 1.94 0.68 0.80 8.25 1.46 22.17 -7.34 0.11
Car 0.00 0 -6.22 519.68 174.46 573.77 196.90 1.55 1.61 3.70 -4.46 1.67 50.91 -6.30 0.11
Cyclist 0.00 0 -7.61 437.39 171.68 449.86 196.61 1.58 0.41 1.58 -10.73 1.50 46.42 -7.84 0.10
Pedestrian 0.00 0 -4.08 225.42 166.05 272.75 245.17 1.79 0.63 0.81 -8.45 1.64 16.81 -4.55 0.10
