Car 0.00 0 -7.95 678.37 181.92 751.44 240.49 1.43 1.63 3.66 2.77 1.70 19.99 -7.81 0.96
Car 0.00 0 -8.29 784.81 182.28 1152.43 374.00 1.49 1.61 3.75 2.96 1.61 7.00 -7.89 0.96
Car 0.00 0 -7.41 0.00 184.70 405.40 374.00 1.57 1.66 4.22 -3.17 1.71 6.14 -7.88 0.92
Car 0.00 0 -8.77 1078.87 181.60 1241.00 374.00 1.56 1.48 3.47 3.24 1.61 2.28 -7.81 0.85
Car 0.00 0 -7.07 0.00 199.66 31.18 278.81 1.40 1.79 4.36 -15.88 2.09 16.42 -7.84 0.49
Pedestrian 0.00 0 -3.78 17.43 177.41 73.28 252.26 1.92 0.69 0.93 -14.96 2.04 19.07 -4.45 0.21
Pedestrian 0.00 0 -4.30 223.00 165.27 259.83 243.83 2.04 0.65 0.67 -9.79 1.84 19.08 -4.77 0.16
Pedestrian 0.00 0 -3.88 1157.23 156.06 1241.00 331.19 1.65 0.59 0.79 5.96 1.49 7.12 -3.18 0.16
Car 0.00 0 -4.62 554.44 180.62 575.33 197.71 1.56 1.65 3.82 -4.34 2.33 69.58 -4.68 0.14
Car 0.00 0 -4.80 616.49 182.36 638.30 201.14 1.52 1.57 3.61 1.45 2.36 62.13 -4.77 0.14
Cyclist 0.00 0 -3.33 908.95 147.32 1029.51 254.86 1.84 0.71 1.83 6.34 1.41 12.94 -2.88 0.13
Pedestrian 0.00 0 -8.08 1013.98 148.52 1065.93 252.44 1.79 0.61 0.88 7.64 1.37 12.94 -7.55 0.13
Car 0.00 0 -7.95 626.97 174.94 662.62 206.90 1.91 1.84 4.41 2.11 2.05 45.61 -7.90 0.11
Pedestrian 0.00 0 -3.55 840.26 147.77 894.43 236.29 1.92 0.65 0.95 5.66 1.38 16.04 -3.21 0.11
