Car 0.00 0 -7.84 562.69 178.58 621.74 234.60 1.57 1.66 3.33 -0.49 1.39 21.82 -7.86 0.96
Car 0.00 0 -7.35 144.02 183.66 319.99 268.39 1.56 1.60 3.89 -7.76 1.53 15.20 -7.82 0.96
Car 0.00 0 -7.50 165.32 188.65 452.07 358.49 1.53 1.70 4.25 -3.24 1.58 8.68 -7.85 0.94
Car 0.00 0 -7.63 401.22 175.66 514.07 258.37 1.63 1.63 3.97 -3.27 1.44 16.16 -7.83 0.94
Car 0.00 0 -7.56 310.01 182.12 371.69 214.23 1.43 1.64 4.03 -12.59 1.29 34.06 -7.91 0.89
Car 0.00 0 -7.81 495.99 180.79 543.61 220.62 1.44 1.68 4.18 -3.41 1.28 28.16 -7.93 0.82
Car 0.00 0 -7.71 360.36 179.32 422.07 223.37 1.53 1.68 3.77 -8.06 1.32 26.92 -8.00 0.78
Car 0.00 0 -7.82 476.24 175.78 500.20 198.28 1.65 1.66 3.92 -9.08 0.96 54.69 -7.98 0.37
Pedestrian 0.00 0 -4.53 909.80 165.10 954.22 275.39 1.71 0.53 0.70 5.17 1.40 11.56 -4.11 0.25
Car 0.00 0 -4.80 537.22 175.11 562.63 197.46 1.61 1.55 3.89 -4.37 0.88 53.66 -4.88 0.22
Pedestrian 0.00 0 -3.44 855.97 162.12 921.82 286.11 1.79 0.59 0.77 4.11 1.46 10.68 -3.08 0.18
Pedestrian 0.00 0 -7.67 757.03 168.44 781.57 229.85 1.86 0.66 0.45 4.93 1.35 22.13 -7.45 0.14
Car 0.00 0 -4.31 153.44 166.62 195.47 192.57 2.28 1.71 4.34 -39.34 0.65 65.36 -4.85 0.14
Pedestrian 0.00 0 -3.83 917.85 151.89 1004.70 293.58 1.84 0.57 0.90 4.72 1.41 9.71 -3.38 0.14
Car 0.00 0 -7.72 407.79 170.88 439.08 194.30 1.62 1.66 3.98 -13.25 0.63 51.76 -7.97 0.13
Car 0.00 0 -7.96 638.08 180.45 691.12 222.71 1.53 1.62 4.00 2.10 1.36 28.01 -7.89 0.13
Car 0.00 0 -4.95 433.78 181.59 479.29 209.84 1.44 1.55 3.69 -8.18 1.25 38.55 -5.16 0.11
