Car 0.00 0 -3.92 0.00 201.86 0.24 325.66 1.46 1.64 4.02 -12.28 2.01 11.51 -4.73 0.96
Car 0.00 0 -7.52 165.13 169.77 468.29 374.00 1.71 1.70 3.99 -2.82 1.69 7.83 -7.86 0.95
Car 0.00 0 -7.78 592.14 172.02 621.18 196.00 1.49 1.60 4.14 -0.21 1.43 46.80 -7.79 0.74
Cyclist 0.00 0 -2.17 0.00 186.63 26.04 258.46 1.71 0.62 1.83 -15.59 2.07 17.94 -2.89 0.62
Car 0.00 0 -4.51 446.81 175.86 479.26 198.74 1.49 1.52 3.50 -10.04 1.71 49.35 -4.71 0.59
Pedestrian 0.00 0 -3.61 676.15 164.79 717.96 237.94 1.70 0.64 0.78 2.02 1.51 17.19 -3.49 0.52
Car 0.00 0 -4.45 311.55 183.05 380.99 224.91 1.40 1.52 3.82 -9.86 1.81 27.11 -4.80 0.49
Cyclist 0.00 0 -2.62 704.09 164.96 806.99 258.23 1.67 0.70 1.82 2.71 1.53 13.78 -2.43 0.47
Pedestrian 0.00 0 -3.24 676.62 165.57 691.64 194.93 1.93 0.58 0.93 4.86 1.45 47.65 -3.14 0.30
Pedestrian 0.00 0 -8.64 696.41 158.22 748.67 244.09 1.76 0.62 0.94 2.34 1.46 15.36 -8.49 0.28
Pedestrian 0.00 0 -5.15 315.38 169.37 364.75 259.84 1.80 0.74 0.67 -5.62 1.74 14.89 -5.51 0.27
Pedestrian 0.00 0 -6.38 721.80 157.30 762.97 238.38 1.80 0.66 0.86 2.94 1.45 16.35 -6.20 0.27
Cyclist 0.00 0 -8.25 857.72 167.18 894.91 225.47 1.55 0.39 1.54 7.32 1.40 20.00 -7.90 0.22
Cyclist 0.00 0 -6.33 120.35 182.86 177.55 235.76 1.70 0.66 1.59 -15.47 2.04 24.15 -6.89 0.22
Car 0.00 0 -2.60 312.22 181.75 460.19 230.28 1.44 1.65 4.31 -7.20 1.74 23.16 -2.90 0.19
Pedestrian 0.00 0 -7.00 1230.75 84.93 1241.00 374.00 1.88 0.61 0.98 3.72 1.50 3.51 -6.19 0.18
Pedestrian 0.00 0 -5.68 1197.14 183.15 1241.00 273.36 1.22 0.33 0.50 8.54 1.37 10.08 -4.98 0.16
Cyclist 0.00 0 -4.76 726.84 169.88 734.08 194.89 1.63 0.40 1.63 7.96 1.44 47.86 -4.59 0.16
Car 0.00 0 -5.81 159.35 192.31 432.29 281.92 1.44 1.58 4.22 -5.55 1.81 12.90 -6.21 0.16
Pedestrian 0.00 0 -5.96 1030.36 170.70 1072.57 243.94 1.38 0.42 0.59 8.49 1.34 13.96 -5.42 0.15
Car 0.00 0 -7.95 985.77 167.14 1175.03 311.60 1.51 1.65 4.11 6.02 1.45 9.76 -7.40 0.14
Car 0.00 0 -4.68 382.21 183.01 459.70 254.98 1.47 1.61 4.06 -4.55 1.74 17.48 -4.94 0.14
Car 0.00 0 -7.96 471.48 175.21 503.98 200.38 1.53 1.65 3.81 -7.89 1.68 46.17 -8.13 0.13
Car 0.00 0 -3.18 1190.85 149.01 1241.00 175.93 1.60 1.71 3.94 38.46 0.18 44.66 -2.46 0.12
Cyclist 0.00 0 -4.43 915.19 145.20 935.90 181.88 1.77 0.46 1.79 15.60 0.44 35.73 -4.02 0.12
Car 0.00 0 -4.44 415.17 177.25 485.81 219.66 1.44 1.54 4.17 -5.94 1.62 27.14 -4.66 0.11
Car 0.00 0 -7.68 435.44 175.20 481.60 207.58 1.53 1.61 4.00 -7.63 1.66 36.49 -7.88 0.11
Cyclist 0.00 0 -4.25 485.65 175.24 504.09 202.00 1.55 0.51 1.39 -6.82 1.69 42.56 -4.41 0.10
Car 0.00 0 -7.71 813.38 145.00 849.20 170.72 1.57 1.66 3.98 14.26 -0.14 46.47 -7.42 0.10
