Car 0.00 0 -8.65 751.28 178.83 877.00 230.73 1.41 1.58 3.62 6.09 1.61 22.06 -8.38 0.96
Car 0.00 0 -2.62 104.06 180.25 335.81 273.52 1.58 1.57 3.40 -7.07 1.72 13.19 -3.11 0.94
Car 0.00 0 -8.12 622.00 176.57 673.69 211.51 1.55 1.60 3.39 1.70 1.73 34.20 -8.07 0.94
Car 0.00 0 -5.28 0.00 222.24 18.53 374.00 1.38 1.59 4.30 -5.84 1.68 3.63 -6.29 0.82
Car 0.00 0 -2.98 369.82 178.53 481.86 217.76 1.54 1.72 4.26 -7.55 1.78 29.72 -3.23 0.81
Car 0.00 0 -2.67 173.33 183.11 389.61 257.85 1.47 1.61 3.87 -6.91 1.70 15.30 -3.10 0.78
Car 0.00 0 -2.32 0.00 196.15 111.68 374.00 1.45 1.62 3.95 -6.79 1.68 6.06 -3.16 0.76
Car 0.00 0 -7.95 609.57 176.91 641.87 203.09 1.49 1.59 3.98 0.88 1.75 43.81 -7.93 0.73
Car 0.00 0 -2.90 420.29 179.07 496.37 209.39 1.49 1.52 3.53 -7.73 1.82 36.74 -3.10 0.70
Car 0.00 0 -6.09 426.96 176.96 502.40 206.29 1.66 1.65 4.04 -8.42 1.90 41.84 -6.28 0.47
Car 0.00 0 -2.60 317.68 178.50 452.97 224.08 1.48 1.66 4.25 -7.83 1.69 25.11 -2.90 0.43
Pedestrian 0.00 0 -6.49 768.38 163.45 783.90 207.91 2.00 0.68 0.56 7.52 1.58 32.83 -6.27 0.40
Car 0.00 0 -4.44 496.81 178.32 533.83 201.52 1.46 1.54 3.66 -6.33 1.85 48.35 -4.57 0.38
Car 0.00 0 -2.61 402.32 180.20 490.46 212.43 1.46 1.50 3.89 -7.86 1.82 34.51 -2.83 0.35
Cyclist 0.00 0 -8.50 959.23 165.65 1012.58 224.25 1.67 0.45 1.73 11.09 1.46 21.43 -8.02 0.25
Car 0.00 0 -2.80 228.16 162.73 436.45 246.74 1.95 1.80 4.43 -6.74 1.72 17.74 -3.16 0.21
Pedestrian 0.00 0 -4.74 997.86 139.08 1062.64 307.38 1.91 0.65 0.94 5.03 1.53 8.77 -4.22 0.15
Pedestrian 0.00 0 -8.25 774.56 164.15 790.31 201.05 2.01 0.66 0.61 9.42 1.53 39.59 -8.02 0.15
Pedestrian 0.00 0 -4.48 710.82 167.78 725.85 202.74 1.91 0.68 0.71 5.96 1.63 39.91 -4.33 0.14
Cyclist 0.00 0 -8.09 691.33 172.27 702.36 200.15 1.69 0.31 1.55 5.32 1.65 44.48 -7.98 0.14
Pedestrian 0.00 0 -8.23 681.35 172.48 695.72 200.66 1.80 0.64 0.89 5.03 1.77 46.52 -8.12 0.13
Car 0.00 0 -8.29 846.97 148.65 898.96 172.90 1.50 1.64 3.96 16.90 0.00 46.65 -7.94 0.12
Car 0.00 0 -4.46 515.54 175.94 543.69 195.80 1.69 1.57 3.88 -7.12 1.97 64.03 -4.57 0.12
Car 0.00 0 -5.38 1228.01 161.89 1241.00 374.00 1.60 1.59 3.69 6.61 1.55 5.36 -4.50 0.10
