Car 0.00 0 -2.91 174.79 178.48 362.45 247.80 1.77 1.76 4.42 -9.34 1.94 19.99 -3.35 0.92
Car 0.00 0 -7.77 452.36 185.73 502.23 231.30 1.49 1.52 3.28 -4.81 1.99 26.25 -7.95 0.90
Car 0.00 0 -4.64 476.89 182.32 518.51 220.27 1.57 1.61 3.86 -5.09 2.02 32.79 -4.80 0.77
Pedestrian 0.00 0 -6.08 290.51 177.06 319.47 263.27 1.80 0.59 0.46 -6.57 1.89 15.44 -6.48 0.55
Pedestrian 0.00 0 -3.23 219.15 178.56 274.33 282.04 1.76 0.61 0.83 -6.51 1.87 12.83 -3.70 0.54
Pedestrian 0.00 0 -6.30 345.07 183.04 364.69 248.85 1.66 0.51 0.47 -6.64 1.93 18.65 -6.64 0.46
Pedestrian 0.00 0 -4.17 844.99 165.19 892.17 256.89 1.71 0.61 0.64 4.91 1.56 13.86 -3.83 0.36
Pedestrian 0.00 0 -2.66 0.00 195.93 62.50 354.35 1.61 0.47 0.56 -6.33 1.86 7.68 -3.35 0.30
Pedestrian 0.00 0 -3.90 107.96 181.13 190.19 312.94 1.76 0.63 0.74 -6.49 1.88 10.09 -4.47 0.29
Cyclist 0.00 0 -5.81 0.00 196.54 3.42 370.27 1.62 0.70 1.81 -7.64 1.89 7.51 -6.60 0.29
Pedestrian 0.00 0 -4.67 639.79 172.80 655.48 212.43 1.90 0.73 0.81 1.80 1.90 35.11 -4.62 0.25
Cyclist 0.00 0 -7.91 171.56 182.51 191.30 232.58 1.65 0.49 1.69 -14.86 1.99 24.92 -8.45 0.25
Pedestrian 0.00 0 -4.10 739.77 177.98 776.02 247.79 1.60 0.53 0.71 3.45 1.73 17.08 -3.90 0.23
Pedestrian 0.00 0 -4.77 8.16 158.54 66.70 286.45 2.01 0.70 1.02 -9.55 1.79 11.96 -5.45 0.19
Pedestrian 0.00 0 -4.34 0.00 161.63 41.62 283.87 2.01 0.65 1.05 -10.48 1.82 12.45 -5.04 0.18
Car 0.00 0 -7.45 1210.67 84.32 1241.00 374.00 1.71 1.70 3.79 5.33 1.42 3.55 -6.47 0.17
Pedestrian 0.00 0 -7.66 413.31 182.68 432.23 223.12 1.66 0.63 0.77 -7.89 2.08 30.25 -7.91 0.17
Cyclist 0.00 0 -3.30 783.80 175.58 872.78 251.90 1.59 0.60 1.75 4.59 1.65 15.43 -3.01 0.16
Pedestrian 0.00 0 -8.02 1146.42 149.89 1189.39 237.51 1.80 0.64 0.48 11.65 1.33 15.15 -7.37 0.16
Pedestrian 0.00 0 -6.28 73.29 178.25 89.62 249.77 1.81 0.51 0.34 -13.67 1.95 18.60 -6.91 0.16
Pedestrian 0.00 0 -4.71 1089.07 160.12 1121.52 242.19 1.64 0.54 0.72 10.12 1.38 14.82 -4.11 0.15
Pedestrian 0.00 0 -8.45 976.81 159.01 1026.51 244.50 1.75 0.60 0.75 8.17 1.47 15.16 -7.95 0.15
Car 0.00 0 -8.05 614.25 173.90 653.21 204.10 1.79 1.69 3.94 1.40 1.86 45.04 -8.02 0.15
Pedestrian 0.00 0 -4.18 768.31 169.94 810.35 254.74 1.69 0.59 0.65 3.63 1.63 14.79 -3.94 0.14
Pedestrian 0.00 0 -5.23 935.30 158.16 980.52 245.17 1.78 0.57 0.72 7.25 1.48 15.17 -4.78 0.14
Car 0.00 0 -4.66 397.10 184.99 436.61 219.92 1.46 1.58 3.79 -8.95 2.05 33.48 -4.92 0.12
Car 0.00 0 -3.03 441.09 177.33 490.14 194.45 1.52 1.68 4.22 -13.11 1.93 65.61 -3.23 0.12
Pedestrian 0.00 0 -3.76 645.99 169.46 670.51 214.66 1.95 0.63 0.86 2.07 1.80 31.61 -3.70 0.12
Pedestrian 0.00 0 -7.08 1108.92 152.17 1164.60 247.54 1.67 0.53 0.62 9.41 1.31 12.97 -6.46 0.12
Pedestrian 0.00 0 -4.66 51.04 178.29 79.48 241.09 1.81 0.64 0.59 -16.14 1.98 21.32 -5.31 0.11
Pedestrian 0.00 0 -7.68 628.95 174.80 642.68 209.10 1.84 0.63 0.75 1.37 1.95 39.25 -7.65 0.11
Pedestrian 0.00 0 -7.75 868.55 153.87 900.41 234.46 1.89 0.65 0.74 6.57 1.45 17.40 -7.39 0.11
Pedestrian 0.00 0 -6.55 84.99 175.55 115.29 236.66 1.85 0.61 0.63 -15.81 1.93 22.30 -7.16 0.10
Car 0.00 0 -4.33 470.19 182.38 524.23 210.44 1.51 1.68 4.24 -6.61 2.10 42.50 -4.48 0.10
