Car 0.00 0 -8.60 1231.00 185.67 1241.00 221.17 1.50 1.60 3.50 31.09 2.13 33.50 -7.85 0.83
Car 0.00 0 -5.32 1119.90 188.21 1218.61 223.36 1.46 1.69 3.90 25.89 2.22 33.63 -4.67 0.73
Pedestrian 0.00 0 -6.56 645.06 169.60 659.87 194.15 1.91 0.42 1.09 3.30 1.66 56.60 -6.50 0.29
Cyclist 0.00 0 -7.94 902.67 158.90 936.51 253.42 1.74 0.45 1.78 6.01 1.48 14.18 -7.54 0.27
Pedestrian 0.00 0 -3.17 638.14 172.71 648.41 192.74 1.78 0.49 0.90 2.95 1.77 64.45 -3.13 0.24
Car 0.00 0 -4.07 0.00 220.61 297.72 374.00 1.54 1.60 3.77 -2.73 1.86 2.88 -4.83 0.23
Car 0.00 0 -5.95 71.28 183.29 166.87 209.69 1.45 1.63 4.32 -28.59 2.08 42.10 -6.55 0.21
Car 0.00 0 -5.34 1187.76 169.39 1241.00 267.07 1.38 1.51 3.79 11.75 1.33 12.14 -4.58 0.21
Car 0.00 0 -8.54 1111.87 163.99 1241.00 231.81 1.41 1.51 3.52 13.60 1.23 16.76 -7.86 0.16
Car 0.00 0 -5.04 1183.80 187.20 1241.00 222.84 1.47 1.72 4.32 28.83 2.19 33.96 -4.34 0.16
Cyclist 0.00 0 -4.27 1024.24 174.38 1046.03 202.14 1.79 0.63 1.53 27.85 1.89 47.30 -3.74 0.13
Cyclist 0.00 0 -6.13 562.91 171.50 593.08 204.13 1.76 0.60 1.56 -1.77 1.68 39.21 -6.17 0.12
