Car 0.00 0 -6.42 0.00 178.62 10.86 234.51 1.42 1.60 4.01 -20.12 1.60 20.84 -7.19 0.53
Car 0.00 0 -7.25 219.84 179.85 306.14 216.35 1.45 1.56 3.66 -15.00 1.77 31.30 -7.69 0.29
Car 0.00 0 -8.33 804.82 178.79 869.21 209.12 1.50 1.66 3.91 12.02 1.83 38.57 -8.03 0.25
Pedestrian 0.00 0 -2.76 788.90 170.41 802.51 196.13 1.78 0.59 0.76 12.98 1.62 50.53 -2.51 0.19
Cyclist 0.00 0 -6.14 75.87 170.20 158.63 244.10 1.75 0.66 1.60 -12.13 1.69 17.74 -6.74 0.18
Cyclist 0.00 0 -2.98 441.08 174.32 463.04 201.59 1.85 0.56 1.39 -10.81 1.95 49.27 -3.20 0.14
Car 0.00 0 -8.34 835.94 176.41 888.08 201.69 1.44 1.55 3.40 15.04 1.66 43.32 -8.00 0.13
Pedestrian 0.00 0 -8.06 1117.22 168.73 1146.58 228.15 1.88 0.66 0.59 16.78 1.75 23.27 -7.44 0.12
Car 0.00 0 -7.50 41.53 182.84 164.34 245.93 1.47 1.54 3.65 -13.55 1.77 19.45 -8.11 0.11
Cyclist 0.00 0 -1.90 23.50 174.59 60.68 219.10 1.70 0.63 1.67 -22.33 1.77 28.31 -2.57 0.11
Car 0.00 0 -7.15 74.42 182.38 161.44 213.29 1.47 1.69 3.78 -25.50 1.99 37.49 -7.74 0.10
Car 0.00 0 -7.65 447.15 179.40 472.42 196.26 1.46 1.54 3.62 -13.64 2.07 65.57 -7.85 0.10
