Car 0.00 0 -4.41 347.22 183.28 428.19 227.66 1.43 1.65 4.17 -8.05 1.84 26.37 -4.70 0.91
Car 0.00 0 -4.59 468.07 179.06 500.10 202.69 1.50 1.67 4.03 -8.51 1.94 48.85 -4.77 0.80
Cyclist 0.00 0 -7.46 711.51 177.22 739.39 222.86 1.69 0.45 1.68 4.39 1.86 27.63 -7.30 0.38
Car 0.00 0 -3.74 0.00 199.79 49.28 256.77 1.39 1.55 3.06 -18.42 2.24 20.90 -4.47 0.36
Car 0.00 0 -7.61 613.26 179.13 653.42 204.27 1.46 1.61 3.85 1.47 1.88 45.14 -7.57 0.36
Pedestrian 0.00 0 -6.43 302.77 175.47 324.62 228.21 1.79 0.66 0.61 -10.33 1.89 25.03 -6.82 0.24
Cyclist 0.00 0 -7.82 830.30 176.18 867.59 287.90 1.72 0.53 1.81 3.97 1.78 12.09 -7.50 0.22
Pedestrian 0.00 0 -4.21 434.30 174.83 449.18 205.24 1.84 0.57 0.80 -10.35 1.97 44.27 -4.44 0.22
Cyclist 0.00 0 -8.23 746.70 177.80 778.63 226.48 1.66 0.47 1.82 5.38 1.84 25.72 -8.02 0.21
Car 0.00 0 -4.15 139.64 188.70 230.94 228.10 1.42 1.53 3.53 -17.14 2.10 29.23 -4.68 0.19
Cyclist 0.00 0 -2.46 35.51 182.59 95.64 231.98 1.77 0.67 1.72 -19.95 2.13 26.39 -3.10 0.18
Pedestrian 0.00 0 -6.39 703.42 182.18 720.80 210.54 1.62 0.65 0.93 5.89 2.17 41.87 -6.25 0.15
Car 0.00 0 -6.38 659.23 182.26 746.33 215.10 1.49 1.71 3.95 4.31 1.95 34.23 -6.25 0.14
Car 0.00 0 -4.34 264.20 179.25 337.91 216.52 1.65 1.74 4.60 -14.90 1.98 34.99 -4.75 0.13
Cyclist 0.00 0 -8.42 924.09 175.04 1032.63 306.95 1.76 0.50 1.84 5.30 1.80 10.61 -7.96 0.12
