Cyclist 0.00 0 -8.32 657.27 170.11 687.53 218.90 1.74 0.40 1.67 2.57 1.33 26.41 -8.22 0.60
Pedestrian 0.00 0 -3.36 650.47 169.46 672.63 210.83 1.80 0.68 0.84 2.63 1.28 31.63 -3.28 0.53
Pedestrian 0.00 0 -2.67 250.04 195.23 358.42 373.00 1.53 0.69 0.58 -2.49 1.66 5.95 -3.07 0.28
Car 0.00 0 -6.49 521.16 173.82 601.77 202.53 1.57 1.66 4.29 -2.27 1.15 40.59 -6.55 0.26
Pedestrian 0.00 0 -4.77 489.41 171.71 522.09 244.73 1.68 0.72 0.82 -2.30 1.45 16.98 -4.90 0.25
Car 0.00 0 -6.45 445.66 170.26 513.94 200.59 1.71 1.70 3.70 -7.11 1.08 41.97 -6.62 0.20
Pedestrian 0.00 0 -4.32 184.56 225.56 303.29 373.00 1.35 0.59 0.49 -2.49 1.67 4.93 -4.79 0.17
Pedestrian 0.00 0 -8.20 706.15 179.67 742.84 246.15 1.52 0.65 0.67 2.84 1.48 16.80 -8.04 0.16
Cyclist 0.00 0 -7.49 205.06 182.27 278.64 294.58 1.59 0.43 1.73 -5.55 1.61 11.09 -7.95 0.15
Pedestrian 0.00 0 -5.09 823.35 173.74 882.93 282.97 1.55 0.62 0.67 3.64 1.44 10.56 -4.76 0.15
Cyclist 0.00 0 -2.83 504.92 174.33 559.03 224.65 1.68 0.58 1.74 -2.38 1.44 24.43 -2.93 0.15
Pedestrian 0.00 0 -7.12 0.00 226.78 75.91 373.00 1.53 0.70 0.65 -2.69 1.73 2.81 -7.89 0.13
Pedestrian 0.00 0 -8.24 690.69 182.16 721.92 240.94 1.44 0.55 0.69 2.60 1.46 18.05 -8.10 0.12
Car 0.00 0 -6.46 436.99 179.36 513.85 206.50 1.43 1.63 3.91 -6.90 1.32 39.27 -6.64 0.12
Pedestrian 0.00 0 -4.52 102.72 241.75 238.71 373.00 1.30 0.56 0.49 -2.39 1.66 3.94 -5.07 0.11
Pedestrian 0.00 0 -4.95 856.22 150.49 896.33 240.62 1.93 0.63 0.89 6.02 1.27 15.87 -4.59 0.10
Pedestrian 0.00 0 -3.62 796.85 178.66 836.32 268.40 1.42 0.50 0.43 3.44 1.38 11.66 -3.33 0.10
Pedestrian 0.00 0 -3.08 752.29 159.07 779.37 214.45 1.92 0.66 0.89 5.79 1.15 25.39 -2.85 0.10
Car 0.00 0 -7.76 733.96 171.34 780.65 210.93 1.54 1.57 3.45 6.50 1.15 29.83 -7.54 0.10
