Pedestrian 0.00 0 -4.76 573.68 156.00 616.80 271.72 1.81 0.65 0.79 -0.22 1.43 11.45 -4.78 0.70
Car 0.00 0 -8.69 1112.93 192.67 1223.00 369.00 1.44 1.58 3.45 5.25 1.55 4.58 -7.84 0.24
Pedestrian 0.00 0 -5.06 836.63 169.67 869.67 235.11 1.61 0.56 0.74 6.20 1.35 17.78 -4.73 0.21
Cyclist 0.00 0 -7.86 496.19 163.28 528.26 265.92 1.76 0.55 1.81 -1.76 1.46 13.03 -7.99 0.18
Pedestrian 0.00 0 -4.68 755.67 167.53 786.33 254.13 1.68 0.58 0.81 3.30 1.43 14.21 -4.45 0.16
Car 0.00 0 -6.27 653.38 143.58 720.03 171.29 1.51 1.60 3.70 4.65 -0.54 40.26 -6.15 0.16
Pedestrian 0.00 0 -5.26 974.71 225.36 1083.14 369.00 1.21 0.40 0.69 3.14 1.57 5.37 -4.73 0.15
Pedestrian 0.00 0 -5.04 632.90 171.04 676.66 263.76 1.63 0.55 0.86 0.85 1.47 12.91 -4.97 0.15
Car 0.00 0 -6.84 0.00 165.18 11.38 201.80 1.70 1.74 4.13 -32.30 0.99 35.04 -7.58 0.14
Pedestrian 0.00 0 -4.09 1173.67 169.30 1223.00 267.05 1.60 0.64 0.60 10.12 1.42 11.94 -3.39 0.14
Pedestrian 0.00 0 -3.20 1115.00 152.71 1179.32 266.77 1.79 0.61 0.80 8.83 1.36 11.59 -2.55 0.13
Pedestrian 0.00 0 -2.14 78.81 169.07 142.47 263.35 1.70 0.63 0.82 -9.25 1.49 13.17 -2.75 0.12
Pedestrian 0.00 0 -4.48 859.91 159.86 911.35 269.73 1.76 0.63 0.83 4.67 1.43 11.85 -4.10 0.12
Pedestrian 0.00 0 -5.01 27.34 166.41 80.84 256.23 1.76 0.62 0.90 -11.26 1.49 14.39 -5.68 0.11
Pedestrian 0.00 0 -7.94 261.09 162.84 303.03 257.75 1.77 0.66 0.86 -6.31 1.44 13.70 -8.38 0.11
Cyclist 0.00 0 -8.04 699.54 166.00 720.69 211.80 1.70 0.52 1.51 3.99 1.17 27.05 -7.90 0.10
Pedestrian 0.00 0 -7.97 601.88 161.56 630.67 234.97 1.79 0.63 0.77 0.24 1.33 17.65 -7.96 0.10
