Car 0.00 0 -4.00 0.00 196.67 142.61 364.67 1.44 1.65 4.27 -8.03 1.81 8.94 -4.73 0.96
Car 0.00 0 -4.44 383.75 181.92 449.08 220.19 1.46 1.62 4.15 -8.15 1.87 30.58 -4.70 0.94
Cyclist 0.00 0 -7.87 771.13 176.31 790.91 244.52 1.70 0.47 1.71 4.43 1.79 18.94 -7.64 0.55
Car 0.00 0 -6.50 661.25 178.28 787.75 223.68 1.51 1.65 4.10 3.89 1.71 25.20 -6.35 0.33
Cyclist 0.00 0 -5.12 632.56 177.66 653.92 212.08 1.61 0.48 1.46 1.55 1.84 34.67 -5.08 0.32
Car 0.00 0 -7.57 374.11 177.87 428.36 211.65 1.62 1.66 3.89 -10.74 1.90 37.23 -7.85 0.25
Cyclist 0.00 0 -7.65 140.92 179.63 184.93 260.95 1.73 0.50 1.77 -10.19 1.89 16.40 -8.20 0.19
Cyclist 0.00 0 -5.09 949.38 167.07 1007.21 249.71 1.75 0.53 1.77 8.18 1.63 16.20 -4.62 0.14
Cyclist 0.00 0 -8.18 806.22 174.24 848.40 247.30 1.70 0.47 1.66 5.23 1.73 17.62 -7.89 0.11
Pedestrian 0.00 0 -6.08 293.32 172.31 303.18 196.28 1.98 0.69 0.63 -25.92 1.93 59.93 -6.49 0.10
