Car 0.00 0 -7.80 567.08 182.92 621.31 227.79 1.33 1.63 3.28 -0.51 1.69 23.80 -7.83 0.96
Car 0.00 0 -7.72 506.89 178.11 552.09 211.97 1.42 1.56 3.55 -3.63 1.67 32.66 -7.83 0.44
Car 0.00 0 -3.86 0.00 225.79 276.39 374.00 1.53 1.57 3.83 -3.10 1.89 2.88 -4.68 0.43
Car 0.00 0 -6.04 332.33 182.18 419.77 211.16 1.54 1.65 4.32 -12.89 2.06 39.83 -6.35 0.16
Car 0.00 0 -7.51 615.47 178.56 657.18 201.98 1.47 1.60 3.81 1.77 1.87 48.32 -7.47 0.14
Pedestrian 0.00 0 -8.64 1072.48 179.11 1099.26 223.89 1.75 0.67 0.58 18.84 2.00 28.64 -8.06 0.13
Cyclist 0.00 0 -7.08 0.00 186.57 53.85 374.00 1.66 0.56 1.61 -5.24 1.78 5.54 -7.83 0.13
Cyclist 0.00 0 -5.43 1012.91 156.71 1241.00 374.00 1.87 0.53 1.54 2.67 1.81 3.55 -4.79 0.12
Pedestrian 0.00 0 -7.44 958.19 177.24 977.63 217.00 1.85 0.65 0.58 16.85 2.06 34.04 -6.98 0.12
Car 0.00 0 -3.53 596.84 177.39 697.94 215.12 1.51 1.61 3.97 1.54 1.71 30.64 -3.48 0.11
Car 0.00 0 -5.38 791.73 179.10 850.75 204.77 1.61 1.68 4.01 14.09 2.05 48.46 -5.10 0.10
Car 0.00 0 -6.74 698.33 176.35 767.66 201.12 1.48 1.60 3.92 7.57 1.70 44.67 -6.57 0.10
