Pedestrian 0.00 0 -7.90 806.74 173.03 828.31 232.27 1.79 0.59 0.89 6.35 1.79 22.26 -7.62 0.54
Car 0.00 0 -7.76 596.66 182.45 620.26 201.27 1.47 1.63 3.81 -0.12 2.29 60.21 -7.76 0.34
Pedestrian 0.00 0 -3.86 532.83 209.31 663.22 374.00 1.58 0.58 0.57 -0.13 1.82 4.48 -3.89 0.17
Pedestrian 0.00 0 -5.15 1240.98 119.02 1241.00 239.77 1.80 0.61 0.85 10.39 1.00 11.25 -4.40 0.14
Car 0.00 0 -6.29 428.90 184.94 586.70 239.73 1.54 1.66 4.59 -3.14 1.93 22.00 -6.44 0.12
Pedestrian 0.00 0 -3.87 933.29 146.42 999.20 258.95 1.90 0.56 0.88 6.16 1.46 12.59 -3.42 0.12
Car 0.00 0 -3.78 0.00 206.06 287.87 374.00 1.57 1.51 3.78 -3.15 1.80 2.95 -4.59 0.12
Car 0.00 0 -6.20 477.94 184.32 567.47 217.22 1.50 1.66 4.11 -4.15 2.06 34.43 -6.32 0.12
Car 0.00 0 -4.86 630.17 186.02 656.50 205.24 1.53 1.67 4.17 2.83 2.71 62.61 -4.82 0.11
Car 0.00 0 -8.08 637.02 184.17 671.53 206.92 1.48 1.58 4.00 3.07 2.32 51.23 -8.02 0.10
Pedestrian 0.00 0 -5.65 0.00 162.61 77.96 328.87 1.87 0.63 0.84 -6.93 1.75 8.44 -6.34 0.10
