Car 0.00 0 -4.35 217.30 180.80 374.53 273.76 1.67 1.65 4.28 -6.57 1.87 15.51 -4.75 0.95
Car 0.00 0 -4.13 0.00 184.37 263.26 371.61 1.69 1.78 4.39 -6.27 1.86 8.98 -4.74 0.95
Car 0.00 0 -4.58 491.19 180.33 544.29 217.52 1.47 1.75 4.26 -4.00 1.82 31.57 -4.70 0.94
Car 0.00 0 -4.41 382.34 186.10 456.68 228.52 1.37 1.56 3.78 -6.92 1.89 26.39 -4.66 0.93
Car 0.00 0 -7.95 625.56 175.26 655.17 199.40 1.52 1.58 4.19 1.95 1.69 48.11 -7.91 0.90
Car 0.00 0 -4.63 524.63 175.21 556.31 205.57 1.74 1.60 3.72 -4.19 1.89 43.54 -4.72 0.77
Car 0.00 0 -8.47 1089.27 151.16 1226.05 199.67 1.48 1.61 3.96 17.96 0.82 23.97 -7.83 0.72
Car 0.00 0 -2.84 218.55 175.83 302.73 205.27 1.47 1.55 3.62 -18.03 1.63 37.29 -3.29 0.64
Car 0.00 0 -7.75 469.12 183.43 503.36 209.75 1.37 1.52 3.87 -7.03 2.00 41.04 -7.92 0.63
Car 0.00 0 -4.61 699.38 170.77 733.19 199.19 1.58 1.57 3.85 6.20 1.46 42.07 -4.47 0.45
Pedestrian 0.00 0 -4.85 228.76 174.41 255.62 235.89 1.91 0.66 0.76 -11.72 1.96 22.89 -5.32 0.30
Car 0.00 0 -8.59 1064.97 141.65 1157.69 175.95 1.64 1.62 3.96 25.31 0.15 36.64 -7.99 0.29
Cyclist 0.00 0 -2.51 388.21 180.14 443.93 233.82 1.69 0.69 1.67 -6.37 1.94 23.52 -2.77 0.27
Car 0.00 0 -5.04 871.16 154.14 917.47 179.47 1.73 1.77 4.31 20.16 0.45 51.40 -4.67 0.26
Car 0.00 0 -3.53 892.35 158.11 969.07 183.19 1.48 1.60 3.91 19.27 0.61 43.53 -3.11 0.20
Pedestrian 0.00 0 -5.03 837.37 155.17 866.72 214.19 1.96 0.64 1.08 8.15 1.37 24.45 -4.70 0.15
Pedestrian 0.00 0 -7.68 687.33 172.75 700.26 202.28 1.66 0.63 0.65 4.72 1.65 40.94 -7.57 0.15
Car 0.00 0 -8.44 848.82 162.35 902.13 185.65 1.49 1.56 3.66 17.55 0.82 47.95 -8.09 0.12
Cyclist 0.00 0 -6.75 761.67 165.19 796.18 198.39 1.84 0.67 1.78 9.45 1.42 40.52 -6.52 0.11
Car 0.00 0 -8.81 1233.78 153.84 1241.00 191.69 1.45 1.60 3.92 28.38 0.72 29.75 -8.05 0.11
Car 0.00 0 -3.94 1223.03 133.50 1241.00 167.95 1.53 1.60 4.07 30.75 -0.23 33.10 -3.19 0.11
Car 0.00 0 -7.99 683.18 170.66 714.49 194.72 1.65 1.70 4.06 6.29 1.50 51.65 -7.87 0.11
