Car 0.00 0 -7.97 630.10 180.29 689.44 224.98 1.45 1.66 4.12 1.68 1.74 26.24 -7.91 0.97
Car 0.00 0 -6.79 825.79 191.01 1159.39 297.00 1.39 1.57 4.09 5.40 1.68 10.59 -6.32 0.96
Car 0.00 0 -2.42 0.00 188.01 142.80 374.00 1.59 1.71 3.96 -6.91 1.75 6.62 -3.23 0.96
Car 0.00 0 -3.82 911.68 178.68 1241.00 340.83 1.53 1.66 4.13 5.62 1.60 7.82 -3.20 0.95
Car 0.00 0 -7.19 1144.86 190.21 1241.00 374.00 1.43 1.55 3.74 6.27 1.58 5.27 -6.32 0.93
Car 0.00 0 -2.82 270.26 185.79 441.55 239.05 1.41 1.64 4.27 -7.14 1.80 20.42 -3.15 0.92
Car 0.00 0 -6.71 809.03 172.97 1046.41 270.62 1.66 1.63 3.59 5.59 1.66 13.09 -6.31 0.91
Cyclist 0.00 0 -4.57 439.18 174.97 476.01 258.05 1.73 0.57 1.70 -3.40 1.78 15.96 -4.78 0.83
Car 0.00 0 -5.71 0.00 159.84 263.49 330.78 1.92 1.74 4.41 -7.08 1.78 9.16 -6.37 0.78
Car 0.00 0 -2.86 313.80 183.71 458.44 231.15 1.43 1.58 4.12 -7.08 1.79 22.95 -3.16 0.69
Car 0.00 0 -7.95 611.00 178.49 643.81 205.30 1.43 1.51 3.66 0.92 1.77 41.26 -7.93 0.59
Car 0.00 0 -5.95 367.00 178.32 470.31 222.95 1.67 1.58 3.57 -7.45 1.89 28.12 -6.21 0.46
Car 0.00 0 -2.93 404.16 174.19 498.37 212.46 1.75 1.68 4.06 -7.44 1.81 33.88 -3.14 0.34
Car 0.00 0 -7.93 611.06 174.53 642.09 202.10 1.70 1.68 4.00 1.00 1.81 46.76 -7.91 0.33
Pedestrian 0.00 0 -8.02 721.12 178.70 735.86 211.98 1.58 0.61 0.62 5.66 1.87 34.70 -7.86 0.33
Car 0.00 0 -4.86 745.83 167.74 777.54 192.62 1.64 1.61 3.47 10.29 1.30 49.28 -4.66 0.30
Car 0.00 0 -2.39 425.94 181.29 506.69 210.12 1.41 1.65 4.20 -7.67 1.88 38.23 -2.59 0.29
Pedestrian 0.00 0 -4.49 1017.22 152.73 1042.76 201.89 1.92 0.72 0.80 16.64 1.13 28.65 -3.96 0.20
Cyclist 0.00 0 -3.99 517.52 178.49 535.39 199.16 1.59 0.54 1.49 -6.57 2.04 56.59 -4.11 0.17
Pedestrian 0.00 0 -8.36 992.03 159.34 1019.52 206.54 1.84 0.72 0.66 15.54 1.31 28.42 -7.86 0.17
Car 0.00 0 -7.93 476.53 179.07 506.61 204.02 1.46 1.54 3.98 -7.50 1.86 45.26 -8.10 0.17
Pedestrian 0.00 0 -6.35 692.68 171.19 703.90 198.35 1.79 0.55 0.71 5.83 1.68 47.94 -6.23 0.17
Pedestrian 0.00 0 -4.75 1180.06 143.69 1217.58 222.82 1.93 0.71 0.53 14.68 1.22 18.06 -4.07 0.16
Pedestrian 0.00 0 -6.02 507.39 177.28 520.26 200.20 1.62 0.54 0.80 -6.89 1.94 51.48 -6.15 0.15
Cyclist 0.00 0 -8.28 765.12 169.73 800.09 218.37 1.71 0.52 1.85 6.23 1.60 26.33 -8.05 0.15
Pedestrian 0.00 0 -7.71 1070.31 163.71 1092.76 216.26 1.78 0.58 0.51 16.18 1.47 24.82 -7.13 0.14
Car 0.00 0 -5.11 503.89 175.11 537.32 193.35 1.59 1.59 3.93 -8.15 1.80 65.39 -5.24 0.14
Pedestrian 0.00 0 -5.70 653.59 173.03 667.39 198.55 1.92 0.61 0.85 3.80 1.93 54.67 -5.64 0.14
Pedestrian 0.00 0 -6.85 975.05 159.20 1008.03 220.73 1.86 0.61 0.67 11.67 1.45 22.17 -6.36 0.12
Pedestrian 0.00 0 -6.01 195.23 165.64 255.46 259.70 1.92 0.62 0.98 -8.09 1.77 15.11 -6.50 0.11
Car 0.00 0 -4.70 606.37 174.69 626.16 194.24 1.56 1.59 4.08 0.52 1.72 60.11 -4.69 0.10
Pedestrian 0.00 0 -5.01 224.49 185.06 263.02 258.56 1.59 0.60 0.66 -8.26 1.87 16.17 -5.48 0.10
