Cyclist 0.00 0 -8.54 1136.24 134.50 1241.00 373.82 1.83 0.59 1.73 5.51 1.54 6.39 -7.83 0.82
Car 0.00 0 -7.89 571.26 174.59 614.22 215.13 1.72 1.81 4.49 -0.90 1.81 33.10 -7.91 0.81
Car 0.00 0 -7.85 665.28 173.58 690.40 197.92 1.64 1.69 4.23 4.77 1.69 50.97 -7.75 0.65
Car 0.00 0 -7.14 0.00 204.64 154.40 370.14 1.40 1.53 3.79 -7.52 1.87 8.72 -7.86 0.47
Car 0.00 0 -5.97 89.10 179.18 195.22 209.65 1.51 1.68 4.34 -24.35 1.85 37.65 -6.54 0.28
Pedestrian 0.00 0 -8.07 1080.55 163.04 1102.02 205.28 1.88 0.68 0.69 21.72 1.45 32.63 -7.48 0.27
Car 0.00 0 -7.97 504.87 177.30 536.34 203.05 1.61 1.63 3.97 -6.00 1.92 47.89 -8.09 0.23
Car 0.00 0 -5.87 1024.09 171.99 1123.29 203.75 1.45 1.57 3.72 22.31 1.41 34.90 -5.30 0.19
Car 0.00 0 -2.87 0.00 179.41 122.19 229.05 1.52 1.71 4.45 -19.20 1.75 24.14 -3.55 0.18
Car 0.00 0 -7.86 690.06 175.85 714.39 199.54 1.54 1.59 3.56 6.26 1.76 49.32 -7.74 0.18
Car 0.00 0 -5.06 1139.54 170.65 1193.58 196.21 1.66 1.61 4.09 37.81 1.52 49.16 -4.41 0.17
Pedestrian 0.00 0 -3.84 1149.78 158.90 1175.30 194.64 1.87 0.60 0.89 29.09 1.14 38.04 -3.19 0.16
Pedestrian 0.00 0 -4.32 1208.63 146.43 1241.00 282.38 1.76 0.59 0.87 8.63 1.41 9.77 -3.60 0.15
Car 0.00 0 -4.35 506.03 179.49 545.01 201.01 1.53 1.60 4.12 -6.40 2.05 54.84 -4.47 0.14
Car 0.00 0 -8.41 1049.81 171.89 1241.00 273.75 1.45 1.64 4.43 9.61 1.44 12.57 -7.76 0.13
Car 0.00 0 -7.00 731.07 174.88 786.80 198.60 1.66 1.67 3.79 10.78 1.81 52.34 -6.79 0.13
Pedestrian 0.00 0 -4.18 1173.50 164.71 1192.14 207.53 1.80 0.51 0.35 24.24 1.46 30.59 -3.51 0.11
Car 0.00 0 -6.78 1009.84 168.60 1098.46 197.71 1.51 1.62 3.67 23.46 1.29 38.26 -6.23 0.10
Car 0.00 0 -5.59 838.47 188.08 914.75 215.79 1.49 1.68 4.19 15.92 2.45 43.38 -5.24 0.10
