Car 0.00 0 -4.84 680.21 181.09 763.61 237.24 1.37 1.77 3.91 2.96 1.62 20.14 -4.70 0.93
Car 0.00 0 -4.70 598.80 177.52 656.46 233.26 1.48 1.56 3.67 0.50 1.63 21.39 -4.67 0.89
Car 0.00 0 -2.19 347.48 165.83 594.16 302.95 1.94 1.70 4.70 -2.61 1.84 12.39 -2.40 0.61
Car 0.00 0 -5.89 747.35 171.40 882.06 222.75 1.54 1.62 3.90 6.57 1.50 23.52 -5.62 0.47
Car 0.00 0 -3.78 0.00 216.98 45.15 374.00 1.42 1.58 4.24 -7.60 1.94 6.39 -4.65 0.42
Pedestrian 0.00 0 -4.25 880.80 155.66 929.87 243.27 1.93 0.72 0.90 6.70 1.55 16.49 -3.87 0.31
Car 0.00 0 -5.45 631.66 147.22 695.19 172.93 1.57 1.69 4.18 3.34 0.01 46.22 -5.37 0.30
Car 0.00 0 -8.45 785.84 151.93 850.63 180.96 1.52 1.64 3.70 11.38 0.42 39.77 -8.17 0.24
Pedestrian 0.00 0 -3.86 1039.19 155.11 1094.73 241.90 1.89 0.67 0.81 10.12 1.50 16.07 -3.30 0.23
Pedestrian 0.00 0 -4.87 1031.63 157.36 1081.79 251.96 1.87 0.77 0.70 9.08 1.57 14.77 -4.31 0.23
Car 0.00 0 -4.52 512.00 177.20 581.52 224.88 1.43 1.58 4.08 -2.07 1.59 24.20 -4.61 0.20
Pedestrian 0.00 0 -7.13 1137.41 158.77 1187.87 222.28 1.69 0.63 0.93 14.93 1.31 19.56 -6.48 0.19
Pedestrian 0.00 0 -4.60 1119.10 167.26 1150.91 236.40 1.59 0.53 0.68 12.34 1.46 17.02 -3.97 0.19
Pedestrian 0.00 0 -4.71 1113.97 160.67 1154.70 248.84 1.76 0.67 0.79 10.77 1.51 14.89 -4.08 0.19
Car 0.00 0 -8.27 660.72 146.38 715.88 175.45 1.55 1.63 3.88 4.31 0.14 40.59 -8.17 0.17
Car 0.00 0 -5.12 692.71 143.11 737.37 167.86 1.61 1.64 3.92 7.18 -0.36 49.90 -4.97 0.16
Car 0.00 0 -2.25 159.32 193.02 337.59 265.29 1.47 1.59 4.00 -8.60 1.98 17.03 -2.72 0.16
Pedestrian 0.00 0 -4.53 935.59 161.62 977.10 246.30 1.79 0.69 0.79 7.54 1.56 15.80 -4.09 0.15
Car 0.00 0 -6.88 1116.90 164.12 1241.72 200.61 1.50 1.61 3.93 24.02 1.14 30.59 -6.22 0.15
Cyclist 0.00 0 -4.24 1223.51 157.27 1241.00 229.93 1.72 0.56 1.73 15.85 1.35 17.67 -3.51 0.14
Pedestrian 0.00 0 -7.95 1088.99 151.54 1121.21 218.63 1.80 0.67 0.68 13.57 1.23 19.86 -7.35 0.14
Car 0.00 0 -5.14 219.73 182.35 262.84 201.86 1.47 1.56 3.96 -29.63 2.25 57.90 -5.62 0.13
Pedestrian 0.00 0 -3.53 1053.15 154.41 1121.89 254.83 1.88 0.52 0.97 9.10 1.53 13.85 -2.95 0.13
Pedestrian 0.00 0 -4.69 983.95 153.67 1024.74 246.79 1.90 0.74 0.77 8.28 1.51 15.22 -4.19 0.12
Pedestrian 0.00 0 -5.60 1080.67 169.45 1124.63 251.65 1.61 0.51 0.52 9.80 1.54 14.43 -5.00 0.10
Pedestrian 0.00 0 -8.18 1083.05 158.36 1129.57 242.47 1.83 0.63 0.82 11.06 1.51 16.17 -7.58 0.10
Pedestrian 0.00 0 -3.38 1132.60 169.55 1180.17 253.71 1.58 0.48 0.63 10.45 1.52 13.88 -2.73 0.10
Car 0.00 0 -6.04 740.23 166.04 845.06 207.67 1.54 1.57 3.72 7.11 1.29 28.32 -5.79 0.10
