Car 0.00 0 -4.98 766.32 185.34 959.57 317.97 1.50 1.62 3.70 3.34 1.71 10.40 -4.67 0.94
Car 0.00 0 -8.46 944.84 187.97 1241.00 374.00 1.57 1.63 3.83 3.54 1.71 4.32 -7.78 0.94
Car 0.00 0 -4.47 538.83 176.79 596.05 218.21 1.71 1.63 4.05 -1.87 1.90 32.31 -4.53 0.92
Car 0.00 0 -4.51 584.04 181.31 628.52 210.56 1.47 1.63 4.28 -0.18 1.97 39.92 -4.51 0.88
Cyclist 0.00 0 -7.76 703.42 173.85 721.28 218.21 1.80 0.58 1.82 4.25 1.84 30.20 -7.62 0.83
Car 0.00 0 -2.52 0.00 187.96 107.34 239.42 1.48 1.54 3.51 -17.73 1.96 22.06 -3.19 0.61
Car 0.00 0 -4.46 649.96 177.19 683.16 199.56 1.63 1.65 3.84 4.37 1.98 55.59 -4.38 0.43
Pedestrian 0.00 0 -4.67 1057.63 169.74 1093.83 261.50 1.77 0.57 0.77 9.23 1.71 14.37 -4.10 0.39
Cyclist 0.00 0 -3.12 1124.16 174.94 1241.00 263.38 1.66 0.83 1.92 11.51 1.71 14.52 -2.45 0.27
Cyclist 0.00 0 -7.33 82.78 174.50 179.16 293.58 1.80 0.52 1.75 -7.85 1.83 11.83 -7.92 0.23
Pedestrian 0.00 0 -3.76 1074.91 162.84 1109.05 227.75 1.83 0.58 0.58 13.74 1.55 20.64 -3.17 0.13
Pedestrian 0.00 0 -6.63 1111.13 168.24 1187.16 315.98 1.76 0.64 0.57 6.65 1.71 9.00 -5.99 0.12
Pedestrian 0.00 0 -4.95 518.96 173.46 535.20 210.34 1.89 0.64 0.89 -4.34 1.92 37.44 -5.07 0.12
Pedestrian 0.00 0 -3.66 773.33 172.07 784.43 194.05 1.81 0.65 0.66 13.98 1.75 59.82 -3.43 0.11
