Car 0.00 0 -2.78 303.52 178.07 439.04 232.64 1.52 1.55 3.44 -6.97 1.68 21.13 -3.10 0.94
Car 0.00 0 -5.01 727.50 185.50 897.38 299.89 1.48 1.57 3.56 2.98 1.71 11.53 -4.76 0.89
Car 0.00 0 -2.48 0.00 152.46 207.98 374.00 1.76 1.71 4.50 -6.07 1.63 5.84 -3.28 0.86
Car 0.00 0 -2.72 375.49 180.34 499.98 221.84 1.43 1.55 4.15 -6.31 1.71 26.37 -2.96 0.77
Car 0.00 0 -7.92 641.02 178.66 674.02 208.26 1.51 1.56 3.91 2.53 1.85 39.56 -7.85 0.77
Car 0.00 0 -3.14 465.15 180.34 543.05 207.14 1.46 1.65 4.29 -6.03 1.89 40.94 -3.29 0.74
Car 0.00 0 -5.86 349.26 177.75 482.10 227.09 1.54 1.56 3.95 -6.42 1.71 23.84 -6.12 0.54
Car 0.00 0 -2.42 0.00 184.76 274.38 330.61 1.48 1.62 4.09 -6.37 1.63 8.40 -3.07 0.53
Pedestrian 0.00 0 -5.72 180.26 168.71 242.32 278.14 1.77 0.67 0.64 -6.67 1.70 12.00 -6.23 0.43
Car 0.00 0 -6.09 428.04 183.13 526.33 217.53 1.44 1.61 4.00 -5.81 1.91 31.61 -6.27 0.33
Car 0.00 0 -2.96 504.32 175.82 556.71 197.43 1.57 1.63 3.65 -5.93 1.80 53.77 -3.07 0.20
Pedestrian 0.00 0 -5.05 218.47 159.21 240.45 203.69 1.78 0.66 0.50 -15.53 1.24 29.36 -5.53 0.17
Car 0.00 0 -5.08 816.26 179.84 941.04 246.83 1.52 1.61 4.20 6.80 1.72 18.88 -4.74 0.17
Car 0.00 0 -6.19 346.45 168.88 409.03 191.20 1.65 1.72 4.37 -17.57 1.36 54.68 -6.50 0.14
Car 0.00 0 -4.08 61.13 179.60 252.04 260.15 1.51 1.58 3.84 -9.77 1.68 15.86 -4.64 0.13
Car 0.00 0 -7.60 455.76 181.34 504.07 214.34 1.47 1.48 3.43 -6.27 1.90 34.87 -7.78 0.12
Pedestrian 0.00 0 -7.70 125.84 148.22 149.51 194.90 1.83 0.68 0.72 -18.81 0.86 28.68 -8.28 0.11
