Car 0.00 0 -7.88 596.96 178.59 624.46 203.98 1.51 1.65 3.74 -0.02 1.88 45.51 -7.88 0.90
Car 0.00 0 -4.38 332.79 188.50 413.81 233.37 1.41 1.55 3.97 -8.46 2.01 25.99 -4.69 0.83
Pedestrian 0.00 0 -4.71 942.09 157.35 975.46 238.58 1.87 0.70 0.84 8.22 1.51 17.12 -4.26 0.79
Car 0.00 0 -4.63 467.55 181.06 495.88 204.84 1.53 1.63 3.93 -8.87 2.13 49.97 -4.81 0.63
Car 0.00 0 -4.25 265.96 187.68 351.20 230.68 1.50 1.59 3.74 -11.83 2.13 28.46 -4.64 0.62
Car 0.00 0 -4.12 18.34 195.45 196.45 267.38 1.44 1.57 4.05 -12.14 2.06 17.72 -4.72 0.44
Pedestrian 0.00 0 -3.97 858.71 161.66 873.46 187.70 1.88 0.57 0.88 18.60 1.07 52.49 -3.63 0.37
Car 0.00 0 -2.80 410.38 180.09 496.83 213.13 1.59 1.68 3.91 -7.86 1.96 36.26 -3.01 0.24
Car 0.00 0 -7.63 362.03 186.20 444.75 239.14 1.46 1.62 4.31 -6.57 1.93 23.22 -7.90 0.21
Pedestrian 0.00 0 -7.61 771.49 170.74 786.75 203.88 1.78 0.64 0.76 9.19 1.67 39.33 -7.38 0.21
Pedestrian 0.00 0 -3.54 646.17 174.61 656.38 196.71 1.76 0.57 0.65 3.29 1.90 57.98 -3.48 0.19
Pedestrian 0.00 0 -5.68 988.52 171.31 1022.24 240.99 1.56 0.47 0.49 8.95 1.52 16.43 -5.18 0.19
Pedestrian 0.00 0 -4.44 1113.49 163.79 1126.43 198.30 1.76 0.49 0.28 26.16 1.30 37.06 -3.82 0.18
Car 0.00 0 -4.56 439.12 183.48 485.05 218.87 1.45 1.50 3.44 -6.63 1.96 32.40 -4.76 0.16
Cyclist 0.00 0 -6.86 1177.70 157.44 1224.64 196.12 1.86 0.66 1.68 28.69 1.12 35.08 -6.18 0.15
Pedestrian 0.00 0 -4.35 1025.61 176.67 1065.69 247.71 1.44 0.49 0.73 9.09 1.53 15.13 -3.81 0.15
Pedestrian 0.00 0 -7.71 1042.15 162.23 1057.54 201.79 1.82 0.57 0.35 20.39 1.33 33.50 -7.16 0.13
Car 0.00 0 -2.79 456.87 181.48 528.32 206.05 1.52 1.68 4.24 -7.60 2.09 46.66 -2.95 0.12
Car 0.00 0 -3.71 355.84 177.87 421.66 201.64 1.49 1.59 3.97 -14.76 1.84 48.18 -4.01 0.12
Pedestrian 0.00 0 -7.61 924.59 177.15 946.38 227.70 1.40 0.48 0.38 9.12 1.52 20.31 -7.18 0.12
Car 0.00 0 -4.60 468.85 177.52 507.34 210.00 1.67 1.64 4.00 -6.69 1.94 39.71 -4.77 0.11
Cyclist 0.00 0 -8.10 869.76 174.96 889.61 214.38 1.62 0.42 1.53 11.36 1.71 30.54 -7.75 0.11
Pedestrian 0.00 0 -8.13 857.08 171.40 883.39 219.31 1.75 0.74 0.76 9.61 1.70 26.78 -7.79 0.10
Car 0.00 0 -7.97 1170.08 146.62 1209.71 172.77 1.72 1.66 4.03 39.88 -0.01 49.73 -7.30 0.10
