Car 0.00 0 -7.98 660.32 175.71 719.50 225.04 1.60 1.62 3.55 2.69 1.71 25.37 -7.87 0.98
Car 0.00 0 -8.10 737.73 180.64 925.05 318.02 1.50 1.59 3.32 2.72 1.62 9.75 -7.83 0.97
Car 0.00 0 -7.54 313.41 181.20 456.76 275.63 1.64 1.67 3.92 -4.49 1.84 14.86 -7.83 0.96
Car 0.00 0 -4.53 456.58 182.48 516.11 226.07 1.57 1.67 3.96 -4.90 1.98 28.84 -4.70 0.94
Car 0.00 0 -7.31 0.00 207.43 282.62 374.00 1.48 1.58 3.51 -4.19 1.84 5.85 -7.93 0.93
Car 0.00 0 -4.66 511.80 180.88 541.40 209.14 1.62 1.61 3.98 -5.15 2.14 44.67 -4.77 0.69
Pedestrian 0.00 0 -4.47 169.11 180.49 229.86 309.48 1.72 0.62 0.58 -5.76 1.83 10.05 -4.99 0.55
Pedestrian 0.00 0 -3.78 95.69 184.62 173.11 314.13 1.69 0.56 0.69 -6.59 1.86 9.93 -4.36 0.34
Pedestrian 0.00 0 -5.57 449.41 183.33 461.68 215.77 1.69 0.48 0.42 -8.18 2.25 38.05 -5.79 0.30
Car 0.00 0 -7.64 633.63 174.33 659.58 192.29 1.58 1.61 3.69 3.34 1.71 65.61 -7.59 0.24
Car 0.00 0 -2.63 97.20 190.60 299.58 256.95 1.48 1.64 3.95 -9.87 1.93 17.41 -3.14 0.24
Car 0.00 0 -8.16 767.46 176.71 857.87 230.46 1.46 1.56 3.67 5.96 1.59 21.78 -7.90 0.22
Pedestrian 0.00 0 -8.27 676.14 171.39 689.75 200.37 1.86 0.65 0.68 4.69 1.76 46.68 -8.17 0.17
Pedestrian 0.00 0 -6.77 709.75 178.52 725.31 207.79 1.69 0.60 0.70 6.24 2.02 42.10 -6.62 0.16
Cyclist 0.00 0 -4.56 571.71 176.52 584.01 202.28 1.79 0.59 1.90 -2.30 2.05 51.27 -4.60 0.15
Cyclist 0.00 0 -7.99 716.06 175.40 730.03 211.65 1.68 0.43 1.62 5.33 1.80 34.34 -7.84 0.13
Car 0.00 0 -7.87 544.58 180.57 563.80 198.60 1.49 1.63 3.75 -4.94 2.19 63.33 -7.95 0.12
Pedestrian 0.00 0 -4.97 744.49 144.92 800.67 261.02 1.97 0.69 1.21 2.82 1.50 12.86 -4.75 0.12
Pedestrian 0.00 0 -4.87 748.65 164.20 770.33 215.49 1.91 0.65 1.02 5.63 1.59 27.42 -4.67 0.12
Cyclist 0.00 0 -4.38 559.26 177.28 574.94 202.11 1.71 0.56 1.77 -3.05 2.03 50.90 -4.44 0.12
Pedestrian 0.00 0 -3.15 647.97 172.53 662.68 202.03 1.82 0.69 0.91 2.79 1.80 44.95 -3.09 0.11
