Car 0.00 0 -4.41 196.47 192.74 425.77 347.71 1.52 1.65 4.01 -3.73 1.85 9.67 -4.78 0.97
Car 0.00 0 -4.46 367.29 179.96 493.78 268.54 1.62 1.67 4.04 -3.75 1.80 15.57 -4.70 0.93
Car 0.00 0 -4.71 512.21 180.67 551.17 216.15 1.46 1.65 3.93 -3.58 1.84 32.68 -4.82 0.74
Pedestrian 0.00 0 -7.43 223.68 196.15 251.65 246.42 1.54 0.66 0.43 -11.68 2.28 22.55 -7.91 0.29
Cyclist 0.00 0 -4.56 38.97 189.79 100.77 310.13 1.69 0.52 1.67 -8.45 1.98 11.26 -5.20 0.22
Pedestrian 0.00 0 -3.45 658.46 174.85 680.91 212.46 1.79 0.71 0.91 2.84 1.89 34.86 -3.37 0.21
Pedestrian 0.00 0 -5.90 1210.72 124.52 1241.00 374.00 1.83 0.63 0.86 4.97 1.51 5.22 -5.14 0.13
Cyclist 0.00 0 -6.68 698.32 169.78 736.94 208.10 1.83 0.66 1.74 5.19 1.69 35.06 -6.53 0.12
Pedestrian 0.00 0 -4.01 1020.20 153.90 1117.96 326.27 1.69 0.62 0.58 4.68 1.50 7.46 -3.45 0.11
Pedestrian 0.00 0 -8.49 803.85 166.82 838.39 234.49 1.86 0.58 0.78 5.87 1.69 20.26 -8.21 0.11
Car 0.00 0 -2.77 348.81 176.97 461.83 222.77 1.74 1.75 3.94 -8.10 1.90 28.59 -3.04 0.11
Pedestrian 0.00 0 -5.63 878.22 134.29 1024.56 374.00 1.90 0.63 0.88 2.72 1.61 5.92 -5.19 0.10
