Car 0.00 0 -7.96 664.76 181.41 714.15 218.59 1.43 1.67 3.96 3.27 1.82 30.72 -7.85 0.94
Car 0.00 0 -5.81 162.12 180.58 402.86 275.26 1.55 1.57 3.58 -5.77 1.70 12.85 -6.23 0.92
Car 0.00 0 -5.89 237.65 184.27 446.00 256.91 1.42 1.48 3.84 -5.61 1.68 15.21 -6.24 0.91
Car 0.00 0 -2.43 0.00 186.78 200.75 351.76 1.53 1.64 3.66 -6.69 1.70 7.66 -3.14 0.90
Car 0.00 0 -2.32 0.00 203.39 114.25 374.00 1.44 1.61 3.76 -6.11 1.70 5.24 -3.18 0.89
Car 0.00 0 -6.10 387.05 180.03 520.80 224.74 1.48 1.63 4.32 -5.39 1.74 25.06 -6.31 0.86
Car 0.00 0 -5.92 285.12 183.12 473.52 244.47 1.40 1.51 4.12 -5.61 1.67 17.65 -6.23 0.82
Car 0.00 0 -5.97 333.03 181.52 481.03 234.47 1.42 1.44 3.78 -5.74 1.68 20.45 -6.24 0.74
Pedestrian 0.00 0 -3.48 1222.91 160.72 1241.00 260.14 1.81 0.62 0.77 12.05 1.59 13.53 -2.76 0.32
Pedestrian 0.00 0 -4.00 710.54 173.56 726.46 203.39 1.86 0.63 0.79 6.81 1.91 45.50 -3.86 0.32
Pedestrian 0.00 0 -6.12 759.32 178.90 777.73 216.37 1.63 0.59 0.71 6.96 1.90 31.84 -5.91 0.31
Car 0.00 0 -7.67 511.97 176.09 552.97 209.50 1.74 1.61 3.61 -4.27 1.93 39.88 -7.77 0.28
Pedestrian 0.00 0 -6.71 719.98 176.50 735.34 205.73 1.78 0.60 0.75 7.20 2.00 44.37 -6.55 0.27
Pedestrian 0.00 0 -3.47 1066.32 154.31 1165.41 300.68 1.83 0.60 0.91 6.53 1.60 9.43 -2.87 0.27
Car 0.00 0 -8.05 542.12 177.32 570.63 196.71 1.55 1.62 4.00 -4.56 1.93 60.65 -8.13 0.24
Car 0.00 0 -2.48 460.50 179.52 546.12 210.57 1.49 1.63 4.24 -5.53 1.84 37.02 -2.62 0.23
Cyclist 0.00 0 -4.87 912.59 173.00 932.64 213.56 1.69 0.54 1.66 13.39 1.70 31.02 -4.46 0.21
Pedestrian 0.00 0 -4.46 1193.74 156.07 1241.00 269.68 1.81 0.63 0.85 10.20 1.54 12.01 -3.76 0.19
Car 0.00 0 -6.08 403.37 168.79 521.72 219.16 1.86 1.72 4.16 -5.59 1.71 27.50 -6.28 0.18
Car 0.00 0 -6.30 503.89 174.32 566.17 203.44 1.75 1.73 3.75 -4.67 1.84 44.49 -6.41 0.18
Pedestrian 0.00 0 -8.28 726.99 177.76 745.88 211.07 1.65 0.65 0.82 6.32 1.90 36.31 -8.10 0.17
Car 0.00 0 -5.89 535.28 178.71 584.16 199.73 1.53 1.60 3.32 -3.81 1.98 54.43 -5.96 0.17
Cyclist 0.00 0 -4.99 1097.22 160.82 1124.95 199.95 1.68 0.58 1.62 22.02 1.16 31.79 -4.38 0.13
Cyclist 0.00 0 -4.56 143.80 186.83 208.91 299.33 1.51 0.61 1.59 -6.48 1.74 10.75 -5.11 0.12
Car 0.00 0 -7.88 639.40 172.90 666.24 200.17 1.88 1.78 4.51 3.01 1.88 51.99 -7.83 0.11
Pedestrian 0.00 0 -4.58 787.32 177.31 807.99 224.98 1.67 0.63 0.71 6.68 1.84 25.84 -4.33 0.11
Cyclist 0.00 0 -4.17 365.27 176.83 395.46 219.34 1.64 0.52 1.37 -9.19 1.81 28.77 -4.48 0.11
Cyclist 0.00 0 -8.28 921.48 175.27 951.27 221.18 1.64 0.38 1.59 12.03 1.74 26.72 -7.86 0.10
