Car 0.00 0 -6.67 712.30 179.49 931.57 259.37 1.47 1.65 3.88 4.10 1.61 14.44 -6.40 0.96
Car 0.00 0 -6.53 652.88 177.18 772.18 221.60 1.48 1.60 3.84 3.48 1.63 25.17 -6.39 0.92
Car 0.00 0 -2.45 0.00 192.70 120.94 374.00 1.49 1.57 3.55 -7.18 1.71 7.06 -3.25 0.84
Car 0.00 0 -2.55 0.00 188.58 210.89 321.23 1.51 1.59 3.99 -7.72 1.74 9.42 -3.23 0.81
Car 0.00 0 -2.67 183.80 185.44 369.14 249.90 1.50 1.62 3.89 -8.28 1.83 18.00 -3.10 0.60
Car 0.00 0 -6.50 640.75 176.73 746.86 216.71 1.47 1.56 3.78 3.12 1.62 27.62 -6.39 0.59
Car 0.00 0 -2.86 94.30 188.57 323.27 265.47 1.44 1.56 3.92 -8.28 1.79 15.14 -3.36 0.41
Pedestrian 0.00 0 -6.88 851.51 166.78 872.14 205.36 1.94 0.67 0.74 12.79 1.64 36.76 -6.55 0.33
Cyclist 0.00 0 -5.60 902.10 169.48 954.78 220.39 1.66 0.49 1.70 10.72 1.55 24.45 -5.19 0.32
Pedestrian 0.00 0 -3.83 942.62 167.04 963.38 204.08 1.87 0.57 0.77 17.44 1.58 36.77 -3.39 0.27
Car 0.00 0 -7.60 895.26 174.18 939.35 199.08 1.49 1.60 3.96 19.36 1.58 45.45 -7.19 0.24
Car 0.00 0 -7.91 1038.02 174.78 1076.02 203.45 1.50 1.61 3.31 24.63 1.61 39.89 -7.35 0.20
Pedestrian 0.00 0 -8.51 1135.54 155.68 1167.56 207.65 1.90 0.62 0.74 19.99 1.27 26.70 -7.87 0.18
Car 0.00 0 -4.92 975.55 168.98 1034.17 206.41 1.71 1.63 4.33 19.19 1.53 35.30 -4.43 0.17
Car 0.00 0 -4.59 933.63 167.91 959.17 186.62 1.57 1.55 3.90 29.13 1.15 62.48 -4.16 0.17
Pedestrian 0.00 0 -4.44 720.00 163.00 736.98 203.36 1.92 0.67 0.60 5.66 1.45 34.70 -4.28 0.16
Cyclist 0.00 0 -6.21 133.31 175.62 169.54 210.84 1.85 0.70 1.59 -24.58 2.00 38.64 -6.77 0.16
Car 0.00 0 -5.01 1062.84 174.58 1126.17 208.13 1.50 1.55 3.44 22.92 1.59 34.31 -4.42 0.15
Cyclist 0.00 0 -7.41 941.90 168.85 967.38 201.19 1.80 0.67 1.62 19.49 1.58 40.87 -6.97 0.14
Pedestrian 0.00 0 -3.14 751.23 170.67 762.95 200.18 1.90 0.62 0.74 9.54 1.76 46.95 -2.93 0.12
Pedestrian 0.00 0 -5.13 1160.77 152.31 1228.33 256.77 1.86 0.66 0.90 10.73 1.49 13.33 -4.45 0.12
Pedestrian 0.00 0 -4.32 353.81 198.98 374.74 241.69 1.15 0.38 0.50 -6.84 1.88 19.95 -4.65 0.11
Car 0.00 0 -4.85 763.58 177.19 846.71 236.43 1.46 1.66 4.29 5.31 1.59 20.28 -4.59 0.11
Pedestrian 0.00 0 -8.69 725.44 174.76 740.30 201.89 1.73 0.59 0.74 7.90 1.86 46.60 -8.52 0.11
Pedestrian 0.00 0 -2.96 1034.50 159.35 1062.15 215.89 1.93 0.64 0.72 15.21 1.47 25.11 -2.41 0.11
Car 0.00 0 -6.33 1004.34 178.39 1123.07 217.95 1.47 1.61 3.94 18.01 1.70 28.92 -5.78 0.11
Car 0.00 0 -4.94 840.90 175.38 884.44 201.31 1.45 1.58 3.95 14.93 1.61 42.90 -4.61 0.10
Cyclist 0.00 0 -7.88 526.66 171.90 532.30 193.86 1.67 0.38 1.61 -6.24 1.60 55.64 -8.00 0.10
Car 0.00 0 -7.05 0.00 185.01 101.86 220.02 1.42 1.59 3.99 -25.54 2.01 32.83 -7.71 0.10
