Car 0.00 0 -7.69 412.32 187.43 476.46 233.81 1.36 1.55 3.46 -5.49 1.88 24.06 -7.92 0.98
Car 0.00 0 -8.02 649.73 179.22 738.16 245.15 1.46 1.62 3.53 1.96 1.64 18.19 -7.91 0.97
Car 0.00 0 -4.18 0.00 196.32 323.90 374.00 1.51 1.71 4.49 -4.99 1.84 8.13 -4.73 0.96
Car 0.00 0 -7.96 615.96 178.53 664.83 219.27 1.48 1.56 3.62 1.10 1.72 28.64 -7.92 0.89
Car 0.00 0 -7.74 449.07 180.17 495.51 218.83 1.62 1.63 4.07 -6.31 1.98 33.20 -7.92 0.89
Car 0.00 0 -8.34 792.75 166.20 1241.00 374.00 1.66 1.62 3.78 2.89 1.62 6.19 -7.91 0.88
Car 0.00 0 -8.02 597.21 178.77 630.71 205.46 1.53 1.51 3.35 0.17 1.91 44.01 -8.01 0.74
Car 0.00 0 -6.71 797.94 168.50 976.31 232.38 1.50 1.57 3.80 6.71 1.39 17.80 -6.35 0.69
Car 0.00 0 -4.69 481.75 180.83 506.03 206.83 1.58 1.50 3.85 -7.58 2.12 47.13 -4.85 0.52
Pedestrian 0.00 0 -7.68 406.22 178.87 425.24 220.37 1.75 0.67 0.77 -8.39 2.02 31.04 -7.95 0.31
Pedestrian 0.00 0 -4.45 1030.58 154.76 1091.81 275.58 1.70 0.62 0.65 6.58 1.45 10.60 -3.90 0.30
Car 0.00 0 -4.53 502.84 180.05 528.35 197.91 1.47 1.52 3.87 -8.21 2.12 62.87 -4.66 0.18
Car 0.00 0 -7.67 613.27 168.93 640.47 190.37 1.83 1.69 4.08 1.50 1.50 63.78 -7.65 0.15
Pedestrian 0.00 0 -8.82 796.11 173.78 816.47 217.06 1.60 0.57 0.50 7.33 1.64 27.09 -8.55 0.14
Pedestrian 0.00 0 -4.34 40.53 167.17 111.25 303.79 1.98 0.59 0.85 -8.11 1.89 10.92 -4.98 0.13
Pedestrian 0.00 0 -4.46 931.65 145.25 987.66 269.33 1.85 0.63 0.71 5.39 1.44 11.23 -4.01 0.13
