Car 0.00 0 -6.58 797.55 167.10 924.12 212.19 1.49 1.57 3.80 8.48 1.30 24.72 -6.25 0.86
Car 0.00 0 -7.85 655.20 164.27 680.61 188.85 1.55 1.59 3.58 3.77 1.01 47.20 -7.77 0.56
Pedestrian 0.00 0 -8.46 974.43 175.62 1002.91 225.58 1.50 0.63 0.44 11.44 1.58 21.89 -7.98 0.25
Car 0.00 0 -7.14 412.48 175.09 506.77 214.74 1.45 1.63 3.70 -5.91 1.54 28.55 -7.35 0.22
Cyclist 0.00 0 -6.94 1030.17 166.08 1089.36 220.47 1.84 0.63 1.70 15.42 1.61 24.83 -6.39 0.22
Pedestrian 0.00 0 -5.54 1075.55 161.17 1165.15 291.20 1.62 0.59 0.75 6.57 1.47 9.39 -4.93 0.18
Car 0.00 0 -8.39 929.27 179.76 1241.00 358.82 1.44 1.66 4.36 5.30 1.54 8.17 -7.82 0.17
Pedestrian 0.00 0 -4.61 519.53 161.96 534.54 199.01 1.88 0.68 0.86 -4.29 1.33 37.05 -4.72 0.15
Pedestrian 0.00 0 -3.29 834.43 147.88 913.49 296.15 1.86 0.49 0.90 3.35 1.54 9.36 -2.95 0.13
Pedestrian 0.00 0 -4.99 1178.58 146.98 1241.00 265.26 1.74 0.65 0.70 9.18 1.36 11.06 -4.30 0.13
Car 0.00 0 -4.81 693.11 168.98 732.63 200.21 1.55 1.68 3.99 5.31 1.36 37.87 -4.67 0.11
Pedestrian 0.00 0 -5.14 936.54 157.69 962.09 211.90 1.87 0.62 0.59 11.80 1.35 25.19 -4.70 0.10
Pedestrian 0.00 0 -4.74 495.54 160.31 511.71 205.14 1.91 0.66 0.86 -4.64 1.37 31.14 -4.89 0.10
