Car 0.00 0 -4.27 114.06 182.73 341.13 302.54 1.63 1.72 4.23 -6.23 1.83 12.30 -4.74 0.95
Car 0.00 0 -3.78 0.00 224.77 0.01 374.00 1.42 1.68 4.05 -6.14 1.87 4.23 -4.75 0.94
Car 0.00 0 -4.38 297.33 179.30 418.34 254.38 1.71 1.68 4.28 -6.49 1.90 18.94 -4.71 0.92
Car 0.00 0 -4.59 509.33 178.86 554.33 212.06 1.55 1.75 4.41 -3.94 1.87 36.68 -4.70 0.90
Car 0.00 0 -4.46 417.59 185.35 476.88 222.66 1.38 1.54 3.62 -6.70 1.93 29.83 -4.68 0.83
Car 0.00 0 -7.80 632.90 175.60 657.97 198.71 1.57 1.58 3.55 2.52 1.77 51.20 -7.75 0.74
Car 0.00 0 -4.53 483.80 180.09 522.63 205.95 1.48 1.64 4.12 -6.58 1.95 44.60 -4.67 0.65
Car 0.00 0 -6.32 1143.72 140.39 1241.00 210.11 1.56 1.70 4.38 16.16 0.83 18.16 -5.59 0.55
Pedestrian 0.00 0 -3.16 926.27 151.73 969.24 236.48 1.92 0.55 0.89 7.78 1.44 16.76 -2.73 0.45
Car 0.00 0 -4.97 529.99 178.00 567.30 200.82 1.47 1.59 4.05 -4.30 1.84 49.67 -5.05 0.43
Car 0.00 0 -3.28 694.13 164.64 762.77 191.60 1.74 1.72 4.27 7.73 1.21 47.56 -3.12 0.34
Pedestrian 0.00 0 -8.33 1102.03 156.12 1135.47 202.93 1.63 0.81 0.54 17.89 1.05 25.45 -7.72 0.34
Car 0.00 0 -6.61 692.21 166.78 772.41 195.37 1.72 1.75 4.58 7.52 1.36 44.69 -6.44 0.26
Pedestrian 0.00 0 -4.35 1109.28 130.42 1181.09 266.20 1.91 0.58 0.88 7.85 1.32 10.65 -3.72 0.24
Cyclist 0.00 0 -8.73 865.03 160.08 906.31 202.62 1.73 0.52 1.67 11.51 1.21 30.27 -8.37 0.23
Pedestrian 0.00 0 -7.35 753.92 167.73 768.55 197.02 1.76 0.61 0.69 9.13 1.45 43.71 -7.15 0.22
Pedestrian 0.00 0 -5.77 317.79 175.78 329.67 205.79 1.77 0.56 0.44 -17.10 1.95 43.01 -6.15 0.18
Car 0.00 0 -5.46 1211.59 134.03 1241.00 165.09 1.60 1.65 3.99 35.93 -0.45 40.12 -4.73 0.18
Cyclist 0.00 0 -6.09 294.10 176.45 332.27 208.72 1.78 0.73 1.88 -16.70 1.99 40.54 -6.48 0.17
Car 0.00 0 -7.02 781.53 171.29 886.46 211.26 1.50 1.60 3.92 8.86 1.44 28.66 -6.72 0.16
Car 0.00 0 -8.23 856.37 156.81 899.06 180.58 1.74 1.68 3.95 20.20 0.56 54.67 -7.88 0.16
Car 0.00 0 -8.14 1020.50 146.04 1073.50 175.22 1.67 1.69 3.88 26.19 0.14 43.42 -7.60 0.15
Car 0.00 0 -7.72 682.63 171.29 710.82 193.13 1.59 1.61 4.05 6.60 1.48 54.82 -7.60 0.14
Car 0.00 0 -4.57 517.21 177.08 545.28 197.94 1.49 1.55 4.12 -5.94 1.83 54.58 -4.68 0.14
Car 0.00 0 -4.76 459.60 180.61 484.25 202.91 1.46 1.52 3.85 -9.78 2.03 50.82 -4.95 0.13
Cyclist 0.00 0 -2.39 427.40 180.17 475.57 226.01 1.65 0.73 1.72 -5.98 1.93 27.00 -2.61 0.12
Pedestrian 0.00 0 -3.29 399.98 168.96 424.91 221.55 1.89 0.60 0.80 -7.28 1.75 26.42 -3.56 0.12
Car 0.00 0 -5.25 1163.74 132.38 1241.00 162.35 1.51 1.66 4.23 32.90 -0.61 40.03 -4.57 0.11
Car 0.00 0 -7.86 655.07 172.07 682.48 199.50 1.68 1.67 3.73 3.69 1.63 46.02 -7.78 0.11
Car 0.00 0 -8.07 1075.22 157.50 1154.60 198.70 1.44 1.61 4.16 19.04 0.90 27.45 -7.46 0.10
