Car 0.00 0 -7.85 630.99 173.83 670.92 212.68 1.56 1.61 3.41 1.71 1.61 30.83 -7.80 0.89
Car 0.00 0 -4.59 516.41 179.87 566.27 217.13 1.47 1.64 4.19 -2.96 1.80 31.39 -4.68 0.84
Car 0.00 0 -4.69 543.20 175.32 575.54 206.19 1.55 1.63 4.04 -2.70 1.69 38.53 -4.76 0.51
Pedestrian 0.00 0 -4.65 442.44 175.82 465.31 224.38 1.81 0.79 0.98 -5.97 1.92 27.45 -4.86 0.48
Car 0.00 0 -4.70 563.17 173.01 587.38 196.36 1.57 1.62 4.08 -2.44 1.58 50.51 -4.75 0.45
Pedestrian 0.00 0 -7.36 405.91 190.39 426.61 229.23 1.46 0.60 0.51 -7.47 2.14 27.68 -7.63 0.28
Cyclist 0.00 0 -8.10 1128.15 95.50 1241.00 374.00 1.89 0.65 1.70 3.38 1.56 3.99 -7.40 0.27
Pedestrian 0.00 0 -4.96 1241.85 156.73 1241.00 273.29 1.60 0.63 0.66 9.52 1.38 10.36 -4.22 0.24
Car 0.00 0 -3.70 856.69 174.36 1157.09 267.34 1.42 1.52 4.21 6.40 1.45 11.97 -3.21 0.23
Car 0.00 0 -7.56 670.68 171.39 709.65 196.44 1.58 1.60 3.52 5.27 1.49 47.41 -7.45 0.22
Cyclist 0.00 0 -8.13 682.33 165.85 698.76 197.26 1.78 0.48 1.73 4.62 1.38 41.79 -8.02 0.20
Pedestrian 0.00 0 -4.32 227.53 182.21 284.10 281.25 1.75 0.66 0.86 -6.57 1.93 13.32 -4.78 0.18
Cyclist 0.00 0 -8.10 1048.53 151.77 1127.87 280.19 1.71 0.54 1.71 6.84 1.43 10.48 -7.52 0.17
Pedestrian 0.00 0 -3.47 700.43 164.16 729.11 214.13 1.90 0.60 0.95 3.98 1.57 27.75 -3.33 0.16
Pedestrian 0.00 0 -8.64 1165.83 156.88 1236.27 271.55 1.61 0.58 0.53 8.47 1.38 10.41 -7.95 0.15
Pedestrian 0.00 0 -5.01 1209.25 155.95 1241.00 242.34 1.72 0.58 0.77 12.75 1.38 14.80 -4.30 0.15
Pedestrian 0.00 0 -4.92 689.55 162.55 705.71 199.05 1.84 0.64 0.92 4.44 1.32 36.90 -4.80 0.14
Pedestrian 0.00 0 -8.02 381.91 177.83 410.71 240.72 1.75 0.65 0.87 -6.18 1.90 20.71 -8.31 0.13
Pedestrian 0.00 0 -4.18 0.00 173.44 4.70 296.34 1.95 0.65 0.95 -10.79 1.96 12.00 -4.92 0.12
Car 0.00 0 -7.74 589.80 168.71 612.37 186.83 1.60 1.64 3.95 -0.80 1.24 65.98 -7.76 0.10
Pedestrian 0.00 0 -5.07 954.82 157.92 998.99 248.74 1.74 0.57 0.68 7.17 1.46 14.21 -4.60 0.10
