Car 0.00 0 -3.88 0.00 233.22 198.76 374.00 1.48 1.56 3.83 -3.30 1.87 2.60 -4.79 0.36
Cyclist 0.00 0 -7.64 296.30 185.62 339.53 268.08 1.70 0.56 1.62 -6.50 2.00 15.99 -8.02 0.28
Car 0.00 0 -4.61 324.24 188.96 386.12 237.93 1.46 1.62 4.17 -8.87 2.08 25.25 -4.95 0.23
Cyclist 0.00 0 -8.08 1029.04 155.27 1083.06 253.74 1.65 0.45 1.66 7.90 1.35 12.92 -7.53 0.22
Pedestrian 0.00 0 -4.16 1155.24 141.83 1228.62 263.91 1.74 0.60 0.63 8.53 1.30 10.65 -3.48 0.17
Pedestrian 0.00 0 -7.82 584.29 156.44 617.67 259.13 2.02 0.65 1.09 -0.22 1.69 14.71 -7.84 0.16
Pedestrian 0.00 0 -5.25 986.96 121.48 1099.49 318.17 1.92 0.63 0.90 4.42 1.42 7.51 -4.72 0.14
Car 0.00 0 -7.87 930.62 163.29 1078.62 288.61 1.53 1.65 4.24 5.91 1.41 11.07 -7.38 0.12
Car 0.00 0 -5.97 184.03 191.85 352.06 244.85 1.45 1.64 4.25 -10.17 2.05 21.61 -6.41 0.12
Pedestrian 0.00 0 -5.65 896.52 169.74 933.23 240.46 1.51 0.49 0.56 6.63 1.45 15.81 -5.26 0.11
Car 0.00 0 -5.62 78.85 181.57 158.25 206.40 1.45 1.55 3.83 -29.74 1.99 43.67 -6.22 0.10
