Car 0.00 0 -8.41 858.44 173.48 1241.00 374.00 1.49 1.63 4.32 3.47 1.50 5.67 -7.86 0.95
Car 0.00 0 -7.68 505.30 183.52 589.09 240.58 1.38 1.65 4.33 -1.71 1.71 20.47 -7.77 0.95
Car 0.00 0 -7.74 554.28 179.95 605.27 220.48 1.48 1.62 4.23 -1.20 1.79 29.33 -7.79 0.88
Car 0.00 0 -7.96 691.34 172.44 734.52 209.16 1.62 1.60 3.58 4.70 1.60 33.57 -7.82 0.75
Car 0.00 0 -7.66 676.98 175.08 709.59 197.47 1.51 1.60 3.75 5.90 1.67 51.02 -7.55 0.49
Pedestrian 0.00 0 -5.39 819.50 148.51 886.44 258.02 1.79 0.65 0.92 4.09 1.39 12.34 -5.07 0.41
Pedestrian 0.00 0 -5.58 925.78 155.71 976.14 242.56 1.70 0.58 0.71 6.84 1.37 14.60 -5.14 0.26
Car 0.00 0 -7.98 710.40 178.59 787.69 233.83 1.44 1.68 4.40 3.97 1.63 21.47 -7.80 0.21
Car 0.00 0 -5.05 713.64 169.40 834.62 246.17 1.63 1.64 3.76 3.73 1.56 17.27 -4.84 0.18
Pedestrian 0.00 0 -4.29 970.36 158.71 1015.77 248.43 1.67 0.61 0.52 7.30 1.41 13.85 -3.81 0.16
Pedestrian 0.00 0 -4.11 279.74 165.86 323.24 247.86 1.85 0.62 0.74 -7.17 1.69 16.67 -4.52 0.15
Pedestrian 0.00 0 -4.09 331.27 170.90 377.54 250.00 1.76 0.64 0.82 -5.89 1.72 16.52 -4.43 0.11
Pedestrian 0.00 0 -3.67 963.30 161.76 995.58 226.21 1.79 0.63 0.57 10.35 1.48 20.31 -3.20 0.11
Pedestrian 0.00 0 -6.48 992.38 143.93 1047.42 275.17 1.65 0.48 0.54 5.26 1.29 9.37 -5.97 0.11
Cyclist 0.00 0 -4.28 549.91 170.61 572.60 203.71 1.75 0.56 1.72 -2.67 1.63 39.12 -4.34 0.10
