Pedestrian 0.00 0 -7.73 677.00 160.95 704.94 224.65 1.67 0.64 0.94 2.39 1.13 19.36 -7.61 0.69
Pedestrian 0.00 0 -4.76 590.45 161.06 620.38 235.40 1.73 0.67 0.92 0.05 1.25 17.14 -4.76 0.67
Pedestrian 0.00 0 -5.04 636.53 164.03 667.52 229.50 1.63 0.63 0.59 1.25 1.20 18.28 -4.97 0.66
Car 0.00 0 -4.55 552.50 168.03 587.17 194.28 1.61 1.61 3.93 -1.98 0.79 46.20 -4.59 0.66
Pedestrian 0.00 0 -3.73 643.46 160.09 683.89 234.44 1.71 0.57 0.77 1.44 1.22 16.98 -3.65 0.66
Pedestrian 0.00 0 -4.53 686.12 156.38 711.81 217.30 1.74 0.60 0.81 2.82 1.02 20.98 -4.39 0.56
Pedestrian 0.00 0 -4.92 1053.39 116.41 1230.44 373.00 1.78 0.61 0.94 2.97 1.46 4.10 -4.29 0.51
Pedestrian 0.00 0 -7.89 709.64 154.76 732.57 216.78 1.78 0.63 0.91 3.49 1.02 21.14 -7.72 0.48
Pedestrian 0.00 0 -5.78 541.13 166.61 558.76 200.31 1.91 0.72 0.75 -2.95 1.07 41.18 -5.85 0.48
Pedestrian 0.00 0 -7.43 328.62 173.36 407.26 319.22 1.63 0.61 0.79 -2.78 1.54 8.47 -7.75 0.47
Cyclist 0.00 0 -3.29 488.71 160.76 535.99 209.32 1.79 0.68 1.69 -3.38 1.03 27.08 -3.41 0.47
Cyclist 0.00 0 -8.02 614.48 159.60 641.66 211.87 1.76 0.66 1.80 0.89 1.02 25.15 -7.98 0.44
Pedestrian 0.00 0 -5.40 470.08 158.03 536.38 272.45 1.80 0.65 0.91 -1.66 1.43 11.83 -5.54 0.43
Pedestrian 0.00 0 -8.15 437.51 163.22 471.41 234.82 1.74 0.63 0.77 -3.71 1.30 17.96 -8.36 0.43
Pedestrian 0.00 0 -7.81 630.56 164.00 645.98 202.66 1.77 0.68 0.76 1.69 0.97 33.20 -7.76 0.42
Pedestrian 0.00 0 -3.98 836.34 169.41 880.63 246.44 1.50 0.63 0.55 5.12 1.27 14.43 -3.64 0.39
Pedestrian 0.00 0 -7.35 742.89 155.00 855.53 352.72 1.71 0.65 0.95 1.82 1.48 6.76 -7.08 0.39
Pedestrian 0.00 0 -5.34 382.37 173.98 399.09 206.53 1.67 0.58 0.62 -10.95 1.29 37.33 -5.63 0.38
Pedestrian 0.00 0 -6.56 530.18 162.35 549.53 199.58 1.86 0.65 0.83 -3.13 0.90 36.35 -6.65 0.37
Pedestrian 0.00 0 -4.14 473.58 160.80 496.29 206.47 1.81 0.65 0.66 -4.70 0.99 28.91 -4.31 0.34
Pedestrian 0.00 0 -4.89 664.96 160.00 684.79 209.02 1.74 0.56 0.90 2.63 0.98 25.99 -4.79 0.34
Cyclist 0.00 0 -5.97 0.00 181.90 180.27 340.15 1.57 0.80 1.77 -5.72 1.58 7.79 -6.60 0.32
Cyclist 0.00 0 -7.79 814.00 156.08 839.65 228.09 1.66 0.49 1.69 5.43 1.07 17.39 -7.49 0.30
Pedestrian 0.00 0 -6.36 1063.22 121.73 1211.02 357.80 1.79 0.58 0.93 4.32 1.34 5.93 -5.73 0.29
Pedestrian 0.00 0 -3.91 764.79 162.35 792.70 212.36 1.62 0.57 0.69 5.84 1.00 23.75 -3.67 0.28
Pedestrian 0.00 0 -3.97 877.18 153.07 941.31 260.55 1.72 0.61 0.78 5.07 1.27 11.95 -3.57 0.22
Pedestrian 0.00 0 -4.59 728.17 215.39 758.79 301.82 1.06 0.33 0.57 1.82 1.52 9.40 -4.40 0.21
Pedestrian 0.00 0 -4.32 59.73 215.48 169.30 373.00 1.32 0.48 0.60 -3.62 1.59 5.31 -4.92 0.21
Pedestrian 0.00 0 -3.89 0.00 253.85 160.10 373.00 1.37 0.52 0.64 -2.37 1.71 2.99 -4.56 0.20
Car 0.00 0 -8.12 684.29 176.70 789.00 243.49 1.34 1.45 3.42 2.89 1.25 16.19 -7.94 0.19
Pedestrian 0.00 0 -4.20 712.24 156.71 735.95 210.18 1.77 0.56 0.61 4.11 0.95 24.20 -4.03 0.16
Pedestrian 0.00 0 -5.33 780.39 152.50 815.68 217.33 1.76 0.55 0.86 5.43 0.97 20.00 -5.06 0.16
Pedestrian 0.00 0 -7.91 700.68 161.36 713.71 193.37 1.95 0.77 0.42 6.50 0.73 44.11 -7.77 0.16
Pedestrian 0.00 0 -4.59 334.57 211.97 381.48 344.32 1.23 0.37 0.68 -2.48 1.55 7.19 -4.92 0.15
Pedestrian 0.00 0 -4.12 731.42 157.46 754.81 201.07 1.86 0.64 0.84 6.14 0.84 31.20 -3.93 0.15
Cyclist 0.00 0 -7.98 746.11 155.41 762.77 202.38 1.73 0.41 1.65 5.77 0.77 27.22 -7.77 0.15
Pedestrian 0.00 0 -6.82 722.93 160.78 745.03 201.03 1.76 0.63 0.75 5.87 0.86 31.91 -6.64 0.14
Pedestrian 0.00 0 -5.69 518.02 164.99 542.02 204.87 1.74 0.67 0.83 -3.18 1.02 31.82 -5.79 0.14
Pedestrian 0.00 0 -5.97 1122.13 136.04 1206.98 274.71 1.87 0.67 0.78 7.95 1.26 10.20 -5.31 0.14
Pedestrian 0.00 0 -7.80 640.44 165.75 650.88 192.10 1.79 0.68 0.71 3.05 0.72 49.31 -7.74 0.14
Pedestrian 0.00 0 -4.53 722.17 162.51 739.90 208.89 1.68 0.55 0.55 4.73 0.99 26.31 -4.35 0.13
Pedestrian 0.00 0 -4.19 152.55 154.20 244.37 307.48 1.78 0.65 0.84 -4.94 1.46 8.76 -4.70 0.13
Pedestrian 0.00 0 -6.54 175.68 162.81 211.89 263.68 1.72 0.58 0.41 -7.18 1.40 12.58 -7.06 0.13
Pedestrian 0.00 0 -3.63 930.75 166.69 980.45 271.02 1.55 0.53 0.48 5.34 1.33 10.94 -3.18 0.12
Pedestrian 0.00 0 -4.72 276.30 140.59 339.32 307.25 1.89 0.67 0.97 -3.60 1.42 8.70 -5.11 0.12
Car 0.00 0 -7.54 638.06 172.05 679.61 195.45 1.47 1.63 3.89 3.84 0.88 47.38 -7.46 0.12
Pedestrian 0.00 0 -3.86 309.21 188.64 362.81 292.13 1.35 0.44 0.52 -3.65 1.45 9.75 -4.22 0.11
Pedestrian 0.00 0 -4.20 56.54 168.42 150.41 318.02 1.69 0.62 0.77 -5.94 1.55 8.54 -4.81 0.11
Car 0.00 0 -6.86 1016.35 174.71 1237.00 304.80 1.40 1.52 3.85 7.37 1.32 8.69 -6.16 0.11
Pedestrian 0.00 0 -7.20 0.00 202.98 117.04 373.00 1.43 0.59 0.58 -3.55 1.58 4.46 -7.87 0.11
Car 0.00 0 -8.43 590.38 171.17 645.52 194.15 1.46 1.61 4.25 1.06 0.80 47.79 -8.41 0.11
Cyclist 0.00 0 -7.23 389.50 165.02 421.07 205.50 1.75 0.45 1.69 -8.70 1.04 31.87 -7.50 0.10
Pedestrian 0.00 0 -3.53 694.49 159.88 707.19 204.67 1.87 0.48 0.37 4.17 0.97 30.23 -3.39 0.10
Cyclist 0.00 0 -3.87 678.92 181.30 780.89 279.68 1.46 0.55 1.63 1.99 1.46 11.30 -3.70 0.10
