Cyclist 0.00 0 -4.55 69.76 179.19 83.88 206.42 1.65 0.45 1.63 -33.28 2.06 45.01 -5.19 0.37
Car 0.00 0 -5.08 648.05 177.74 720.42 216.63 1.54 1.67 4.31 3.10 1.76 31.38 -4.98 0.32
Car 0.00 0 -6.98 77.21 182.53 170.48 213.11 1.44 1.57 3.92 -25.18 1.97 37.48 -7.57 0.25
Car 0.00 0 -8.59 1198.44 183.28 1241.00 219.34 1.87 1.72 4.09 35.73 2.49 40.72 -7.87 0.24
Car 0.00 0 -4.51 759.22 170.88 794.66 196.09 1.68 1.64 4.10 11.68 1.55 50.43 -4.29 0.20
Cyclist 0.00 0 -7.69 836.66 170.64 850.93 207.05 1.68 0.37 1.69 11.06 1.58 34.22 -7.37 0.17
Car 0.00 0 -4.42 779.15 177.38 836.84 209.95 1.49 1.62 4.21 9.84 1.73 35.81 -4.15 0.15
Car 0.00 0 -7.32 0.00 181.61 90.54 216.69 1.46 1.67 3.88 -25.85 1.88 33.03 -7.99 0.12
Car 0.00 0 -4.63 795.59 160.05 822.41 187.50 2.22 1.80 4.55 16.77 1.18 60.77 -4.36 0.11
Car 0.00 0 -4.61 826.71 167.23 853.82 192.06 1.96 1.73 3.83 18.80 1.51 58.91 -4.30 0.11
Cyclist 0.00 0 -8.16 1013.38 171.88 1049.23 233.45 1.60 0.39 1.55 11.37 1.58 19.58 -7.63 0.10
