Car 0.00 0 -7.69 444.10 187.88 551.89 264.52 1.35 1.61 4.27 -2.33 1.73 15.73 -7.83 0.90
Car 0.00 0 -7.75 512.29 181.41 572.50 229.41 1.44 1.63 4.14 -2.26 1.76 24.52 -7.85 0.89
Car 0.00 0 -7.97 673.87 171.74 724.70 213.62 1.58 1.61 3.74 3.50 1.54 29.12 -7.85 0.80
Car 0.00 0 -8.04 704.80 173.81 812.85 249.92 1.55 1.69 4.12 3.27 1.58 16.83 -7.85 0.66
Car 0.00 0 -7.86 659.09 173.73 685.52 198.90 1.55 1.63 3.87 3.97 1.61 46.52 -7.78 0.59
Pedestrian 0.00 0 -5.03 912.86 133.72 1005.76 314.27 1.81 0.64 0.91 3.66 1.42 7.73 -4.58 0.51
Pedestrian 0.00 0 -5.26 1033.26 144.30 1101.87 268.74 1.69 0.54 0.67 6.35 1.30 10.12 -4.70 0.23
Car 0.00 0 -5.93 143.60 192.15 344.10 291.98 1.40 1.54 2.42 -5.67 1.72 11.32 -6.39 0.19
Pedestrian 0.00 0 -8.12 975.33 162.98 996.91 220.10 1.82 0.55 0.33 12.03 1.50 23.18 -7.64 0.19
Pedestrian 0.00 0 -8.91 1108.81 145.46 1166.85 251.77 1.85 0.59 0.63 9.41 1.37 12.94 -8.29 0.17
Pedestrian 0.00 0 -4.92 1119.17 132.44 1184.82 273.06 1.75 0.57 0.57 6.96 1.25 9.36 -4.28 0.17
Pedestrian 0.00 0 -8.69 828.35 138.35 921.60 303.06 1.78 0.59 0.82 2.98 1.41 8.31 -8.35 0.12
Pedestrian 0.00 0 -3.56 877.84 146.03 956.32 281.97 1.71 0.57 0.77 3.92 1.37 9.38 -3.17 0.11
Car 0.00 0 -7.99 672.67 164.76 696.57 185.79 1.91 1.65 4.27 6.95 1.18 67.71 -7.89 0.10
Pedestrian 0.00 0 -3.34 1105.10 156.72 1148.85 257.50 1.69 0.59 0.51 8.88 1.42 12.47 -2.72 0.10
