Pedestrian 0.00 0 -3.62 619.79 162.62 716.59 315.98 1.77 0.61 1.01 0.76 1.56 8.77 -3.53 0.91
Cyclist 0.00 0 -4.55 345.00 168.04 455.82 373.00 1.76 0.60 2.02 -1.72 1.67 6.24 -4.82 0.88
Pedestrian 0.00 0 -7.81 551.21 174.99 575.60 234.22 1.69 0.67 0.81 -1.13 1.51 20.91 -7.86 0.77
Pedestrian 0.00 0 -7.95 508.90 173.92 530.65 229.37 1.71 0.60 0.83 -2.60 1.47 22.57 -8.07 0.76
Pedestrian 0.00 0 -4.49 201.15 159.13 328.05 373.00 1.84 0.69 0.96 -2.57 1.69 5.47 -4.93 0.72
Pedestrian 0.00 0 -5.67 574.91 175.78 603.52 230.83 1.65 0.56 0.67 -0.40 1.48 21.91 -5.69 0.65
Pedestrian 0.00 0 -4.87 601.00 174.95 620.74 229.69 1.68 0.49 0.83 0.26 1.48 22.51 -4.86 0.65
Pedestrian 0.00 0 -4.96 1017.28 110.43 1209.13 373.00 1.86 0.69 0.90 2.85 1.50 4.17 -4.36 0.60
Pedestrian 0.00 0 -3.51 482.20 171.04 510.69 229.05 1.75 0.67 0.67 -3.27 1.44 22.17 -3.66 0.59
Pedestrian 0.00 0 -4.65 591.45 176.14 610.11 233.24 1.63 0.51 0.58 -0.04 1.48 20.83 -4.66 0.54
Pedestrian 0.00 0 -7.97 573.80 170.08 591.63 216.99 1.84 0.61 0.98 -0.77 1.39 28.73 -7.99 0.50
Pedestrian 0.00 0 -3.74 891.97 143.33 964.81 269.03 1.91 0.67 0.80 5.08 1.33 11.29 -3.31 0.49
Pedestrian 0.00 0 -8.25 623.06 171.26 645.68 215.14 1.80 0.72 0.71 1.35 1.38 29.87 -8.20 0.48
Pedestrian 0.00 0 -7.90 666.75 167.93 684.42 221.06 1.81 0.57 0.80 2.54 1.35 24.91 -7.79 0.48
Pedestrian 0.00 0 -3.27 917.73 154.10 972.59 263.14 1.74 0.60 0.74 5.62 1.30 11.85 -2.83 0.48
Cyclist 0.00 0 -2.88 605.57 173.05 637.27 206.13 1.85 0.62 1.69 1.13 1.38 40.62 -2.85 0.42
Pedestrian 0.00 0 -7.91 650.04 169.45 668.53 216.76 1.82 0.68 0.69 2.23 1.36 28.00 -7.83 0.39
Pedestrian 0.00 0 -7.79 882.37 156.74 923.04 261.40 1.76 0.61 0.78 5.24 1.35 12.58 -7.39 0.36
Pedestrian 0.00 0 -7.85 453.07 174.56 466.13 210.56 1.89 0.67 0.51 -7.51 1.53 38.00 -8.05 0.34
Pedestrian 0.00 0 -3.09 703.53 165.26 726.86 220.34 1.89 0.65 0.78 3.95 1.34 25.08 -2.94 0.34
Pedestrian 0.00 0 -6.43 504.08 176.28 517.32 203.59 1.81 0.55 0.81 -6.05 1.46 47.99 -6.55 0.32
Pedestrian 0.00 0 -8.12 478.73 171.82 495.47 210.85 1.83 0.63 0.69 -5.43 1.37 34.03 -8.27 0.31
Pedestrian 0.00 0 -6.55 589.31 170.77 608.76 225.96 1.78 0.58 0.50 -0.11 1.44 23.57 -6.56 0.30
Cyclist 0.00 0 -7.75 441.56 182.45 466.33 248.00 1.63 0.46 1.63 -3.86 1.66 18.70 -7.95 0.29
Pedestrian 0.00 0 -4.69 319.92 191.32 359.86 289.98 1.50 0.58 0.60 -4.17 1.66 11.34 -5.04 0.28
Car 0.00 0 -7.09 956.41 166.35 1237.00 300.99 1.48 1.56 3.89 6.68 1.32 9.01 -6.45 0.28
Pedestrian 0.00 0 -6.10 923.11 156.34 971.33 259.73 1.75 0.59 0.66 6.02 1.32 12.58 -5.65 0.28
Pedestrian 0.00 0 -3.45 0.00 228.67 3.97 373.00 1.57 0.63 0.72 -2.85 1.77 2.63 -4.27 0.27
Pedestrian 0.00 0 -7.67 0.00 169.99 21.00 371.28 1.70 0.67 0.79 -5.87 1.61 6.58 -8.40 0.27
Pedestrian 0.00 0 -5.04 156.45 171.25 244.88 336.55 1.74 0.64 0.81 -4.55 1.63 8.06 -5.56 0.26
Pedestrian 0.00 0 -4.44 638.00 171.71 662.25 223.30 1.74 0.64 0.82 1.66 1.41 24.77 -4.38 0.25
Car 0.00 0 -4.83 514.67 179.35 541.11 200.50 1.57 1.58 3.85 -5.68 1.41 55.40 -4.93 0.21
Pedestrian 0.00 0 -4.55 215.82 168.53 260.87 269.37 1.91 0.65 0.95 -7.17 1.66 14.14 -5.02 0.21
Cyclist 0.00 0 -8.71 868.49 153.62 1237.00 373.00 1.68 0.59 1.77 2.06 1.59 3.44 -8.17 0.21
Pedestrian 0.00 0 -5.18 636.12 163.35 690.82 264.09 1.88 0.68 1.00 1.15 1.54 13.97 -5.10 0.20
Cyclist 0.00 0 -8.05 689.21 170.73 710.24 216.61 1.70 0.48 1.67 3.74 1.31 27.54 -7.92 0.20
Pedestrian 0.00 0 -4.53 416.58 177.17 452.11 255.66 1.65 0.64 0.67 -3.63 1.56 15.46 -4.76 0.19
Pedestrian 0.00 0 -4.52 330.11 200.51 388.73 323.31 1.37 0.54 0.70 -2.90 1.61 8.52 -4.85 0.19
Pedestrian 0.00 0 -5.08 733.99 165.95 769.19 235.26 1.83 0.65 0.91 4.02 1.42 19.42 -4.87 0.18
Pedestrian 0.00 0 -5.03 1219.83 84.85 1237.00 373.00 1.89 0.64 0.90 4.39 1.36 4.52 -4.26 0.17
Pedestrian 0.00 0 -7.53 461.24 174.40 489.71 230.76 1.72 0.62 0.92 -3.94 1.50 22.36 -7.71 0.16
Cyclist 0.00 0 -7.75 571.59 174.87 581.41 207.69 1.62 0.35 1.52 -1.26 1.30 36.32 -7.79 0.15
Cyclist 0.00 0 -7.25 753.18 169.34 804.20 228.77 1.77 0.73 1.64 5.45 1.41 22.17 -7.01 0.14
Car 0.00 0 -3.16 629.77 177.98 763.56 230.12 1.60 1.63 4.12 3.00 1.50 23.13 -3.03 0.14
Cyclist 0.00 0 -7.99 495.68 175.59 508.81 209.20 1.77 0.50 1.58 -5.36 1.46 38.75 -8.12 0.13
Pedestrian 0.00 0 -3.52 1067.70 178.26 1195.48 373.00 1.46 0.44 0.63 3.78 1.44 5.22 -2.89 0.13
Cyclist 0.00 0 -7.73 500.61 177.99 510.72 205.37 1.62 0.44 1.41 -5.74 1.41 43.13 -7.87 0.13
Pedestrian 0.00 0 -4.61 284.84 169.65 322.54 261.59 1.85 0.64 0.86 -6.21 1.61 14.92 -5.00 0.11
Cyclist 0.00 0 -7.98 688.49 171.37 702.22 212.77 1.67 0.36 1.61 3.88 1.27 29.85 -7.85 0.11
