Car 0.00 0 -3.87 0.00 223.00 254.07 374.00 1.45 1.71 4.59 -3.71 1.84 3.35 -4.71 0.97
Car 0.00 0 -4.37 239.54 174.13 441.27 309.75 1.75 1.65 4.07 -4.02 1.77 11.38 -4.71 0.95
Car 0.00 0 -4.61 493.88 177.53 542.72 217.26 1.43 1.53 3.97 -3.60 1.63 28.52 -4.74 0.89
Car 0.00 0 -4.56 510.33 173.63 556.02 208.09 1.55 1.59 4.06 -3.66 1.59 34.58 -4.67 0.69
Cyclist 0.00 0 -6.13 474.88 164.52 504.87 194.40 1.91 0.68 1.83 -7.78 1.38 46.59 -6.30 0.25
Pedestrian 0.00 0 -2.77 242.26 172.31 303.90 267.35 1.79 0.67 0.90 -6.53 1.78 13.91 -3.21 0.23
Car 0.00 0 -7.76 551.24 168.94 578.67 189.84 1.51 1.68 4.28 -3.39 1.23 54.45 -7.82 0.17
Car 0.00 0 -7.94 494.64 159.56 518.60 181.11 1.75 1.67 3.83 -8.74 0.67 60.64 -8.08 0.15
Cyclist 0.00 0 -2.89 443.75 170.82 479.72 206.10 1.73 0.65 1.63 -7.36 1.63 35.65 -3.09 0.15
Pedestrian 0.00 0 -5.56 22.00 167.86 101.35 277.54 1.86 0.63 0.91 -9.58 1.77 12.56 -6.21 0.14
Cyclist 0.00 0 -4.57 422.56 175.75 442.34 221.40 1.62 0.49 1.58 -6.56 1.73 26.51 -4.81 0.12
Car 0.00 0 -8.08 651.76 163.70 681.70 183.63 1.60 1.67 3.85 4.67 0.87 60.11 -8.00 0.12
Car 0.00 0 -7.97 652.24 165.46 674.27 182.09 1.53 1.62 4.10 4.99 0.85 68.25 -7.89 0.12
Pedestrian 0.00 0 -4.45 866.50 143.65 950.25 318.57 1.89 0.70 0.84 3.40 1.57 8.34 -4.06 0.12
