Car 0.00 0 -7.91 573.19 178.19 603.53 205.08 1.57 1.67 3.97 -1.42 1.92 45.09 -7.94 0.88
Car 0.00 0 -4.43 219.27 181.09 296.87 226.78 1.57 1.63 3.95 -13.40 1.91 27.62 -4.88 0.36
Car 0.00 0 -4.59 425.33 179.94 474.61 217.87 1.64 1.74 4.52 -7.60 2.00 34.44 -4.80 0.26
Pedestrian 0.00 0 -6.56 913.88 154.30 956.49 252.73 1.67 0.62 0.53 5.61 1.36 12.58 -6.14 0.18
Pedestrian 0.00 0 -5.77 618.57 173.18 629.82 194.49 1.81 0.51 0.82 1.19 1.84 61.82 -5.75 0.17
Car 0.00 0 -2.51 298.08 187.94 371.84 213.91 1.46 1.60 3.96 -16.54 2.39 43.35 -2.87 0.13
Car 0.00 0 -4.56 455.86 179.76 494.85 209.05 1.59 1.64 4.23 -7.86 2.01 42.27 -4.75 0.12
Car 0.00 0 -4.65 489.18 179.92 514.85 204.19 1.59 1.55 3.40 -7.47 2.09 49.91 -4.80 0.10
Pedestrian 0.00 0 -7.52 713.55 175.18 728.38 210.44 1.66 0.55 0.56 5.26 1.78 34.47 -7.37 0.10
Pedestrian 0.00 0 -7.32 1047.29 151.26 1126.39 279.73 1.65 0.59 0.74 6.34 1.37 9.68 -6.74 0.10
