Car 0.00 0 -8.05 698.19 180.66 847.81 289.11 1.50 1.62 4.21 2.53 1.66 12.41 -7.85 0.96
Car 0.00 0 -7.51 118.30 185.82 444.95 374.00 1.50 1.62 4.32 -3.02 1.68 7.60 -7.89 0.95
Car 0.00 0 -7.88 647.22 182.12 690.32 219.96 1.41 1.64 3.42 2.30 1.81 29.40 -7.81 0.93
Car 0.00 0 -7.80 646.67 175.28 681.63 207.75 1.68 1.72 3.92 2.99 1.83 39.79 -7.73 0.48
Pedestrian 0.00 0 -5.08 742.86 161.73 768.26 216.63 1.99 0.70 0.74 5.32 1.59 26.63 -4.89 0.25
Car 0.00 0 -4.41 665.49 174.08 704.78 199.83 1.72 1.64 3.97 5.27 1.81 50.51 -4.31 0.21
Pedestrian 0.00 0 -5.74 0.00 143.74 107.41 345.10 1.78 0.61 0.88 -5.40 1.53 6.74 -6.41 0.20
Cyclist 0.00 0 -7.75 511.47 175.33 526.27 215.84 1.73 0.48 1.69 -4.05 1.84 31.78 -7.88 0.16
Pedestrian 0.00 0 -3.65 812.57 164.84 851.84 242.87 1.85 0.64 0.68 5.33 1.66 17.47 -3.35 0.13
Pedestrian 0.00 0 -2.60 544.79 175.46 560.67 203.64 1.79 0.61 0.82 -3.71 1.96 46.32 -2.68 0.11
Pedestrian 0.00 0 -5.62 77.02 152.07 180.96 324.81 1.79 0.60 0.72 -5.23 1.57 7.79 -6.21 0.10
