Pedestrian 0.00 0 -6.06 132.42 160.34 264.33 346.72 1.78 0.55 1.07 -4.14 1.59 7.17 -6.59 0.62
Car 0.00 0 -3.99 0.00 184.30 70.08 236.05 1.46 1.63 4.02 -19.26 1.60 22.30 -4.70 0.21
Pedestrian 0.00 0 -8.14 837.82 169.73 870.98 234.29 1.59 0.61 0.70 6.24 1.33 17.80 -7.80 0.20
Car 0.00 0 -8.88 1109.73 191.37 1223.00 369.00 1.49 1.54 3.08 5.01 1.58 4.28 -8.01 0.19
Pedestrian 0.00 0 -5.11 986.24 228.35 1079.08 369.00 1.18 0.37 0.67 3.17 1.57 5.35 -4.58 0.17
Pedestrian 0.00 0 -4.48 68.98 165.14 121.46 263.95 1.76 0.60 0.89 -9.50 1.49 13.13 -5.10 0.16
Pedestrian 0.00 0 -4.58 218.38 159.70 259.54 256.40 1.85 0.61 0.96 -7.30 1.45 14.05 -5.06 0.15
Pedestrian 0.00 0 -4.26 0.00 175.78 53.93 261.34 1.66 0.66 0.82 -11.69 1.57 14.18 -4.95 0.14
Cyclist 0.00 0 -8.27 844.32 175.82 926.19 281.21 1.52 0.55 1.67 4.28 1.45 11.04 -7.90 0.14
Pedestrian 0.00 0 -4.21 661.11 138.36 678.54 171.16 1.81 0.64 0.87 3.64 -0.53 39.82 -4.12 0.14
Pedestrian 0.00 0 -7.90 525.06 161.95 559.28 260.65 1.74 0.58 0.87 -1.20 1.41 12.91 -7.99 0.12
Pedestrian 0.00 0 -7.86 264.29 162.75 302.11 258.03 1.78 0.65 0.90 -6.30 1.45 13.74 -8.29 0.11
Pedestrian 0.00 0 -4.59 1181.14 172.14 1223.00 263.76 1.50 0.54 0.68 10.13 1.36 11.98 -3.89 0.10
Pedestrian 0.00 0 -5.00 685.76 165.34 725.73 251.42 1.72 0.61 0.78 2.02 1.41 14.51 -4.86 0.10
