Pedestrian 0.00 0 -4.37 447.83 175.41 483.47 251.39 1.73 0.58 0.83 -3.21 1.60 16.84 -4.56 0.74
Pedestrian 0.00 0 -4.31 846.73 166.04 929.28 301.78 1.74 0.82 0.73 3.84 1.54 9.74 -3.93 0.73
Pedestrian 0.00 0 -7.71 473.16 181.82 495.77 230.89 1.69 0.68 0.79 -4.12 1.70 25.17 -7.87 0.61
Pedestrian 0.00 0 -7.49 208.52 183.73 271.30 306.76 1.62 0.55 0.73 -5.00 1.66 9.87 -7.96 0.55
Pedestrian 0.00 0 -7.74 569.83 179.02 590.96 218.28 1.69 0.81 1.10 -0.93 1.58 31.51 -7.77 0.53
Pedestrian 0.00 0 -4.33 607.28 176.03 628.38 218.91 1.84 0.64 0.88 0.71 1.61 31.33 -4.31 0.50
Pedestrian 0.00 0 -5.15 305.86 175.77 345.19 251.25 1.79 0.59 0.85 -6.76 1.65 17.51 -5.52 0.43
Pedestrian 0.00 0 -7.61 505.73 182.44 530.52 233.19 1.59 0.62 0.77 -2.69 1.62 22.99 -7.73 0.43
Pedestrian 0.00 0 -2.08 350.95 149.19 430.67 292.86 1.94 0.69 1.01 -3.07 1.51 10.30 -2.37 0.34
Cyclist 0.00 0 -4.28 427.04 177.01 470.41 238.83 1.78 0.59 1.78 -4.59 1.65 21.59 -4.49 0.30
Pedestrian 0.00 0 -7.73 622.39 174.04 633.33 205.76 1.86 0.56 0.77 1.57 1.42 42.52 -7.70 0.26
Pedestrian 0.00 0 -7.78 396.28 194.78 420.88 252.40 1.38 0.54 0.63 -4.78 1.71 17.69 -8.05 0.23
Pedestrian 0.00 0 -8.34 644.65 173.41 660.32 206.68 1.91 0.62 0.76 2.96 1.44 41.62 -8.27 0.19
Cyclist 0.00 0 -5.65 0.00 210.27 274.09 373.00 1.53 0.76 1.86 -3.37 1.74 4.85 -6.26 0.18
Car 0.00 0 -4.39 0.00 182.49 47.90 319.44 1.60 1.64 4.34 -9.96 1.62 10.76 -5.14 0.18
Pedestrian 0.00 0 -4.41 640.17 175.79 651.47 200.84 1.85 0.64 0.80 3.33 1.43 53.62 -4.35 0.18
Cyclist 0.00 0 -4.35 563.60 181.60 582.45 211.83 1.65 0.56 1.46 -1.57 1.65 39.89 -4.39 0.17
Car 0.00 0 -4.75 527.82 187.15 568.97 224.37 1.42 1.57 3.76 -2.28 1.67 29.95 -4.82 0.17
Pedestrian 0.00 0 -7.59 582.05 181.91 598.28 217.63 1.67 0.62 0.65 -0.54 1.69 34.05 -7.61 0.16
Cyclist 0.00 0 -2.76 307.76 181.20 397.71 262.90 1.65 0.58 1.65 -5.15 1.64 14.80 -3.10 0.16
Pedestrian 0.00 0 -4.71 221.38 189.39 240.49 240.29 1.81 0.61 0.61 -13.51 2.11 26.15 -5.18 0.15
Cyclist 0.00 0 -7.75 489.42 182.12 505.36 225.63 1.72 0.48 1.69 -4.25 1.75 29.31 -7.90 0.14
Cyclist 0.00 0 -7.61 253.26 187.79 272.98 222.29 1.67 0.50 1.75 -16.98 2.00 36.06 -8.05 0.12
Pedestrian 0.00 0 -4.59 56.78 189.82 99.35 293.85 1.50 0.47 0.44 -7.86 1.63 10.74 -5.22 0.12
Pedestrian 0.00 0 -1.80 2.56 188.27 83.19 338.16 1.58 0.59 0.63 -6.31 1.66 8.05 -2.46 0.11
Cyclist 0.00 0 -7.16 533.78 180.06 562.51 213.34 1.74 0.53 1.77 -2.85 1.67 38.51 -7.24 0.11
Car 0.00 0 -7.99 529.66 187.65 574.11 219.79 1.44 1.62 4.24 -2.49 1.76 35.18 -8.06 0.11
Pedestrian 0.00 0 -7.68 615.76 177.25 627.64 206.57 1.83 0.62 0.78 1.28 1.56 45.16 -7.66 0.11
Pedestrian 0.00 0 -6.43 653.12 177.00 668.08 206.81 1.82 0.58 0.84 3.63 1.54 44.10 -6.35 0.11
Cyclist 0.00 0 -7.39 596.90 181.72 616.44 211.90 1.65 0.41 1.65 0.30 1.66 40.14 -7.39 0.10
Pedestrian 0.00 0 -5.57 108.09 167.70 178.38 285.98 1.86 0.67 0.70 -7.49 1.65 11.69 -6.14 0.10
Cyclist 0.00 0 -2.48 396.53 186.92 486.63 276.11 1.57 0.62 1.58 -3.01 1.67 13.32 -2.70 0.10
