Car 0.00 0 -7.71 486.75 179.49 548.46 229.79 1.61 1.65 3.76 -3.23 1.87 25.53 -7.84 0.96
Car 0.00 0 -4.38 287.09 188.45 372.87 233.94 1.45 1.66 4.22 -10.26 2.08 26.65 -4.75 0.95
Car 0.00 0 -4.56 581.04 179.53 616.28 204.36 1.50 1.66 4.32 -0.72 1.95 46.99 -4.58 0.69
Car 0.00 0 -7.75 631.49 178.97 671.96 211.20 1.50 1.65 3.76 2.12 1.83 36.43 -7.69 0.57
Car 0.00 0 -4.49 461.57 183.07 488.10 200.95 1.42 1.49 3.47 -11.45 2.31 61.16 -4.68 0.36
Car 0.00 0 -5.50 354.11 187.44 414.87 212.51 1.47 1.53 3.67 -14.33 2.43 45.74 -5.80 0.34
Cyclist 0.00 0 -8.56 641.11 172.24 676.39 213.96 1.79 0.55 1.74 2.10 1.77 31.84 -8.49 0.28
Pedestrian 0.00 0 -7.99 836.48 161.20 857.41 212.55 1.96 0.66 0.85 9.14 1.51 27.97 -7.67 0.25
Car 0.00 0 -4.71 570.90 176.97 588.38 193.95 1.46 1.52 3.76 -2.74 1.84 64.74 -4.75 0.19
Car 0.00 0 -8.01 424.38 182.69 463.64 210.85 1.49 1.60 4.09 -9.70 2.09 41.81 -8.24 0.18
Car 0.00 0 -4.84 704.81 176.20 735.11 199.54 1.54 1.59 3.80 7.57 1.78 50.10 -4.69 0.16
Pedestrian 0.00 0 -3.73 637.49 174.24 659.40 212.25 1.73 0.60 0.82 1.74 1.80 33.42 -3.68 0.16
Car 0.00 0 -4.43 492.46 181.78 526.24 199.51 1.40 1.72 4.24 -8.53 2.18 61.33 -4.56 0.15
Car 0.00 0 -5.02 542.32 178.42 586.55 205.48 1.63 1.70 3.97 -3.01 2.00 46.42 -5.09 0.14
Cyclist 0.00 0 -7.65 460.95 176.56 476.62 215.54 1.74 0.40 1.57 -6.51 1.91 33.11 -7.85 0.12
Pedestrian 0.00 0 -4.51 717.56 165.01 744.60 230.61 1.93 0.66 0.80 3.60 1.70 21.68 -4.35 0.12
Car 0.00 0 -7.43 0.00 196.16 116.63 271.86 1.45 1.55 3.69 -13.36 2.07 17.03 -8.10 0.10
Cyclist 0.00 0 -7.29 433.16 179.21 458.45 214.98 1.73 0.43 1.62 -8.22 2.05 36.00 -7.52 0.10
Pedestrian 0.00 0 -8.34 777.25 178.63 794.59 214.37 1.58 0.57 0.54 7.86 1.85 32.41 -8.10 0.10
Cyclist 0.00 0 -7.09 733.92 173.54 769.76 207.62 1.77 0.82 1.84 7.49 1.80 38.28 -6.89 0.10
Car 0.00 0 -4.92 642.01 180.22 682.49 207.19 1.48 1.59 4.00 3.02 1.94 42.87 -4.85 0.10
