Cyclist 0.00 0 -4.59 451.89 168.04 495.40 269.28 1.69 0.56 1.80 -2.32 1.47 12.94 -4.77 0.94
Cyclist 0.00 0 -4.62 534.33 167.71 561.94 235.80 1.71 0.57 1.76 -1.42 1.37 18.95 -4.70 0.88
Pedestrian 0.00 0 -8.13 631.01 167.18 687.55 284.30 1.64 0.61 0.86 0.79 1.44 10.56 -8.06 0.77
Pedestrian 0.00 0 -4.08 299.26 161.78 387.50 295.23 1.79 0.77 0.94 -3.68 1.52 10.18 -4.43 0.76
Cyclist 0.00 0 -4.71 508.79 166.87 528.68 226.86 1.77 0.58 1.73 -2.57 1.34 22.05 -4.83 0.75
Pedestrian 0.00 0 -4.71 692.47 166.40 746.19 282.26 1.66 0.76 0.80 1.71 1.44 10.72 -4.55 0.69
Pedestrian 0.00 0 -7.96 734.37 163.89 756.15 224.53 1.76 0.56 0.64 4.20 1.25 21.14 -7.76 0.62
Pedestrian 0.00 0 -5.20 679.02 165.41 707.79 221.28 1.70 0.58 0.79 2.83 1.21 22.33 -5.08 0.53
Cyclist 0.00 0 -4.31 365.37 176.13 391.42 217.91 1.64 0.49 1.42 -8.97 1.43 28.87 -4.61 0.52
Pedestrian 0.00 0 -3.31 165.96 170.75 211.64 260.82 1.70 0.59 0.68 -8.06 1.49 13.97 -3.83 0.50
Pedestrian 0.00 0 -3.67 759.50 155.71 801.11 232.65 1.88 0.57 0.83 4.43 1.25 17.96 -3.43 0.45
Pedestrian 0.00 0 -6.82 616.59 172.02 634.62 200.78 1.68 0.53 0.92 1.43 1.13 42.44 -6.79 0.40
Car 0.00 0 -7.60 517.05 175.45 555.90 200.74 1.54 1.58 3.68 -4.07 1.17 45.58 -7.69 0.39
Cyclist 0.00 0 -8.01 817.51 162.54 852.70 244.23 1.67 0.46 1.66 5.00 1.29 15.56 -7.70 0.37
Pedestrian 0.00 0 -5.74 408.29 171.83 428.70 206.75 1.80 0.68 0.80 -9.55 1.30 37.49 -5.99 0.36
Car 0.00 0 -2.80 289.28 182.39 439.16 230.70 1.44 1.60 4.11 -7.30 1.47 22.25 -3.12 0.35
Cyclist 0.00 0 -5.87 173.04 167.38 265.80 239.20 1.70 0.76 1.84 -9.26 1.36 17.41 -6.36 0.32
Pedestrian 0.00 0 -1.93 139.22 167.01 180.35 242.33 1.77 0.61 0.79 -10.73 1.43 17.39 -2.48 0.31
Pedestrian 0.00 0 -4.18 304.25 165.25 341.38 230.18 1.83 0.62 0.92 -8.06 1.37 20.73 -4.56 0.30
Pedestrian 0.00 0 -7.70 711.17 161.42 735.00 217.92 1.78 0.64 0.86 3.91 1.15 23.18 -7.53 0.27
Pedestrian 0.00 0 -6.20 441.68 174.65 454.58 202.23 1.84 0.55 0.80 -10.30 1.39 48.31 -6.41 0.26
Car 0.00 0 -4.71 382.31 182.68 412.25 210.18 1.52 1.61 3.94 -11.96 1.60 42.13 -4.98 0.26
Cyclist 0.00 0 -5.49 66.93 176.24 223.99 309.32 1.64 0.66 1.79 -5.99 1.58 9.38 -6.06 0.25
Cyclist 0.00 0 -8.04 671.50 170.13 702.01 237.33 1.63 0.46 1.64 2.12 1.36 18.27 -7.93 0.25
Car 0.00 0 -8.23 673.56 166.00 728.69 201.40 1.82 1.64 3.92 5.34 1.02 38.98 -8.09 0.25
Pedestrian 0.00 0 -3.64 746.31 161.84 783.56 231.73 1.79 0.53 0.79 4.23 1.29 18.76 -3.42 0.24
Pedestrian 0.00 0 -5.17 501.25 170.55 512.33 195.37 1.89 0.53 0.83 -7.25 1.06 55.15 -5.30 0.20
Pedestrian 0.00 0 -7.55 464.31 171.51 488.09 219.68 1.69 0.70 0.55 -4.46 1.34 25.47 -7.72 0.20
Pedestrian 0.00 0 -3.42 4.46 183.19 65.48 271.18 1.51 0.58 0.72 -10.12 1.54 12.78 -4.09 0.18
Pedestrian 0.00 0 -3.07 183.25 174.62 196.61 203.79 1.90 0.66 0.72 -27.01 1.45 47.18 -3.59 0.18
Pedestrian 0.00 0 -6.24 720.50 162.58 738.05 203.57 1.90 0.68 0.78 5.99 1.02 33.68 -6.07 0.18
Pedestrian 0.00 0 -8.28 820.39 170.71 863.92 249.49 1.53 0.61 0.65 4.75 1.32 14.33 -7.95 0.17
Pedestrian 0.00 0 -4.37 0.00 162.71 23.39 277.07 1.80 0.58 0.80 -10.04 1.51 11.78 -5.08 0.16
Cyclist 0.00 0 -4.93 739.84 168.34 758.70 207.25 1.68 0.48 1.56 6.52 1.11 31.77 -4.73 0.16
Cyclist 0.00 0 -7.36 269.29 174.99 330.71 263.55 1.65 0.42 1.59 -5.96 1.53 14.18 -7.76 0.16
Pedestrian 0.00 0 -2.99 588.26 172.21 599.17 193.42 1.81 0.48 0.87 -0.63 1.02 61.46 -3.00 0.15
Pedestrian 0.00 0 -3.03 775.65 156.66 802.73 224.60 1.84 0.62 0.66 5.17 1.17 19.88 -2.78 0.15
Pedestrian 0.00 0 -7.22 692.49 168.57 716.45 217.57 1.60 0.58 0.54 3.40 1.18 23.88 -7.08 0.15
Pedestrian 0.00 0 -5.36 0.00 151.35 49.54 247.68 1.99 0.52 1.00 -12.38 1.37 15.21 -6.05 0.14
Cyclist 0.00 0 -4.73 129.34 177.88 146.28 224.30 1.59 0.47 1.59 -16.46 1.47 25.46 -5.31 0.14
Pedestrian 0.00 0 -4.56 166.45 183.05 214.64 283.64 1.54 0.57 0.70 -6.57 1.57 11.44 -5.08 0.14
Pedestrian 0.00 0 -4.02 43.94 215.33 118.40 342.38 1.21 0.40 0.46 -5.27 1.57 7.23 -4.65 0.13
Car 0.00 0 -6.79 449.42 178.43 565.40 218.86 1.47 1.62 4.24 -3.64 1.36 28.04 -6.92 0.13
Pedestrian 0.00 0 -2.77 102.12 182.47 118.41 210.82 1.95 0.45 0.82 -34.00 2.02 49.74 -3.37 0.13
Car 0.00 0 -5.49 26.00 178.75 129.78 212.55 1.53 1.58 4.00 -24.49 1.41 33.63 -6.12 0.13
Pedestrian 0.00 0 -5.89 8.75 169.70 54.46 248.04 1.69 0.53 0.64 -12.62 1.44 15.87 -6.56 0.12
Cyclist 0.00 0 -7.12 711.97 174.99 796.58 263.34 1.51 0.55 1.63 2.74 1.40 12.98 -6.91 0.11
Car 0.00 0 -4.14 353.94 180.33 455.40 225.11 1.43 1.57 3.85 -6.78 1.40 25.07 -4.40 0.11
Pedestrian 0.00 0 -3.76 106.84 160.07 165.75 251.33 1.83 0.61 0.82 -9.66 1.40 14.87 -4.34 0.11
Pedestrian 0.00 0 -5.30 1096.48 126.59 1214.09 299.57 1.89 0.65 0.96 6.33 1.29 8.33 -4.65 0.10
