Car 0.00 0 -6.23 600.37 179.96 845.94 268.44 1.47 1.67 4.25 2.02 1.62 13.45 -6.09 0.96
Pedestrian 0.00 0 -4.45 349.34 147.74 427.33 314.00 1.94 0.67 1.07 -2.78 1.65 8.96 -4.75 0.27
Pedestrian 0.00 0 -7.71 906.17 173.99 931.83 223.10 1.67 0.76 0.50 10.67 1.71 25.02 -7.31 0.23
Cyclist 0.00 0 -6.26 591.95 166.91 635.63 213.57 1.92 0.62 1.80 0.12 1.68 30.02 -6.25 0.21
Car 0.00 0 -7.20 0.00 193.73 212.24 306.04 1.36 1.47 3.83 -8.18 1.75 11.40 -7.82 0.17
Car 0.00 0 -6.85 155.57 181.30 237.29 207.05 1.41 1.60 3.98 -24.57 1.93 42.94 -7.37 0.14
Pedestrian 0.00 0 -3.21 286.08 142.67 396.98 353.53 1.88 0.44 0.96 -2.60 1.62 6.85 -3.57 0.12
Car 0.00 0 -4.57 682.36 180.70 764.80 243.90 1.45 1.62 4.00 3.08 1.68 19.25 -4.41 0.11
Pedestrian 0.00 0 -6.01 962.87 169.68 979.60 205.34 1.82 0.53 0.66 18.62 1.66 37.26 -5.55 0.10
Cyclist 0.00 0 -2.96 244.32 173.98 267.19 195.85 1.88 0.65 1.70 -30.82 1.98 62.75 -3.42 0.10
