Car 0.00 0 -4.30 195.57 188.29 426.49 317.45 1.50 1.62 4.32 -4.31 1.78 11.08 -4.67 0.97
Car 0.00 0 -4.47 517.68 180.90 580.51 223.96 1.47 1.55 3.66 -2.28 1.80 27.32 -4.56 0.95
Cyclist 0.00 0 -7.81 693.02 170.69 719.87 244.80 1.75 0.60 1.81 2.38 1.70 18.02 -7.68 0.94
Car 0.00 0 -3.79 0.00 176.36 118.78 374.00 1.76 1.70 4.22 -4.83 1.79 3.65 -4.71 0.84
Car 0.00 0 -4.45 630.08 176.85 666.19 200.70 1.58 1.60 3.84 2.68 1.87 50.56 -4.40 0.76
Car 0.00 0 -4.72 754.50 175.22 773.99 192.44 1.40 1.57 3.96 13.07 1.61 61.30 -4.51 0.30
Pedestrian 0.00 0 -3.41 1031.40 151.33 1100.25 260.42 1.78 0.59 0.86 7.64 1.43 12.21 -2.85 0.20
Car 0.00 0 -2.56 501.19 177.52 568.00 202.14 1.54 1.64 4.13 -4.98 1.85 47.29 -2.67 0.13
Car 0.00 0 -6.62 720.91 178.46 818.90 209.83 1.43 1.61 4.25 7.53 1.70 34.30 -6.40 0.12
Car 0.00 0 -4.55 708.15 174.75 735.08 192.31 1.43 1.60 4.25 9.51 1.59 61.40 -4.40 0.12
Cyclist 0.00 0 -7.61 774.03 172.75 781.60 190.78 1.63 0.34 1.40 15.27 1.62 65.73 -7.38 0.12
Car 0.00 0 -5.92 387.20 182.97 477.67 225.80 1.45 1.60 2.75 -6.35 1.82 25.78 -6.17 0.11
Pedestrian 0.00 0 -5.76 505.37 180.87 524.56 216.17 1.58 0.67 0.62 -4.37 1.95 32.90 -5.90 0.10
