Car 0.00 0 -7.03 1021.36 198.01 1241.00 361.17 1.42 1.62 3.72 6.49 1.71 7.42 -6.31 0.97
Car 0.00 0 -6.62 737.91 181.56 907.77 241.46 1.51 1.71 4.05 5.61 1.76 19.47 -6.34 0.95
Car 0.00 0 -6.90 931.17 185.64 1241.00 308.49 1.48 1.62 3.52 6.41 1.67 9.74 -6.31 0.94
Car 0.00 0 -7.96 635.00 183.22 676.79 214.94 1.35 1.54 3.96 2.07 1.86 33.97 -7.90 0.94
Car 0.00 0 -2.25 0.00 202.60 95.70 374.00 1.50 1.63 4.22 -6.01 1.73 4.55 -3.17 0.92
Car 0.00 0 -2.81 164.20 177.84 388.93 265.86 1.58 1.56 3.66 -6.39 1.69 14.05 -3.24 0.92
Car 0.00 0 -5.67 0.00 190.31 338.72 321.93 1.47 1.58 4.05 -5.83 1.72 9.19 -6.23 0.90
Car 0.00 0 -5.74 63.86 189.42 375.41 288.87 1.43 1.52 4.20 -6.15 1.72 11.53 -6.23 0.85
Car 0.00 0 -5.52 0.00 201.94 195.36 374.00 1.41 1.54 4.27 -6.58 1.72 6.87 -6.28 0.72
Car 0.00 0 -2.78 278.99 186.58 448.59 242.69 1.40 1.53 4.00 -6.54 1.78 19.26 -3.11 0.69
Car 0.00 0 -2.73 218.11 182.14 417.04 249.53 1.47 1.58 3.99 -6.75 1.69 16.78 -3.12 0.51
Car 0.00 0 -6.17 386.45 185.08 494.66 224.71 1.41 1.55 3.83 -6.37 1.89 27.24 -6.40 0.45
Car 0.00 0 -4.86 626.28 177.82 664.73 206.53 1.61 1.69 4.24 2.05 1.93 43.46 -4.81 0.31
Pedestrian 0.00 0 -4.41 486.26 176.56 508.93 219.46 1.74 0.70 0.86 -4.67 1.89 29.75 -4.56 0.29
Pedestrian 0.00 0 -4.86 944.87 159.44 966.84 210.09 1.95 0.68 0.64 13.43 1.43 28.11 -4.42 0.29
Car 0.00 0 -4.73 619.47 175.72 638.89 194.71 1.55 1.57 3.87 1.59 1.81 61.60 -4.71 0.24
Cyclist 0.00 0 -4.78 482.34 173.83 497.14 210.28 1.83 0.64 1.56 -6.23 1.88 37.09 -4.95 0.19
Pedestrian 0.00 0 -4.04 987.12 152.42 998.66 191.32 1.83 0.44 0.22 18.07 0.87 34.12 -3.55 0.17
Pedestrian 0.00 0 -4.93 845.19 163.67 867.67 217.63 1.92 0.63 0.68 8.86 1.60 26.08 -4.61 0.15
Cyclist 0.00 0 -4.78 308.36 178.80 328.94 231.25 1.68 0.53 1.46 -9.79 1.89 24.11 -5.17 0.11
