Car 0.00 0 -4.12 0.00 197.42 309.29 374.00 1.58 1.62 4.13 -3.75 1.82 5.04 -4.76 0.95
Car 0.00 0 -7.88 621.37 177.27 681.66 234.00 1.47 1.59 4.06 1.11 1.62 21.13 -7.82 0.85
Pedestrian 0.00 0 -7.71 594.92 171.85 622.99 230.99 1.68 0.71 0.77 -0.07 1.65 20.94 -7.71 0.73
Pedestrian 0.00 0 -8.22 675.15 176.41 696.86 217.40 1.63 0.59 0.90 3.03 1.77 29.25 -8.11 0.24
Pedestrian 0.00 0 -8.01 344.48 168.29 373.39 241.50 1.92 0.60 0.90 -6.82 1.80 19.45 -8.34 0.21
Cyclist 0.00 0 -8.24 735.91 162.54 788.76 251.81 1.76 0.45 1.73 3.11 1.56 15.12 -8.04 0.20
Car 0.00 0 -3.28 638.15 169.58 698.35 192.63 1.63 1.67 4.12 4.13 1.40 51.86 -3.20 0.19
Cyclist 0.00 0 -5.13 662.06 174.69 681.80 207.92 1.63 0.42 1.49 3.07 1.72 36.25 -5.05 0.15
Car 0.00 0 -7.80 614.22 174.36 647.74 205.57 1.58 1.59 4.06 1.14 1.67 38.87 -7.77 0.14
Pedestrian 0.00 0 -8.23 385.93 172.63 414.04 229.69 1.80 0.70 0.60 -6.82 1.80 23.26 -8.51 0.14
Car 0.00 0 -5.29 916.30 164.89 1241.00 374.00 1.61 1.56 3.48 4.02 1.56 6.05 -4.70 0.12
Car 0.00 0 -7.86 609.42 168.70 633.33 193.69 1.85 1.77 4.46 0.84 1.54 55.72 -7.84 0.11
Cyclist 0.00 0 -4.52 500.35 176.17 516.70 209.22 1.68 0.56 1.52 -5.31 1.85 37.52 -4.66 0.11
