Car 0.00 0 -3.73 0.00 222.91 189.10 373.00 1.62 1.64 3.68 -3.05 1.84 1.97 -4.72 0.95
Cyclist 0.00 0 -4.75 451.77 163.23 476.65 229.95 1.80 0.62 1.73 -3.91 1.31 20.25 -4.94 0.86
Pedestrian 0.00 0 -8.48 742.85 158.84 823.33 297.65 1.80 0.65 0.93 2.43 1.50 9.84 -8.24 0.83
Cyclist 0.00 0 -4.53 397.57 163.73 434.91 241.74 1.82 0.58 1.75 -4.55 1.40 17.60 -4.78 0.65
Pedestrian 0.00 0 -7.41 0.00 174.82 6.12 373.00 1.77 0.75 0.78 -5.18 1.72 5.42 -8.17 0.62
Pedestrian 0.00 0 -4.21 368.21 164.25 393.19 210.53 1.79 0.63 0.81 -8.70 1.12 28.26 -4.51 0.57
Pedestrian 0.00 0 -5.16 0.00 156.60 8.22 334.77 1.91 0.78 0.72 -7.48 1.64 8.19 -5.90 0.55
Pedestrian 0.00 0 -6.41 1100.21 160.04 1204.26 373.00 1.74 0.71 0.62 4.65 1.58 6.17 -5.76 0.54
Cyclist 0.00 0 -3.26 675.11 156.05 712.89 194.97 1.76 0.65 1.65 4.22 0.61 32.87 -3.13 0.53
Pedestrian 0.00 0 -4.93 643.43 161.09 677.28 229.76 1.78 0.71 0.91 1.53 1.25 19.12 -4.85 0.45
Car 0.00 0 -5.20 919.81 173.13 1105.31 249.53 1.43 1.70 4.19 8.62 1.28 15.60 -4.69 0.44
Cyclist 0.00 0 -7.77 600.56 158.39 664.31 284.22 1.81 0.86 1.81 0.48 1.48 11.27 -7.73 0.36
Car 0.00 0 -5.23 1075.09 173.25 1237.00 289.44 1.48 1.54 3.43 8.89 1.38 10.99 -4.55 0.35
Pedestrian 0.00 0 -8.16 563.66 168.63 593.18 228.83 1.63 0.61 0.80 -0.68 1.29 19.98 -8.19 0.29
Pedestrian 0.00 0 -8.00 716.46 168.08 746.05 229.21 1.61 0.68 0.75 3.45 1.26 19.33 -7.82 0.29
Car 0.00 0 -6.37 744.93 172.42 933.37 241.47 1.48 1.61 3.97 5.34 1.29 16.66 -6.06 0.24
Pedestrian 0.00 0 -4.09 437.77 158.92 456.22 193.66 1.87 0.61 0.84 -8.44 0.66 39.23 -4.31 0.23
Pedestrian 0.00 0 -3.76 601.90 159.63 611.29 189.66 1.79 0.50 0.34 0.31 0.49 43.13 -3.75 0.21
Pedestrian 0.00 0 -8.06 592.92 156.06 608.13 193.64 1.89 0.64 0.71 -0.06 0.61 36.45 -8.07 0.20
Pedestrian 0.00 0 -7.52 419.11 164.28 432.90 193.17 1.73 0.63 0.66 -10.58 0.70 43.35 -7.76 0.18
Cyclist 0.00 0 -8.29 1237.67 150.21 1237.00 266.43 1.72 0.44 1.70 10.86 1.26 11.50 -7.53 0.18
Car 0.00 0 -4.51 500.76 163.03 532.54 184.00 1.60 1.69 4.10 -6.64 0.19 56.86 -4.62 0.18
Car 0.00 0 -6.39 720.86 171.52 849.19 223.29 1.43 1.57 3.46 5.22 1.16 20.89 -6.15 0.16
Pedestrian 0.00 0 -4.53 381.81 156.20 410.51 221.96 1.90 0.65 1.03 -6.10 1.17 21.28 -4.81 0.16
Cyclist 0.00 0 -7.80 31.90 190.36 85.56 304.62 1.55 0.56 1.67 -8.13 1.70 10.74 -8.45 0.16
Pedestrian 0.00 0 -3.76 1059.79 138.61 1082.10 199.05 1.87 0.53 0.34 14.67 0.54 22.49 -3.18 0.15
Pedestrian 0.00 0 -7.93 479.64 165.02 488.61 189.54 1.78 0.60 0.66 -8.57 0.58 52.56 -8.09 0.14
Car 0.00 0 -4.64 530.99 166.71 570.97 198.69 1.51 1.68 4.46 -2.48 0.81 36.08 -4.71 0.13
Pedestrian 0.00 0 -7.87 582.57 161.97 610.76 246.48 1.80 0.60 1.01 -0.15 1.38 15.80 -7.88 0.13
Car 0.00 0 -7.98 913.38 149.88 998.56 215.06 1.76 1.75 4.27 10.53 0.91 21.67 -7.53 0.13
Car 0.00 0 -6.30 912.12 189.65 1237.00 358.14 1.41 1.60 4.04 5.75 1.53 8.01 -5.68 0.12
Car 0.00 0 -6.38 539.59 159.39 634.03 196.67 1.66 1.69 4.21 -0.72 0.68 33.13 -6.40 0.12
Car 0.00 0 -4.46 435.20 166.04 472.68 188.61 1.52 1.59 4.14 -10.27 0.48 50.35 -4.66 0.12
Car 0.00 0 -5.24 1119.36 160.12 1237.00 241.79 1.55 1.63 4.17 13.41 1.15 15.83 -4.54 0.12
Pedestrian 0.00 0 -5.63 285.16 170.50 315.37 216.99 1.55 0.59 0.74 -10.20 1.18 24.28 -6.03 0.11
Pedestrian 0.00 0 -7.97 290.89 165.42 306.62 212.16 1.73 0.50 0.40 -11.33 1.13 26.84 -8.36 0.11
Pedestrian 0.00 0 -4.14 296.98 162.55 328.48 217.70 1.75 0.61 0.79 -9.34 1.15 23.18 -4.52 0.11
Pedestrian 0.00 0 -5.99 79.74 178.57 141.50 316.59 1.62 0.53 0.49 -6.03 1.59 8.77 -6.59 0.11
Pedestrian 0.00 0 -4.97 489.62 158.18 501.71 187.66 1.94 0.61 0.79 -7.02 0.41 47.73 -5.12 0.11
Car 0.00 0 -8.04 420.41 170.80 471.26 205.13 1.46 1.55 3.78 -7.11 1.00 32.54 -8.26 0.10
Cyclist 0.00 0 -7.46 317.22 171.32 345.25 216.17 1.56 0.37 1.56 -9.71 1.21 25.80 -7.82 0.10
Pedestrian 0.00 0 -5.28 218.84 166.67 261.32 239.96 1.74 0.54 0.88 -8.84 1.39 17.50 -5.75 0.10
