Car 0.00 0 -7.59 269.87 192.48 374.37 255.70 1.46 1.61 4.01 -7.52 1.68 19.19 -7.97 0.98
Car 0.00 0 -7.39 0.00 192.79 256.97 338.30 1.63 1.64 3.94 -6.67 1.76 10.30 -7.97 0.97
Car 0.00 0 -7.80 676.12 182.62 737.23 235.88 1.55 1.71 3.55 3.16 1.47 22.77 -7.66 0.96
Car 0.00 0 -7.45 150.17 196.73 272.09 254.81 1.49 1.68 4.14 -11.68 1.87 21.41 -7.95 0.83
Car 0.00 0 -7.37 0.00 207.09 69.49 273.15 1.42 1.53 3.59 -15.81 2.05 18.66 -8.07 0.72
Car 0.00 0 -7.71 341.28 188.80 379.08 214.97 1.40 1.53 3.70 -14.06 1.61 40.88 -8.04 0.70
Car 0.00 0 -7.66 262.63 195.36 321.91 233.59 1.39 1.56 3.43 -12.70 1.83 29.03 -8.07 0.69
Car 0.00 0 -7.63 242.07 190.41 293.67 219.50 1.40 1.58 3.97 -17.71 1.69 37.56 -8.07 0.57
Car 0.00 0 -4.58 763.20 179.48 794.40 201.56 1.49 1.66 3.77 12.07 1.11 50.69 -4.35 0.49
Cyclist 0.00 0 -6.89 834.74 173.03 873.80 209.61 1.79 0.62 1.80 12.23 1.20 35.76 -6.56 0.49
Car 0.00 0 -4.75 572.47 175.55 597.12 198.68 1.66 1.68 3.67 -1.75 0.97 53.35 -4.78 0.36
Cyclist 0.00 0 -7.39 765.90 178.42 799.96 227.56 1.71 0.54 1.58 6.25 1.47 25.78 -7.15 0.24
Cyclist 0.00 0 -7.60 641.06 178.39 651.42 202.16 1.66 0.36 1.54 2.71 1.18 50.88 -7.55 0.19
Pedestrian 0.00 0 -7.67 950.75 169.14 996.87 271.88 1.86 0.64 0.80 6.84 1.57 13.53 -7.20 0.19
Car 0.00 0 -7.86 461.18 181.65 480.49 200.56 1.56 1.57 3.59 -11.70 1.27 61.28 -8.05 0.15
Cyclist 0.00 0 -6.79 73.12 190.68 129.65 231.98 1.67 0.69 1.85 -21.37 1.91 30.33 -7.41 0.13
Pedestrian 0.00 0 -8.44 674.08 179.36 687.53 205.33 1.67 0.61 0.65 4.71 1.29 46.56 -8.34 0.12
Car 0.00 0 -5.00 533.73 176.66 569.38 199.76 1.69 1.68 3.87 -4.33 1.06 54.68 -5.08 0.12
Car 0.00 0 -4.62 719.13 177.69 749.29 201.18 1.58 1.71 4.21 8.92 1.07 50.58 -4.45 0.12
Pedestrian 0.00 0 -3.60 531.85 182.82 547.99 214.24 1.56 0.55 0.63 -3.44 1.44 36.09 -3.70 0.12
Pedestrian 0.00 0 -7.99 552.95 179.22 569.87 214.30 1.76 0.79 0.53 -2.38 1.46 36.33 -8.05 0.11
