Car 0.00 0 -4.18 433.53 181.48 585.26 259.35 1.54 1.62 4.15 -2.25 1.76 16.94 -4.31 0.96
Car 0.00 0 -4.43 652.37 183.14 724.51 224.01 1.47 1.73 4.59 3.26 1.92 29.57 -4.32 0.94
Car 0.00 0 -7.79 853.69 182.05 919.84 242.61 1.62 1.62 4.13 8.52 1.93 22.15 -7.42 0.94
Car 0.00 0 -3.40 0.00 175.38 63.24 374.00 1.55 1.65 4.12 -7.12 1.58 5.67 -4.30 0.94
Car 0.00 0 -4.50 721.52 183.38 770.03 214.32 1.45 1.68 3.97 7.04 2.02 37.35 -4.32 0.91
Car 0.00 0 -4.94 888.38 182.70 932.95 210.99 1.52 1.58 3.86 17.51 2.13 42.25 -4.54 0.36
Car 0.00 0 -6.88 0.00 190.05 138.65 292.94 1.39 1.47 3.85 -10.49 1.73 12.45 -7.58 0.30
Car 0.00 0 -4.50 718.86 180.29 777.57 218.20 1.54 1.70 4.41 6.28 1.90 32.65 -4.31 0.21
Car 0.00 0 -4.09 421.95 182.82 486.47 210.51 1.48 1.64 4.09 -9.13 2.10 42.44 -4.30 0.18
Car 0.00 0 -4.80 772.20 182.36 799.05 204.38 1.49 1.55 3.92 12.72 2.21 52.52 -4.56 0.15
Car 0.00 0 -4.51 763.73 177.47 807.58 207.70 1.63 1.67 4.14 10.19 1.91 41.80 -4.27 0.13
Car 0.00 0 -4.98 1116.09 180.06 1237.44 247.86 1.66 1.65 4.06 15.71 1.88 20.29 -4.32 0.11
Car 0.00 0 -4.57 792.81 181.06 821.43 203.08 1.65 1.68 3.95 15.84 2.34 57.96 -4.30 0.11
