Car 0.00 0 -8.07 713.63 187.23 878.20 306.19 1.50 1.63 4.08 2.71 1.77 11.63 -7.85 0.97
Car 0.00 0 -4.33 18.56 198.08 421.60 374.00 1.51 1.66 3.62 -2.88 1.79 6.18 -4.77 0.93
Car 0.00 0 -7.59 306.61 188.51 486.52 310.62 1.49 1.65 4.15 -3.17 1.78 11.40 -7.86 0.92
Car 0.00 0 -7.79 495.14 187.88 549.76 235.50 1.40 1.58 3.86 -2.93 1.95 24.37 -7.91 0.91
Car 0.00 0 -7.96 632.96 181.51 663.00 206.90 1.48 1.50 3.66 2.30 2.04 45.10 -7.91 0.88
Car 0.00 0 -8.05 687.52 191.21 788.34 263.64 1.40 1.59 3.74 2.80 1.88 16.81 -7.88 0.88
Car 0.00 0 -8.06 658.51 185.40 737.63 240.84 1.47 1.60 3.89 2.54 1.89 22.06 -7.95 0.85
Car 0.00 0 -8.00 655.29 177.88 714.78 229.70 1.75 1.64 3.68 2.65 1.95 26.57 -7.90 0.78
Car 0.00 0 -4.63 531.12 182.03 569.59 217.78 1.60 1.55 3.96 -2.90 2.07 35.24 -4.71 0.77
Car 0.00 0 -4.59 562.74 181.74 587.03 200.37 1.50 1.62 3.95 -3.01 2.29 62.01 -4.64 0.36
Car 0.00 0 -4.64 627.41 179.29 651.09 199.91 1.57 1.62 3.97 2.36 2.10 58.11 -4.60 0.31
Cyclist 0.00 0 -3.70 0.00 159.74 12.73 374.00 1.78 0.79 1.88 -5.95 1.70 5.58 -4.52 0.20
Pedestrian 0.00 0 -4.81 322.02 180.84 348.75 244.58 1.78 0.64 0.77 -7.93 2.01 20.70 -5.18 0.18
Pedestrian 0.00 0 -5.92 283.67 168.50 347.96 270.80 1.87 0.64 0.95 -5.54 1.79 13.51 -6.31 0.17
Car 0.00 0 -4.58 595.40 183.09 621.84 202.32 1.46 1.66 4.06 -0.10 2.34 59.34 -4.58 0.13
Pedestrian 0.00 0 -7.67 718.03 170.36 736.48 216.00 1.94 0.66 0.76 5.02 1.83 31.12 -7.51 0.10
Cyclist 0.00 0 -3.30 508.89 175.99 535.32 202.59 1.86 0.63 1.78 -6.27 2.09 51.22 -3.42 0.10
