Car 0.00 0 -8.37 851.82 174.49 1241.00 374.00 1.59 1.65 3.74 3.15 1.61 5.32 -7.83 0.96
Car 0.00 0 -8.14 752.85 173.81 906.62 289.56 1.59 1.48 3.15 3.29 1.61 11.53 -7.86 0.95
Car 0.00 0 -8.10 691.84 177.19 804.73 253.52 1.49 1.60 3.75 2.93 1.60 16.27 -7.92 0.94
Car 0.00 0 -7.65 389.80 176.72 510.17 263.70 1.58 1.68 4.03 -3.27 1.67 15.28 -7.86 0.93
Car 0.00 0 -7.91 655.78 175.62 699.41 214.70 1.48 1.57 3.43 2.65 1.60 29.29 -7.82 0.90
Pedestrian 0.00 0 -4.98 996.44 153.37 1020.17 200.63 1.92 0.74 0.52 16.29 1.13 29.59 -4.48 0.62
Car 0.00 0 -7.92 624.81 171.06 650.32 194.05 1.68 1.68 4.02 2.03 1.55 54.68 -7.88 0.34
Pedestrian 0.00 0 -4.40 851.73 164.70 891.97 242.53 1.72 0.69 0.68 5.92 1.54 16.44 -4.06 0.24
Car 0.00 0 -5.18 930.24 173.78 1149.53 277.05 1.47 1.55 3.88 6.97 1.49 12.28 -4.67 0.21
Pedestrian 0.00 0 -7.74 134.99 170.54 168.80 252.00 1.80 0.57 0.79 -10.45 1.75 16.39 -8.31 0.14
Pedestrian 0.00 0 -4.15 203.12 172.54 230.40 220.50 1.87 0.73 0.60 -15.51 1.85 28.39 -4.65 0.13
Pedestrian 0.00 0 -3.75 893.43 161.76 926.69 220.23 1.77 0.63 0.72 9.21 1.44 22.26 -3.35 0.12
Car 0.00 0 -7.35 104.25 186.87 220.62 234.74 1.49 1.73 4.21 -15.95 2.04 25.92 -7.90 0.12
Pedestrian 0.00 0 -3.92 1086.11 147.65 1118.58 226.25 1.79 0.53 0.35 11.33 1.21 16.68 -3.32 0.11
