Car 0.00 0 -5.21 1199.30 167.18 1241.00 203.30 1.59 1.69 3.93 29.67 1.34 33.78 -4.49 0.78
Car 0.00 0 -7.47 254.90 190.28 449.51 310.68 1.56 1.63 3.90 -4.05 1.90 11.91 -7.79 0.30
Car 0.00 0 -3.44 913.96 167.92 976.92 187.23 1.51 1.57 4.27 26.62 1.12 57.41 -3.01 0.26
Car 0.00 0 -7.84 506.83 190.26 562.67 246.95 1.50 1.56 3.65 -2.33 2.07 22.08 -7.95 0.25
Cyclist 0.00 0 -6.62 520.76 173.15 541.52 194.73 1.85 0.65 1.66 -6.84 1.87 62.39 -6.73 0.24
Car 0.00 0 -7.17 923.95 194.10 1241.00 366.32 1.44 1.59 4.45 5.73 1.70 7.65 -6.53 0.16
Cyclist 0.00 0 -2.69 527.92 175.84 550.49 199.43 1.74 0.59 1.57 -5.30 1.96 53.76 -2.79 0.16
Car 0.00 0 -7.48 535.53 185.20 601.91 222.18 1.46 1.66 3.81 -1.80 2.05 32.02 -7.53 0.16
Pedestrian 0.00 0 -4.44 1216.99 159.28 1240.51 204.29 2.00 0.66 0.64 27.83 1.40 32.50 -3.73 0.15
Car 0.00 0 -3.02 625.82 190.06 710.78 222.96 1.49 1.67 3.94 2.82 2.35 35.06 -2.94 0.13
Cyclist 0.00 0 -8.13 637.57 180.77 649.42 207.00 1.59 0.31 1.59 2.05 2.09 45.06 -8.09 0.11
Cyclist 0.00 0 -6.13 0.00 171.16 70.60 246.01 1.69 0.77 1.80 -13.97 1.65 17.06 -6.82 0.11
Cyclist 0.00 0 -5.73 348.30 170.93 388.64 207.17 1.76 0.73 1.77 -11.93 1.66 35.53 -6.06 0.11
Car 0.00 0 -7.06 262.72 179.78 366.25 219.81 1.44 1.60 3.79 -11.71 1.74 28.74 -7.45 0.10
Car 0.00 0 -7.74 606.74 180.80 637.79 204.17 1.41 1.60 3.87 0.81 1.95 46.97 -7.73 0.10
Pedestrian 0.00 0 -3.56 669.35 166.90 720.20 251.72 2.03 0.58 1.10 2.03 1.89 17.73 -3.45 0.10
