Car 0.00 0 -8.07 688.16 180.95 813.23 265.98 1.48 1.63 4.40 2.72 1.67 15.18 -7.89 0.97
Car 0.00 0 -2.45 0.00 193.22 274.12 331.94 1.42 1.52 3.91 -6.32 1.69 8.50 -3.09 0.96
Car 0.00 0 -5.90 285.40 184.55 476.16 241.58 1.40 1.64 4.51 -6.01 1.72 19.03 -6.21 0.94
Car 0.00 0 -8.41 825.56 187.73 1241.00 374.00 1.54 1.58 3.52 2.97 1.69 5.44 -7.91 0.94
Car 0.00 0 -2.67 5.19 187.61 319.60 296.32 1.46 1.52 3.74 -6.59 1.71 10.86 -3.22 0.94
Car 0.00 0 -8.00 666.42 179.41 728.04 223.20 1.41 1.59 4.10 3.01 1.67 25.99 -7.89 0.89
Car 0.00 0 -5.80 126.56 181.17 377.30 271.94 1.56 1.54 3.91 -6.59 1.73 13.42 -6.25 0.88
Car 0.00 0 -2.30 0.00 202.60 120.71 374.00 1.38 1.54 3.96 -6.76 1.67 6.21 -3.13 0.88
Car 0.00 0 -7.89 647.06 174.14 675.96 201.21 1.62 1.66 4.12 3.17 1.70 45.39 -7.82 0.84
Car 0.00 0 -2.85 323.52 180.44 467.04 230.46 1.43 1.53 3.85 -6.41 1.67 21.62 -3.14 0.76
Car 0.00 0 -2.88 339.41 169.37 471.96 224.56 1.78 1.69 3.96 -6.79 1.66 24.08 -3.16 0.66
Car 0.00 0 -8.02 850.11 170.41 895.22 202.91 1.58 1.59 3.54 13.38 1.46 37.01 -7.68 0.58
Car 0.00 0 -2.93 452.59 180.02 538.67 211.21 1.44 1.60 3.84 -5.50 1.80 34.69 -3.09 0.38
Car 0.00 0 -3.10 471.25 177.78 547.67 204.15 1.50 1.65 4.38 -5.92 1.80 42.54 -3.24 0.38
Car 0.00 0 -7.68 459.55 174.05 514.55 217.01 1.66 1.59 3.95 -5.08 1.72 30.03 -7.85 0.28
Car 0.00 0 -4.82 659.01 176.23 705.47 212.93 1.53 1.63 4.29 3.16 1.69 32.63 -4.72 0.24
Car 0.00 0 -6.18 494.13 170.88 557.70 196.51 1.83 1.70 4.42 -6.08 1.69 52.26 -6.30 0.24
Pedestrian 0.00 0 -4.82 1208.39 141.51 1241.00 232.59 1.98 0.61 0.60 13.73 1.30 16.09 -4.12 0.23
Car 0.00 0 -4.65 882.48 172.71 916.29 201.33 1.56 1.58 3.72 16.55 1.55 41.26 -4.27 0.19
Pedestrian 0.00 0 -4.73 1096.22 140.62 1151.33 281.75 2.00 0.65 0.82 7.58 1.54 10.74 -4.11 0.18
Pedestrian 0.00 0 -6.32 825.39 171.31 861.54 239.80 1.74 0.57 0.87 5.99 1.70 18.70 -6.01 0.18
Cyclist 0.00 0 -7.82 818.55 173.10 824.30 198.61 1.59 0.29 1.50 13.34 1.60 45.63 -7.53 0.17
Pedestrian 0.00 0 -6.28 133.32 170.04 149.51 213.09 1.83 0.89 0.58 -20.33 1.71 31.25 -6.85 0.17
Car 0.00 0 -7.95 629.04 175.34 649.79 192.01 1.53 1.58 3.94 2.75 1.77 68.70 -7.91 0.15
Car 0.00 0 -2.91 462.47 177.28 535.80 205.97 1.55 1.63 3.77 -6.19 1.80 40.27 -3.06 0.15
Pedestrian 0.00 0 -4.82 793.00 160.02 811.99 208.70 1.98 0.69 0.60 7.86 1.46 29.63 -4.56 0.14
Car 0.00 0 -6.76 632.52 175.11 686.16 196.22 1.59 1.66 3.84 3.82 1.77 56.23 -6.69 0.13
Car 0.00 0 -3.07 492.37 175.48 551.22 199.15 1.60 1.63 3.94 -6.09 1.79 49.89 -3.19 0.12
Car 0.00 0 -3.74 184.75 182.67 341.78 236.68 1.36 1.51 3.96 -10.00 1.67 21.00 -4.19 0.12
Car 0.00 0 -8.50 682.94 172.70 743.51 200.71 1.66 1.65 3.98 6.32 1.65 44.81 -8.36 0.12
Pedestrian 0.00 0 -3.20 1114.39 147.88 1183.14 270.64 1.88 0.58 0.85 8.54 1.50 11.54 -2.56 0.12
Car 0.00 0 -7.84 532.73 173.11 556.36 198.78 1.90 1.75 4.48 -5.05 1.92 55.80 -7.93 0.11
