Cyclist 0.00 0 -4.64 508.02 165.28 538.92 244.65 1.71 0.58 1.68 -1.79 1.36 16.30 -4.75 0.84
Pedestrian 0.00 0 -4.83 553.84 164.02 577.35 218.27 1.78 0.67 1.03 -1.24 1.21 24.16 -4.89 0.80
Pedestrian 0.00 0 -4.11 449.75 157.92 511.41 262.31 1.83 0.72 0.92 -2.24 1.42 13.14 -4.28 0.77
Pedestrian 0.00 0 -3.59 557.08 157.80 613.30 263.39 1.79 0.72 0.75 -0.33 1.39 12.68 -3.62 0.73
Pedestrian 0.00 0 -4.90 853.95 146.90 927.03 296.68 1.76 0.70 0.81 3.52 1.36 8.91 -4.52 0.70
Pedestrian 0.00 0 -4.64 535.52 164.71 553.68 215.16 1.78 0.59 0.93 -2.06 1.19 25.86 -4.72 0.61
Pedestrian 0.00 0 -4.86 739.62 143.10 796.06 262.20 1.89 0.76 1.12 2.72 1.28 12.01 -4.64 0.61
Pedestrian 0.00 0 -7.53 287.81 191.16 380.51 326.76 1.43 0.84 0.52 -2.97 1.54 7.90 -7.89 0.60
Pedestrian 0.00 0 -4.75 497.33 163.26 516.63 208.44 1.81 0.74 1.01 -3.89 1.08 29.38 -4.88 0.51
Cyclist 0.00 0 -7.17 199.36 160.94 306.99 273.92 1.76 0.70 1.73 -5.86 1.44 12.11 -7.62 0.51
Pedestrian 0.00 0 -8.10 294.54 157.71 348.27 278.43 1.79 0.62 0.68 -4.38 1.44 11.12 -8.48 0.49
Pedestrian 0.00 0 -6.66 569.98 164.67 586.68 197.33 1.74 0.66 0.70 -1.25 0.84 38.69 -6.70 0.45
Cyclist 0.00 0 -6.03 0.00 199.26 187.20 373.00 1.45 0.62 1.67 -4.59 1.62 6.14 -6.68 0.45
Pedestrian 0.00 0 -5.45 595.13 167.29 622.01 215.76 1.70 0.63 0.73 0.23 1.20 25.68 -5.45 0.44
Pedestrian 0.00 0 -8.45 587.17 168.79 611.00 217.07 1.60 0.52 0.66 -0.11 1.18 24.17 -8.45 0.42
Pedestrian 0.00 0 -4.32 810.26 149.38 848.43 227.89 1.83 0.62 0.80 5.45 1.09 17.29 -4.01 0.35
Pedestrian 0.00 0 -6.91 123.37 173.65 191.71 275.09 1.59 0.66 0.69 -7.26 1.47 11.70 -7.47 0.35
Pedestrian 0.00 0 -8.66 607.78 166.77 623.44 194.80 1.85 0.59 0.88 0.96 0.88 48.03 -8.64 0.35
Cyclist 0.00 0 -7.93 687.27 165.41 701.21 205.30 1.64 0.45 1.63 3.90 0.98 30.38 -7.81 0.34
Cyclist 0.00 0 -8.04 624.32 163.94 655.03 229.86 1.68 0.50 1.79 0.97 1.23 19.23 -7.99 0.30
Pedestrian 0.00 0 -7.94 783.19 157.47 809.03 229.04 1.75 0.56 0.72 4.84 1.17 18.00 -7.68 0.26
Pedestrian 0.00 0 -7.82 643.98 165.07 662.39 210.39 1.75 0.70 0.61 2.00 1.11 28.02 -7.75 0.25
Car 0.00 0 -4.57 524.42 170.30 549.08 187.80 1.50 1.60 4.09 -5.65 0.54 63.50 -4.66 0.24
Pedestrian 0.00 0 -4.74 898.61 152.13 950.02 279.03 1.68 0.62 0.79 4.44 1.29 10.01 -4.32 0.23
Pedestrian 0.00 0 -5.40 333.36 160.15 386.14 259.59 1.78 0.70 0.62 -4.52 1.40 13.34 -5.72 0.22
Cyclist 0.00 0 -7.16 0.00 161.08 13.74 368.04 1.73 0.43 1.68 -6.53 1.57 6.87 -7.92 0.20
Pedestrian 0.00 0 -4.42 633.14 162.35 651.40 201.47 1.77 0.64 0.80 1.87 0.91 33.05 -4.37 0.20
Cyclist 0.00 0 -8.02 673.53 164.66 685.43 198.83 1.64 0.32 1.58 3.83 0.84 35.37 -7.91 0.20
Pedestrian 0.00 0 -5.53 617.69 165.47 632.28 194.28 1.88 0.65 0.71 1.56 0.84 47.42 -5.50 0.19
Pedestrian 0.00 0 -3.98 428.74 183.54 474.71 260.72 1.44 0.59 0.64 -2.92 1.48 13.85 -4.19 0.18
Pedestrian 0.00 0 -3.48 584.47 161.28 601.34 202.21 1.79 0.59 0.59 -0.39 0.91 31.87 -3.49 0.18
Pedestrian 0.00 0 -3.46 723.06 166.71 796.16 299.72 1.62 0.45 0.79 1.93 1.44 9.02 -3.25 0.18
Pedestrian 0.00 0 -5.53 376.29 175.54 424.32 254.42 1.53 0.56 0.74 -4.04 1.41 14.31 -5.80 0.17
Pedestrian 0.00 0 -4.96 853.68 182.59 882.84 256.31 1.22 0.35 0.51 4.49 1.24 12.21 -4.61 0.16
Pedestrian 0.00 0 -5.84 691.90 167.77 715.18 211.58 1.64 0.56 0.70 3.86 1.13 27.27 -5.69 0.15
Pedestrian 0.00 0 -4.41 704.06 157.94 727.50 211.85 1.83 0.60 0.77 3.93 1.03 24.81 -4.25 0.15
Pedestrian 0.00 0 -2.96 0.00 273.80 57.61 373.00 1.25 0.36 0.57 -2.45 1.63 2.67 -3.71 0.14
Pedestrian 0.00 0 -5.71 824.95 154.04 864.07 227.58 1.77 0.57 0.73 5.97 1.11 17.76 -5.39 0.13
Pedestrian 0.00 0 -7.91 0.00 162.05 75.78 339.17 1.71 0.64 0.78 -5.94 1.53 7.45 -8.59 0.13
Pedestrian 0.00 0 -3.67 1157.10 135.43 1237.00 357.16 1.69 0.49 0.89 5.08 1.34 5.80 -2.95 0.13
Pedestrian 0.00 0 -7.61 661.02 162.73 680.88 209.54 1.81 0.61 0.76 2.72 1.09 28.25 -7.51 0.12
Car 0.00 0 -8.21 615.34 178.29 699.26 226.73 1.34 1.42 3.35 1.57 1.25 21.65 -8.14 0.11
Pedestrian 0.00 0 -3.68 760.03 158.97 796.75 227.96 1.75 0.51 0.77 4.54 1.18 18.58 -3.44 0.11
Pedestrian 0.00 0 -7.63 437.30 173.58 464.06 233.18 1.53 0.60 0.42 -3.95 1.33 18.70 -7.84 0.10
Pedestrian 0.00 0 -8.02 462.63 166.56 488.17 224.78 1.65 0.65 0.54 -3.67 1.23 20.71 -8.19 0.10
Pedestrian 0.00 0 -5.38 1139.69 129.17 1237.00 279.25 1.78 0.60 0.82 7.26 1.16 8.94 -4.70 0.10
