Car 0.00 0 -4.44 360.20 185.49 477.16 260.02 1.45 1.59 3.96 -4.33 1.78 16.74 -4.69 0.97
Car 0.00 0 -4.16 0.00 186.63 326.47 374.00 1.59 1.69 4.20 -4.58 1.77 7.29 -4.72 0.95
Car 0.00 0 -4.33 244.51 190.94 423.80 297.48 1.43 1.54 3.66 -4.48 1.78 12.17 -4.68 0.94
Car 0.00 0 -8.02 722.19 165.49 815.35 237.49 1.86 1.85 4.79 4.43 1.67 21.05 -7.81 0.74
Car 0.00 0 -4.58 551.51 177.58 586.82 203.65 1.47 1.63 3.96 -2.44 1.77 43.42 -4.64 0.70
Car 0.00 0 -7.89 715.63 178.04 762.78 220.58 1.47 1.59 3.83 4.79 1.68 27.36 -7.72 0.35
Cyclist 0.00 0 -3.50 817.79 167.14 858.48 205.96 1.78 0.60 1.70 10.55 1.52 33.50 -3.20 0.34
Car 0.00 0 -7.98 703.23 176.80 748.08 210.84 1.45 1.57 3.62 5.20 1.64 33.07 -7.82 0.31
Car 0.00 0 -6.03 487.04 170.18 544.60 191.90 1.59 1.66 3.99 -7.05 1.40 54.02 -6.16 0.30
Cyclist 0.00 0 -4.11 836.41 174.39 880.86 221.95 1.66 0.63 1.76 8.93 1.72 26.02 -3.78 0.21
Car 0.00 0 -4.58 681.39 171.96 712.87 195.40 1.52 1.59 4.05 5.92 1.46 48.97 -4.46 0.17
Car 0.00 0 -8.01 873.48 168.11 903.58 191.16 1.79 1.67 3.97 22.34 1.42 58.06 -7.64 0.17
Car 0.00 0 -7.87 702.00 176.40 733.69 206.03 1.47 1.58 3.69 5.64 1.67 38.18 -7.72 0.13
Car 0.00 0 -4.47 579.45 176.11 611.12 197.05 1.50 1.52 3.80 -1.10 1.75 54.21 -4.49 0.12
Cyclist 0.00 0 -8.14 889.64 174.28 916.75 223.11 1.64 0.44 1.59 10.12 1.69 25.06 -7.75 0.11
Pedestrian 0.00 0 -8.03 950.42 157.76 975.79 215.01 1.88 0.63 0.80 11.77 1.38 24.16 -7.58 0.10
