Car 0.00 0 -3.92 0.00 202.87 19.25 374.00 1.43 1.67 4.32 -9.66 1.89 8.64 -4.76 0.97
Car 0.00 0 -7.70 421.25 176.56 524.38 259.24 1.58 1.62 4.00 -2.95 1.68 16.03 -7.88 0.93
Car 0.00 0 -4.30 234.73 185.41 322.90 228.31 1.45 1.59 4.06 -12.63 1.97 27.70 -4.73 0.87
Car 0.00 0 -7.90 585.08 174.01 612.26 197.83 1.47 1.57 3.71 -0.80 1.55 46.73 -7.92 0.62
Cyclist 0.00 0 -2.57 660.95 164.04 723.12 224.62 1.79 0.63 1.85 2.45 1.53 22.12 -2.46 0.47
Cyclist 0.00 0 -4.90 647.37 169.31 671.75 217.40 1.64 0.55 1.73 1.70 1.52 25.54 -4.83 0.44
Pedestrian 0.00 0 -8.07 412.14 169.69 437.86 226.88 1.80 0.67 0.69 -5.99 1.70 23.18 -8.32 0.43
Car 0.00 0 -4.01 392.94 180.61 455.56 206.05 1.40 1.49 3.82 -11.02 1.88 42.92 -4.26 0.38
Pedestrian 0.00 0 -8.26 313.55 174.95 331.10 207.49 1.84 0.65 0.85 -16.51 1.96 41.32 -8.64 0.35
Pedestrian 0.00 0 -5.97 140.94 174.49 170.29 227.13 1.83 0.64 0.72 -16.11 1.89 25.53 -6.54 0.34
Pedestrian 0.00 0 -8.25 674.91 164.01 700.93 217.35 1.79 0.60 0.85 2.62 1.49 24.71 -8.14 0.29
Car 0.00 0 -4.53 480.40 174.20 505.46 190.56 1.46 1.59 4.09 -10.80 1.59 66.66 -4.70 0.24
Cyclist 0.00 0 -4.70 413.03 176.60 425.74 217.21 1.69 0.51 1.46 -8.19 1.85 30.87 -4.96 0.21
Pedestrian 0.00 0 -4.54 973.12 152.35 1008.47 228.28 1.85 0.64 0.88 9.50 1.35 18.09 -4.06 0.19
Pedestrian 0.00 0 -4.11 863.31 174.42 888.73 220.77 1.42 0.44 0.68 8.28 1.47 22.57 -3.75 0.18
Car 0.00 0 -7.88 1161.75 152.31 1193.34 176.54 1.67 1.67 4.04 40.77 0.25 51.92 -7.22 0.17
Cyclist 0.00 0 -5.01 773.73 167.18 798.65 211.49 1.71 0.52 1.57 6.93 1.49 28.60 -4.77 0.16
Pedestrian 0.00 0 -7.26 657.23 164.09 687.98 219.99 1.80 0.63 0.86 2.02 1.52 23.76 -7.17 0.16
Car 0.00 0 -7.21 0.00 185.75 139.77 246.56 1.51 1.67 4.32 -15.93 1.92 20.94 -7.86 0.15
Cyclist 0.00 0 -5.92 354.23 176.12 415.09 235.89 1.70 0.56 1.59 -6.57 1.80 20.90 -6.23 0.14
Car 0.00 0 -4.39 271.93 182.57 370.68 236.95 1.46 1.61 4.15 -8.82 1.79 22.30 -4.77 0.13
Car 0.00 0 -3.44 948.75 175.51 1038.85 203.77 1.47 1.61 3.99 20.60 1.62 38.93 -2.95 0.13
Pedestrian 0.00 0 -3.79 1013.89 164.16 1029.44 198.23 1.86 0.64 0.45 22.69 1.39 39.84 -3.27 0.13
Car 0.00 0 -4.77 576.98 173.37 597.12 190.85 1.51 1.57 3.90 -2.10 1.56 64.64 -4.80 0.13
Pedestrian 0.00 0 -5.68 982.16 175.63 1013.51 238.41 1.35 0.43 0.43 8.44 1.41 15.79 -5.18 0.12
Pedestrian 0.00 0 -6.42 848.36 170.49 876.07 219.73 1.60 0.55 0.79 8.28 1.53 23.83 -6.09 0.12
Car 0.00 0 -3.04 1029.60 157.47 1100.30 179.64 1.65 1.66 4.48 35.09 0.51 55.75 -2.48 0.12
Car 0.00 0 -7.82 342.48 178.80 390.04 223.44 1.53 1.59 3.85 -9.19 1.77 27.28 -8.15 0.12
Pedestrian 0.00 0 -8.20 695.96 175.15 713.53 209.99 1.49 0.61 0.53 4.06 1.59 31.23 -8.07 0.11
