Car 0.00 0 -4.65 0.00 210.23 35.88 350.96 1.55 1.59 3.72 -9.76 2.22 10.92 -5.38 0.76
Car 0.00 0 -4.62 0.00 213.48 91.23 296.14 1.46 1.56 3.92 -13.26 2.53 16.86 -5.28 0.62
Car 0.00 0 -4.69 855.81 145.53 891.77 179.76 1.55 1.54 3.81 12.71 0.31 34.78 -4.34 0.48
Pedestrian 0.00 0 -7.98 274.49 197.75 290.64 234.68 1.76 0.64 0.76 -16.16 3.00 35.52 -8.40 0.25
Car 0.00 0 -7.70 890.62 145.92 939.53 180.68 1.57 1.62 3.62 14.59 0.35 34.50 -7.30 0.20
Car 0.00 0 -5.06 972.63 135.55 1023.32 162.62 1.61 1.66 3.88 24.89 -0.69 46.48 -4.57 0.19
Car 0.00 0 -5.04 906.51 140.84 960.07 167.75 1.49 1.65 4.10 19.11 -0.32 42.90 -4.62 0.19
Car 0.00 0 -3.30 997.26 138.72 1075.10 167.11 1.55 1.66 3.63 24.34 -0.34 41.39 -2.76 0.16
Car 0.00 0 -4.55 846.00 138.90 886.21 166.34 1.52 1.65 3.93 15.27 -0.41 43.00 -4.21 0.13
Car 0.00 0 -6.92 918.53 141.11 992.49 166.90 1.57 1.62 4.05 21.82 -0.39 45.67 -6.47 0.12
Car 0.00 0 -6.99 926.59 144.33 1015.57 175.71 1.57 1.55 4.09 18.66 0.14 37.39 -6.52 0.11
Cyclist 0.00 0 -2.40 0.00 176.64 48.17 213.47 1.82 0.80 1.84 -29.51 2.02 36.29 -3.08 0.11
