Pedestrian 0.00 0 -3.35 718.07 167.89 768.44 261.40 1.72 0.51 0.84 2.44 1.63 13.53 -3.17 0.41
Car 0.00 0 -3.86 0.00 207.72 232.25 374.00 1.67 1.65 4.24 -3.12 1.89 2.38 -4.78 0.27
Cyclist 0.00 0 -6.26 971.92 157.85 1030.73 211.39 1.78 0.64 1.75 13.34 1.28 24.70 -5.76 0.23
Car 0.00 0 -4.04 1179.77 163.08 1241.00 191.41 1.59 1.60 3.37 34.96 1.04 41.56 -3.34 0.19
Pedestrian 0.00 0 -8.55 835.00 165.34 882.72 251.27 1.71 0.55 0.80 5.06 1.56 14.85 -8.22 0.17
Pedestrian 0.00 0 -3.56 742.93 162.32 788.98 244.61 1.80 0.52 0.87 3.42 1.57 16.08 -3.35 0.16
Pedestrian 0.00 0 -3.90 471.05 170.08 494.29 216.55 1.64 0.63 0.53 -4.60 1.54 25.80 -4.08 0.16
Pedestrian 0.00 0 -7.05 786.91 159.64 860.56 285.87 1.78 0.58 0.89 3.10 1.59 10.64 -6.77 0.16
Car 0.00 0 -7.72 51.26 200.64 208.91 321.17 1.43 1.59 3.71 -7.49 1.95 11.51 -8.30 0.14
Pedestrian 0.00 0 -3.56 571.44 153.17 640.60 273.00 1.90 0.66 0.96 -0.12 1.59 11.95 -3.57 0.14
Pedestrian 0.00 0 -8.46 473.74 170.09 506.87 238.14 1.69 0.59 0.61 -3.09 1.62 18.31 -8.63 0.13
Pedestrian 0.00 0 -7.10 1000.38 159.59 1016.25 208.30 1.81 0.51 0.22 14.92 1.32 27.10 -6.59 0.13
Cyclist 0.00 0 -4.69 1156.69 161.22 1174.47 205.67 1.67 0.51 1.68 21.43 1.23 27.87 -4.03 0.12
Cyclist 0.00 0 -7.53 274.56 180.82 347.56 305.73 1.73 0.48 1.79 -4.57 1.86 11.02 -7.92 0.12
Car 0.00 0 -4.90 1164.31 165.86 1224.56 199.69 1.49 1.53 3.57 27.22 1.18 33.75 -4.23 0.11
Pedestrian 0.00 0 -5.10 379.20 196.42 500.93 374.00 1.76 0.50 0.69 -1.12 1.92 4.45 -5.34 0.11
Cyclist 0.00 0 -8.01 703.58 167.01 760.67 283.29 1.66 0.61 1.68 1.80 1.58 11.17 -7.85 0.11
