Pedestrian 0.00 0 -6.98 621.42 173.34 649.09 217.60 1.67 0.82 0.70 1.28 1.36 27.62 -6.94 0.53
Pedestrian 0.00 0 -4.61 457.66 172.21 501.04 266.44 1.67 0.71 0.79 -2.27 1.51 13.16 -4.78 0.44
Cyclist 0.00 0 -8.17 670.00 170.14 700.36 227.16 1.73 0.44 1.66 2.59 1.38 22.59 -8.06 0.39
Cyclist 0.00 0 -2.74 483.21 172.18 549.78 233.94 1.73 0.61 1.81 -2.47 1.47 20.69 -2.86 0.38
Pedestrian 0.00 0 -5.26 741.22 159.67 770.30 214.34 1.89 0.61 0.92 5.41 1.13 25.31 -5.05 0.33
Pedestrian 0.00 0 -8.37 942.85 180.80 1048.05 358.45 1.57 0.59 0.71 3.61 1.57 6.71 -7.88 0.23
Car 0.00 0 -6.65 596.10 169.26 685.27 202.27 1.68 1.64 4.42 2.07 1.06 38.02 -6.59 0.22
Car 0.00 0 -6.33 444.61 179.93 529.03 210.60 1.47 1.66 4.06 -5.73 1.40 35.75 -6.49 0.22
Pedestrian 0.00 0 -7.99 722.05 186.73 760.94 263.26 1.47 0.67 0.63 2.71 1.57 14.13 -7.80 0.20
Pedestrian 0.00 0 -6.10 697.52 163.64 727.51 220.12 1.84 0.68 0.88 3.68 1.26 23.90 -5.94 0.20
Pedestrian 0.00 0 -4.96 736.56 188.50 781.08 270.10 1.43 0.67 0.56 2.79 1.56 12.93 -4.75 0.19
Cyclist 0.00 0 -4.93 1039.61 163.13 1126.90 311.68 1.69 0.54 1.75 5.99 1.48 9.08 -4.35 0.16
Car 0.00 0 -3.59 612.27 164.84 691.62 197.38 1.83 1.71 4.31 2.95 0.89 41.96 -3.52 0.15
Cyclist 0.00 0 -7.38 0.00 190.29 100.26 373.00 1.56 0.52 1.80 -5.59 1.66 6.89 -8.06 0.13
Pedestrian 0.00 0 -3.78 890.01 181.74 976.45 329.96 1.53 0.55 0.65 3.51 1.53 7.74 -3.35 0.11
Pedestrian 0.00 0 -5.33 760.74 184.12 799.63 259.30 1.42 0.51 0.54 3.43 1.47 13.95 -5.09 0.11
Pedestrian 0.00 0 -5.32 785.25 163.16 820.51 225.44 1.82 0.62 0.88 5.98 1.28 21.47 -5.04 0.11
Pedestrian 0.00 0 -7.82 801.16 163.68 813.97 196.67 1.83 0.67 0.65 11.54 0.84 40.20 -7.54 0.11
Car 0.00 0 -7.60 720.82 162.54 752.77 182.45 1.56 1.66 3.82 11.06 0.07 58.37 -7.42 0.10
