Car 0.00 0 -8.00 662.00 176.05 723.59 224.49 1.59 1.63 3.97 2.86 1.72 26.02 -7.89 0.93
Car 0.00 0 -4.42 366.90 191.01 448.39 244.91 1.45 1.50 3.44 -6.21 2.06 22.33 -4.69 0.91
Car 0.00 0 -4.47 416.59 189.11 480.83 231.38 1.44 1.58 3.76 -6.19 2.11 27.85 -4.69 0.89
Car 0.00 0 -4.57 464.66 182.84 508.66 217.78 1.60 1.62 3.98 -6.17 2.13 36.20 -4.74 0.68
Car 0.00 0 -8.00 194.06 202.00 303.74 284.27 1.39 1.57 3.71 -7.90 2.09 15.52 -8.47 0.44
Car 0.00 0 -5.11 1196.63 145.14 1241.00 174.94 1.52 1.62 4.00 33.60 0.11 39.01 -4.40 0.44
Car 0.00 0 -8.37 841.98 164.14 895.21 189.35 1.71 1.73 4.13 18.25 1.12 51.18 -8.03 0.42
Car 0.00 0 -4.90 529.73 180.13 553.12 196.16 1.43 1.51 3.78 -6.55 2.15 68.43 -5.00 0.34
Car 0.00 0 -4.54 485.83 182.90 523.80 210.50 1.51 1.59 4.03 -6.25 2.14 43.03 -4.69 0.34
Car 0.00 0 -4.85 523.60 181.63 553.46 204.68 1.57 1.63 4.17 -5.31 2.24 52.89 -4.95 0.27
Car 0.00 0 -6.99 1149.60 146.28 1241.00 178.85 1.57 1.75 4.28 29.45 0.29 35.71 -6.30 0.27
Car 0.00 0 -5.32 1074.73 143.34 1166.39 181.35 1.74 1.72 3.88 24.65 0.39 35.06 -4.71 0.24
Car 0.00 0 -5.26 988.40 151.77 1037.98 179.47 2.22 1.77 3.98 33.38 0.53 59.90 -4.75 0.14
Car 0.00 0 -5.17 478.02 183.44 528.85 207.36 1.44 1.63 4.20 -7.11 2.17 47.65 -5.32 0.14
Car 0.00 0 -4.75 653.93 178.96 694.03 215.42 1.50 1.62 4.03 2.78 1.80 32.48 -4.67 0.14
Pedestrian 0.00 0 -8.86 1225.43 142.20 1241.00 176.86 1.74 0.75 0.62 31.89 0.20 36.71 -8.15 0.12
Pedestrian 0.00 0 -4.45 1130.27 152.87 1147.01 185.83 1.63 0.59 0.42 26.43 0.64 36.13 -3.81 0.12
