Car 0.00 0 -7.70 542.94 166.16 572.58 187.49 1.53 1.65 3.85 -3.48 0.50 52.85 -7.77 0.60
Car 0.00 0 -7.90 587.51 165.76 608.67 183.70 1.46 1.61 3.76 -0.59 0.26 59.56 -7.91 0.40
Cyclist 0.00 0 -4.29 418.25 171.05 440.13 200.76 1.81 0.60 1.91 -10.96 1.24 44.13 -4.53 0.37
Car 0.00 0 -4.81 725.17 156.37 748.81 175.70 1.56 1.57 4.02 11.24 -0.42 60.28 -4.63 0.31
Cyclist 0.00 0 -7.83 473.33 169.49 478.65 189.57 1.63 0.39 1.57 -10.59 0.74 58.11 -8.01 0.21
Car 0.00 0 -6.40 755.81 152.54 820.86 175.46 1.57 1.68 4.28 12.93 -0.36 50.05 -6.15 0.20
Pedestrian 0.00 0 -5.04 796.34 168.32 832.30 243.43 1.54 0.52 0.70 4.34 1.29 14.82 -4.76 0.20
Cyclist 0.00 0 -7.96 826.80 149.89 862.55 257.02 1.73 0.41 1.58 4.07 1.23 12.20 -7.64 0.19
Car 0.00 0 -7.04 815.79 148.70 894.84 179.26 1.61 1.63 4.09 13.76 -0.07 38.88 -6.70 0.18
Pedestrian 0.00 0 -6.00 1103.42 132.00 1117.95 174.15 1.85 0.54 0.39 22.50 -0.28 31.48 -5.38 0.17
Pedestrian 0.00 0 -4.30 0.00 208.01 27.44 263.62 1.32 0.44 0.57 -14.69 2.01 17.44 -5.00 0.16
Cyclist 0.00 0 -4.50 64.97 185.72 98.67 249.51 1.74 0.47 1.50 -14.97 1.90 20.21 -5.13 0.15
Pedestrian 0.00 0 -3.39 417.16 168.65 424.71 189.96 1.78 0.53 0.50 -15.47 0.79 59.49 -3.64 0.14
Pedestrian 0.00 0 -6.37 995.80 142.53 1134.75 357.18 1.73 0.51 0.97 3.90 1.43 6.14 -5.81 0.14
Pedestrian 0.00 0 -7.06 956.29 152.51 1072.01 330.27 1.69 0.58 0.84 4.04 1.42 7.09 -6.54 0.14
Pedestrian 0.00 0 -5.02 1085.97 117.55 1223.00 369.00 1.82 0.63 0.94 3.98 1.41 5.18 -4.36 0.13
Pedestrian 0.00 0 -3.16 715.54 156.08 730.79 198.18 1.81 0.69 0.64 5.13 0.76 30.81 -3.00 0.12
Pedestrian 0.00 0 -4.20 1195.66 124.63 1217.54 168.76 1.81 0.58 0.39 25.09 -0.49 29.52 -3.50 0.11
Cyclist 0.00 0 -3.59 179.70 183.47 232.17 233.89 1.71 0.59 1.50 -14.07 1.82 24.91 -4.10 0.11
Car 0.00 0 -8.15 825.59 155.66 885.69 189.43 1.53 1.66 3.77 11.90 0.40 33.84 -7.82 0.11
Pedestrian 0.00 0 -3.91 847.17 154.09 914.57 283.52 1.70 0.56 0.66 3.72 1.36 9.68 -3.55 0.11
