Cyclist 0.00 0 -8.17 913.99 139.47 1009.37 298.84 1.84 0.56 1.78 4.40 1.46 9.25 -7.72 0.89
Cyclist 0.00 0 -8.01 760.39 162.45 785.52 221.25 1.85 0.52 1.80 5.27 1.52 23.59 -7.79 0.85
Pedestrian 0.00 0 -4.11 775.88 165.03 802.99 211.62 1.84 0.65 0.93 7.19 1.53 29.09 -3.87 0.46
Pedestrian 0.00 0 -4.99 799.17 165.17 820.35 211.34 1.82 0.59 0.91 7.95 1.52 28.89 -4.73 0.42
Car 0.00 0 -4.94 850.30 182.26 877.95 199.39 1.50 1.58 3.95 23.64 2.40 67.29 -4.60 0.42
Cyclist 0.00 0 -4.84 718.87 170.96 732.72 203.44 1.74 0.53 1.76 6.30 1.64 39.54 -4.68 0.32
Car 0.00 0 -3.69 1041.19 183.48 1103.77 202.09 1.51 1.61 4.18 38.63 2.41 60.35 -3.12 0.31
Pedestrian 0.00 0 -4.45 1029.65 147.05 1076.73 238.18 1.80 0.63 0.80 9.02 1.29 14.76 -3.90 0.30
Cyclist 0.00 0 -6.97 851.56 161.71 902.57 211.03 1.79 0.62 1.79 9.88 1.39 26.80 -6.61 0.23
Car 0.00 0 -3.49 820.57 190.19 880.49 210.20 1.60 1.59 4.44 19.91 3.06 59.89 -3.16 0.18
Car 0.00 0 -4.95 808.30 186.41 836.58 203.67 1.47 1.62 3.94 19.53 2.76 66.54 -4.66 0.16
Car 0.00 0 -4.39 0.00 187.36 90.55 245.68 1.45 1.63 3.91 -16.81 1.91 21.05 -5.07 0.15
Pedestrian 0.00 0 -2.97 648.71 171.07 657.62 189.82 1.76 0.57 0.76 4.06 1.60 68.20 -2.92 0.13
Car 0.00 0 -6.99 1171.86 194.85 1241.00 221.81 1.60 1.56 3.71 37.31 2.99 44.80 -6.29 0.13
Car 0.00 0 -3.25 715.36 173.75 769.86 192.05 1.49 1.62 4.30 10.94 1.57 59.84 -3.07 0.12
