Car 0.00 0 -4.40 335.55 183.18 413.68 224.13 1.43 1.71 4.20 -9.16 1.86 28.28 -4.72 0.97
Car 0.00 0 -7.93 583.43 173.03 613.06 197.86 1.56 1.60 4.23 -0.85 1.57 47.41 -7.95 0.75
Car 0.00 0 -4.55 447.99 177.49 478.97 199.92 1.51 1.58 3.88 -10.43 1.86 51.43 -4.75 0.68
Car 0.00 0 -7.73 551.15 174.48 573.49 190.32 1.42 1.60 4.05 -4.43 1.58 67.17 -7.80 0.40
Pedestrian 0.00 0 -4.13 1240.51 154.25 1241.00 201.78 1.78 0.72 0.57 24.55 1.08 27.44 -3.40 0.28
Car 0.00 0 -4.53 405.01 179.44 461.72 218.60 1.51 1.63 3.96 -7.42 1.80 30.47 -4.77 0.27
Car 0.00 0 -4.88 637.13 169.54 669.19 193.82 1.69 1.66 4.05 3.05 1.46 52.19 -4.82 0.25
Cyclist 0.00 0 -4.17 1034.73 145.94 1149.37 268.30 1.69 0.54 1.81 7.04 1.32 10.59 -3.58 0.24
Pedestrian 0.00 0 -3.28 680.40 161.41 708.24 210.29 1.96 0.66 1.04 3.37 1.50 29.28 -3.16 0.21
Car 0.00 0 -7.70 435.55 177.12 480.73 210.82 1.56 1.63 3.82 -7.51 1.78 35.81 -7.91 0.20
Car 0.00 0 -7.58 303.07 183.21 407.84 245.01 1.52 1.68 4.50 -7.24 1.86 20.86 -7.91 0.17
Car 0.00 0 -4.73 579.36 173.48 596.54 189.68 1.47 1.54 3.74 -2.11 1.53 67.58 -4.76 0.14
Cyclist 0.00 0 -8.97 1223.14 152.57 1241.00 191.23 1.67 0.53 1.69 28.40 0.80 32.12 -8.24 0.13
Car 0.00 0 -4.47 370.66 180.48 442.39 227.05 1.49 1.56 3.90 -7.19 1.78 25.67 -4.74 0.12
