Car 0.00 0 -7.68 431.82 186.16 499.67 233.63 1.42 1.57 3.47 -4.55 1.45 23.25 -7.87 0.96
Car 0.00 0 -7.29 2.64 185.91 242.78 288.11 1.54 1.65 4.00 -8.38 1.55 12.84 -7.87 0.94
Car 0.00 0 -7.86 577.79 180.67 608.98 208.93 1.48 1.63 3.77 -0.84 1.24 39.51 -7.89 0.94
Car 0.00 0 -7.57 263.82 192.15 436.69 296.53 1.43 1.59 4.26 -4.18 1.57 12.26 -7.90 0.92
Car 0.00 0 -7.51 246.92 173.88 334.30 222.05 1.77 1.76 4.61 -12.62 1.36 28.84 -7.93 0.88
Car 0.00 0 -7.62 381.83 182.33 437.38 218.10 1.49 1.59 3.61 -8.72 1.37 31.76 -7.89 0.88
Car 0.00 0 -7.66 471.69 183.10 522.50 215.93 1.43 1.61 4.02 -5.11 1.34 33.42 -7.82 0.80
Car 0.00 0 -7.51 264.09 189.77 362.41 243.26 1.41 1.54 3.54 -8.53 1.55 21.01 -7.89 0.75
Car 0.00 0 -7.74 507.19 182.10 539.17 207.70 1.46 1.52 3.42 -5.01 1.28 42.70 -7.86 0.68
Car 0.00 0 -7.52 364.72 180.98 411.65 207.83 1.48 1.52 3.48 -12.59 1.25 41.32 -7.81 0.50
Cyclist 0.00 0 -6.66 718.96 175.53 758.54 214.33 1.81 0.65 1.73 6.17 1.36 34.05 -6.48 0.32
Car 0.00 0 -7.69 431.47 182.24 469.66 208.94 1.43 1.54 3.60 -8.81 1.27 40.38 -7.91 0.31
Car 0.00 0 -2.58 84.77 182.50 211.15 222.41 1.49 1.58 3.86 -17.69 1.39 27.70 -3.15 0.26
Car 0.00 0 -4.24 42.81 189.27 177.07 244.90 1.44 1.59 3.92 -14.34 1.57 20.92 -4.84 0.21
Car 0.00 0 -7.74 482.99 174.24 507.66 196.39 1.86 1.69 4.00 -9.73 0.94 62.33 -7.90 0.15
Car 0.00 0 -3.70 0.00 187.11 145.54 238.19 1.45 1.53 4.20 -17.21 1.51 22.74 -4.35 0.14
Pedestrian 0.00 0 -6.21 1096.07 159.69 1172.17 310.68 1.75 0.61 0.71 6.38 1.45 8.78 -5.59 0.14
Car 0.00 0 -4.85 613.12 178.76 638.72 198.69 1.63 1.62 4.08 1.50 1.11 61.07 -4.83 0.11
Car 0.00 0 -8.03 636.16 179.52 677.75 208.39 1.52 1.63 3.97 2.65 1.22 39.98 -7.96 0.11
Pedestrian 0.00 0 -5.08 816.54 227.66 862.00 328.06 1.11 0.36 0.48 2.65 1.62 8.40 -4.77 0.10
Car 0.00 0 -4.71 649.83 181.87 684.07 215.02 1.50 1.55 3.73 2.81 1.35 34.49 -4.63 0.10
