Pedestrian 0.00 0 -7.67 840.66 171.08 865.12 220.15 1.82 0.73 0.93 9.17 1.76 27.37 -7.35 0.54
Pedestrian 0.00 0 -5.12 710.77 177.20 728.68 213.43 1.93 0.67 0.87 5.90 2.17 39.03 -4.97 0.51
Pedestrian 0.00 0 -3.95 1129.36 174.47 1190.34 265.48 1.78 0.64 0.74 10.98 1.81 14.49 -3.30 0.39
Pedestrian 0.00 0 -3.87 1164.34 191.57 1210.97 260.92 1.46 0.52 0.59 12.40 1.87 15.56 -3.19 0.38
Car 0.00 0 -7.36 0.00 199.18 320.58 374.00 1.48 1.65 4.38 -4.59 1.83 7.36 -7.91 0.23
Pedestrian 0.00 0 -4.05 1236.68 153.95 1241.00 287.14 1.89 0.59 0.93 9.87 1.62 10.62 -3.31 0.21
Car 0.00 0 -7.37 994.99 180.46 1063.38 210.67 1.50 1.63 3.68 22.25 1.92 38.33 -6.85 0.20
Pedestrian 0.00 0 -5.42 1106.73 171.45 1162.23 252.55 1.82 0.57 0.93 12.04 1.79 16.66 -4.79 0.19
Car 0.00 0 -7.36 391.48 186.55 469.80 225.52 1.48 1.58 3.92 -7.63 2.10 30.89 -7.60 0.18
Pedestrian 0.00 0 -6.79 694.33 176.95 706.36 201.02 1.83 0.54 0.75 6.92 2.15 55.44 -6.67 0.18
Pedestrian 0.00 0 -3.79 1006.07 167.86 1033.47 208.26 1.96 0.77 0.89 20.09 1.72 35.45 -3.27 0.18
Pedestrian 0.00 0 -5.93 668.11 176.68 679.35 198.24 1.82 0.63 0.79 5.41 2.15 61.48 -5.84 0.17
Pedestrian 0.00 0 -7.49 737.73 178.41 750.68 204.80 1.80 0.68 0.68 9.24 2.19 49.84 -7.31 0.17
Cyclist 0.00 0 -4.09 1048.33 176.37 1125.01 252.39 1.79 0.65 1.79 11.62 1.88 17.66 -3.51 0.17
Car 0.00 0 -6.52 585.71 179.63 713.62 227.91 1.76 1.82 4.66 1.46 2.04 28.00 -6.47 0.16
Car 0.00 0 -7.95 880.55 184.53 952.73 239.74 1.46 1.63 3.84 9.22 1.85 22.05 -7.56 0.12
Pedestrian 0.00 0 -5.31 1221.27 201.18 1241.00 267.04 1.24 0.41 0.53 12.34 1.81 14.13 -4.59 0.12
Pedestrian 0.00 0 -4.03 771.53 172.73 790.89 208.60 1.90 0.66 0.78 9.13 1.89 38.62 -3.79 0.12
Pedestrian 0.00 0 -4.85 1054.68 189.89 1076.28 238.61 1.35 0.43 0.67 12.95 1.84 20.60 -4.29 0.10
