Car 0.00 0 -8.25 617.24 167.27 717.97 224.48 1.46 1.56 3.56 1.48 1.32 20.34 -8.18 0.96
Car 0.00 0 -3.75 1135.22 159.08 1241.00 251.16 1.41 1.52 3.71 11.18 1.20 12.03 -3.00 0.94
Car 0.00 0 -3.42 855.29 163.00 1094.18 256.27 1.51 1.59 3.45 6.21 1.35 12.74 -2.96 0.93
Cyclist 0.00 0 -5.00 429.21 161.13 456.73 209.77 1.74 0.51 1.77 -6.23 1.32 26.67 -5.23 0.84
Car 0.00 0 -8.11 546.42 167.31 596.71 197.75 1.39 1.56 3.51 -1.94 1.13 34.79 -8.17 0.82
Car 0.00 0 -4.48 781.86 160.87 823.98 190.61 1.89 1.76 4.31 12.89 1.13 48.15 -4.22 0.64
Car 0.00 0 -3.93 498.35 161.07 555.34 184.72 1.56 1.56 3.97 -5.72 0.78 49.74 -4.05 0.53
Car 0.00 0 -7.17 588.57 158.40 647.87 183.67 1.56 1.65 4.07 0.54 0.67 46.75 -7.16 0.52
Car 0.00 0 -7.23 684.54 158.24 730.62 182.54 1.73 1.60 3.56 7.21 0.69 53.35 -7.10 0.25
Pedestrian 0.00 0 -7.19 347.95 160.51 370.72 209.71 1.78 0.61 0.49 -9.21 1.33 26.38 -7.52 0.24
Cyclist 0.00 0 -3.45 710.01 151.28 748.08 187.82 1.79 0.63 1.75 5.85 0.73 35.70 -3.29 0.20
Car 0.00 0 -8.40 747.08 155.82 792.44 184.21 2.46 1.86 4.62 14.32 0.99 65.03 -8.18 0.19
Pedestrian 0.00 0 -7.13 698.09 155.95 720.33 196.36 1.74 0.65 0.71 4.29 1.01 31.49 -6.99 0.18
Car 0.00 0 -5.58 874.06 170.17 1059.91 238.13 1.36 1.51 3.67 7.90 1.31 16.42 -5.13 0.17
Pedestrian 0.00 0 -3.46 207.38 181.35 243.45 247.45 1.36 0.48 0.55 -8.22 1.55 15.32 -3.95 0.16
Car 0.00 0 -8.15 584.29 159.53 624.99 183.86 1.60 1.68 4.12 -0.45 0.73 49.78 -8.16 0.16
Cyclist 0.00 0 -3.32 328.84 167.80 357.24 196.48 1.83 0.66 1.64 -17.31 1.51 46.71 -3.67 0.15
Car 0.00 0 -6.14 350.92 163.73 418.13 187.68 1.52 1.67 3.98 -14.68 0.94 47.03 -6.44 0.15
Car 0.00 0 -8.39 443.40 160.82 492.14 185.44 1.69 1.66 3.88 -10.22 0.86 51.52 -8.58 0.14
Car 0.00 0 -8.32 706.24 156.52 758.09 181.73 1.52 1.59 3.98 7.61 0.53 45.49 -8.16 0.12
Car 0.00 0 -7.81 645.14 156.97 671.71 181.74 1.64 1.66 3.85 3.35 0.59 49.87 -7.74 0.12
Car 0.00 0 -7.69 563.36 161.66 605.65 193.70 1.63 1.65 3.84 -1.35 1.06 38.70 -7.72 0.10
