Car 0.00 0 -7.66 422.73 182.60 506.52 240.42 1.46 1.60 3.64 -3.92 1.40 20.01 -7.85 0.96
Car 0.00 0 -7.56 307.80 177.37 398.30 230.83 1.58 1.65 4.01 -8.15 1.35 23.24 -7.89 0.94
Car 0.00 0 -7.40 0.00 189.35 409.59 375.00 1.58 1.71 4.13 -3.16 1.63 6.21 -7.87 0.92
Car 0.00 0 -7.75 500.09 181.57 545.05 214.66 1.39 1.56 4.40 -3.81 1.24 32.41 -7.87 0.90
Car 0.00 0 -7.18 0.00 193.68 215.11 313.29 1.46 1.60 3.68 -7.89 1.61 10.91 -7.80 0.86
Car 0.00 0 -7.81 569.03 178.14 611.29 217.17 1.55 1.63 3.45 -0.73 1.27 30.33 -7.83 0.84
Car 0.00 0 -7.41 197.79 182.97 294.17 227.11 1.41 1.51 3.76 -12.46 1.34 24.92 -7.87 0.46
Car 0.00 0 -2.85 321.11 183.40 433.77 220.17 1.44 1.58 4.04 -9.26 1.37 28.98 -3.16 0.42
Car 0.00 0 -4.34 146.61 186.88 287.80 259.80 1.45 1.52 3.81 -8.77 1.50 16.40 -4.83 0.39
Car 0.00 0 -7.22 29.90 183.96 198.83 250.80 1.50 1.55 3.80 -12.24 1.48 18.08 -7.82 0.28
Car 0.00 0 -7.77 465.14 173.76 494.91 200.32 1.69 1.63 3.97 -8.45 0.96 47.67 -7.95 0.19
Pedestrian 0.00 0 -5.98 628.31 179.04 645.72 211.47 1.65 0.56 0.76 1.48 1.34 36.97 -5.94 0.17
Car 0.00 0 -5.05 598.13 179.89 645.95 206.15 1.53 1.60 4.36 0.79 1.22 44.31 -5.03 0.16
Car 0.00 0 -4.66 494.92 175.78 513.35 192.31 1.52 1.54 3.77 -9.79 0.65 68.06 -4.81 0.15
Car 0.00 0 -5.31 708.25 179.73 788.47 215.04 1.49 1.57 3.97 6.22 1.26 32.43 -5.12 0.14
Cyclist 0.00 0 -6.65 685.18 176.02 720.21 208.41 1.77 0.71 1.79 5.24 1.27 39.91 -6.52 0.13
Car 0.00 0 -4.60 433.35 181.34 471.70 210.17 1.39 1.50 3.78 -7.89 1.21 36.64 -4.81 0.13
