Car 0.00 0 -4.59 0.00 205.17 137.62 349.26 1.54 1.60 3.76 -8.11 2.11 10.67 -5.24 0.92
Car 0.00 0 -4.64 107.93 208.04 198.74 288.30 1.48 1.52 3.64 -10.68 2.40 16.99 -5.20 0.86
Car 0.00 0 -4.39 179.37 201.53 243.93 238.13 1.49 1.51 4.12 -19.18 2.96 34.84 -4.90 0.53
Car 0.00 0 -7.93 1022.03 138.86 1073.81 180.12 1.66 1.60 4.16 18.83 0.29 31.23 -7.39 0.43
Car 0.00 0 -6.98 1068.39 142.08 1180.83 174.35 1.46 1.62 4.23 23.97 0.07 33.73 -6.37 0.25
Cyclist 0.00 0 -5.76 366.35 187.96 404.21 226.90 1.91 0.71 1.69 -11.33 2.68 36.27 -6.06 0.24
Car 0.00 0 -6.63 1156.70 137.46 1241.00 170.09 1.52 1.61 4.41 29.71 -0.14 35.38 -5.93 0.19
Car 0.00 0 -8.33 956.27 142.41 1033.93 178.47 1.54 1.62 3.59 17.28 0.24 32.63 -7.85 0.18
Car 0.00 0 -4.65 988.10 137.08 1022.02 163.29 1.53 1.64 3.77 24.93 -0.63 45.53 -4.15 0.16
Car 0.00 0 -4.58 328.00 187.23 353.71 206.35 1.55 1.63 4.10 -23.89 2.87 64.08 -4.94 0.15
Car 0.00 0 -3.95 946.81 140.78 1035.60 172.88 1.56 1.57 4.08 19.17 0.00 36.36 -3.46 0.14
Car 0.00 0 -4.80 341.94 198.53 373.79 225.68 1.50 1.56 3.98 -16.13 3.21 45.99 -5.14 0.13
Car 0.00 0 -5.36 1040.03 135.17 1116.72 164.45 1.55 1.67 3.91 26.79 -0.51 41.47 -4.79 0.13
Car 0.00 0 -5.08 335.86 189.77 378.77 213.97 1.59 1.62 3.95 -18.41 2.87 52.40 -5.42 0.12
Car 0.00 0 -7.05 1066.69 137.44 1166.23 170.28 1.58 1.59 4.11 25.21 -0.13 36.02 -6.44 0.12
Car 0.00 0 -4.85 1182.39 130.51 1237.03 163.99 1.61 1.66 4.21 31.62 -0.50 38.18 -4.16 0.12
Pedestrian 0.00 0 -3.95 643.03 170.46 700.46 271.30 1.86 0.64 0.92 1.14 1.82 13.87 -3.87 0.10
Car 0.00 0 -8.45 957.90 135.62 1027.93 164.99 1.59 1.66 4.00 22.28 -0.48 42.22 -7.96 0.10
