Car 0.00 0 -8.02 659.59 174.10 739.68 237.04 1.78 1.77 4.54 2.67 1.83 22.86 -7.90 0.95
Car 0.00 0 -8.64 884.75 209.15 1241.00 374.00 1.47 1.69 4.34 2.96 1.75 3.27 -7.91 0.91
Car 0.00 0 -2.77 234.64 184.45 429.43 249.72 1.48 1.62 4.10 -6.68 1.78 17.50 -3.14 0.91
Car 0.00 0 -2.24 0.00 176.97 169.79 374.00 1.65 1.62 3.73 -6.25 1.69 6.37 -3.02 0.82
Car 0.00 0 -6.06 385.02 174.90 505.08 220.94 1.82 1.75 4.50 -6.70 1.90 29.44 -6.28 0.82
Car 0.00 0 -7.96 645.15 181.16 687.51 216.60 1.52 1.59 3.65 2.54 1.93 33.73 -7.88 0.80
Car 0.00 0 -2.79 331.26 186.84 472.40 235.96 1.42 1.52 3.90 -6.40 1.87 22.24 -3.07 0.70
Car 0.00 0 -2.83 439.18 178.74 520.77 212.93 1.66 1.61 3.75 -6.58 1.97 36.47 -3.01 0.68
Car 0.00 0 -2.91 381.92 181.59 491.40 225.43 1.57 1.60 3.72 -6.48 1.91 27.03 -3.15 0.60
Pedestrian 0.00 0 -4.40 97.74 159.81 138.92 238.72 1.86 0.68 0.57 -11.91 1.56 17.41 -5.00 0.55
Car 0.00 0 -2.81 406.87 176.58 501.20 218.73 1.78 1.60 3.73 -6.86 1.95 31.70 -3.02 0.50
Car 0.00 0 -5.93 302.65 185.79 465.27 239.84 1.40 1.52 4.01 -6.22 1.77 19.92 -6.23 0.48
Car 0.00 0 -3.11 479.13 177.56 542.35 203.81 1.73 1.73 4.17 -6.72 2.05 48.91 -3.25 0.43
Car 0.00 0 -7.84 635.66 179.96 661.04 205.57 1.52 1.54 3.77 2.42 1.99 45.78 -7.79 0.41
Car 0.00 0 -4.55 0.00 189.35 191.07 325.72 1.46 1.57 4.06 -7.22 1.75 10.43 -5.15 0.40
Car 0.00 0 -6.26 470.59 181.73 532.52 206.09 1.42 1.59 3.65 -6.59 1.97 43.82 -6.41 0.35
Pedestrian 0.00 0 -7.75 751.21 172.09 767.97 213.87 1.93 0.72 0.55 6.96 1.90 33.77 -7.55 0.31
Car 0.00 0 -7.39 321.91 164.60 371.85 194.08 2.12 1.84 4.19 -19.72 1.53 54.18 -7.74 0.29
Cyclist 0.00 0 -8.22 1222.46 153.48 1241.00 353.71 1.81 0.52 1.76 6.93 1.63 7.43 -7.47 0.28
Car 0.00 0 -8.76 789.02 197.81 1135.41 374.00 1.42 1.52 2.87 3.36 1.74 7.44 -8.34 0.22
Car 0.00 0 -7.63 628.60 176.98 659.89 198.58 1.60 1.62 3.86 2.69 1.94 56.43 -7.58 0.20
Car 0.00 0 -8.04 653.24 183.12 712.17 225.09 1.48 1.60 3.82 2.73 1.91 28.30 -7.94 0.20
Car 0.00 0 -5.96 197.46 188.54 421.17 267.35 1.45 1.57 3.86 -5.97 1.79 14.54 -6.35 0.19
Pedestrian 0.00 0 -6.86 761.19 178.12 776.21 205.11 1.70 0.78 0.61 10.09 2.04 46.04 -6.64 0.19
Car 0.00 0 -2.59 361.20 183.49 484.57 232.07 1.55 1.60 3.85 -6.49 1.94 24.91 -2.85 0.19
Car 0.00 0 -6.19 231.34 181.28 308.29 207.47 1.45 1.55 3.94 -19.83 1.95 42.14 -6.63 0.18
Pedestrian 0.00 0 -5.35 123.11 166.99 162.49 233.61 1.80 0.62 0.69 -12.95 1.64 19.93 -5.93 0.18
Pedestrian 0.00 0 -8.84 1138.39 175.56 1183.86 244.26 1.68 0.58 0.70 13.74 1.75 18.06 -8.19 0.17
Pedestrian 0.00 0 -4.74 12.48 153.64 50.81 243.15 1.89 0.63 0.74 -12.68 1.49 15.76 -5.41 0.16
Pedestrian 0.00 0 -6.39 923.91 171.41 969.67 261.49 1.81 0.70 0.79 6.91 1.78 14.95 -5.96 0.15
Cyclist 0.00 0 -8.23 820.42 179.06 871.93 252.74 1.69 0.61 1.67 5.66 1.85 17.53 -7.92 0.14
Cyclist 0.00 0 -8.32 934.11 186.24 1007.77 288.38 1.59 0.45 1.57 6.02 1.83 12.22 -7.86 0.14
Car 0.00 0 -7.93 830.29 168.88 854.80 189.85 1.61 1.58 3.79 18.41 1.30 57.29 -7.62 0.14
Car 0.00 0 -2.68 431.16 180.90 520.50 216.14 1.59 1.63 3.87 -6.42 1.98 34.37 -2.86 0.12
Pedestrian 0.00 0 -4.85 874.64 184.51 895.04 230.71 1.55 0.56 0.72 9.41 1.96 24.84 -4.49 0.12
Car 0.00 0 -4.65 408.11 176.12 428.35 192.80 1.54 1.64 4.29 -18.51 1.87 69.70 -4.91 0.11
Pedestrian 0.00 0 -8.09 155.18 169.48 188.44 233.18 1.86 0.72 0.63 -13.12 1.76 21.52 -8.64 0.11
Car 0.00 0 -4.88 1012.74 144.89 1048.31 167.13 1.61 1.70 4.01 32.26 -0.46 55.49 -4.36 0.10
