Car 0.00 0 -7.34 92.05 191.26 277.24 272.86 1.43 1.65 3.67 -8.48 1.57 14.72 -7.86 0.98
Car 0.00 0 -7.65 449.95 184.02 510.24 220.86 1.36 1.62 3.88 -5.03 1.32 28.55 -7.83 0.97
Car 0.00 0 -7.46 242.71 182.28 327.15 222.51 1.52 1.64 4.23 -13.09 1.41 29.35 -7.88 0.94
Car 0.00 0 -7.83 574.60 175.47 621.32 220.15 1.58 1.65 3.21 -0.37 1.23 26.97 -7.84 0.92
Car 0.00 0 -7.56 315.28 171.68 457.81 263.95 1.74 1.77 4.27 -4.68 1.49 15.73 -7.84 0.49
Cyclist 0.00 0 -7.87 317.78 173.96 327.91 206.24 1.75 0.49 1.77 -15.87 1.14 39.95 -8.25 0.36
Car 0.00 0 -2.95 380.39 179.56 462.37 206.85 1.48 1.64 4.17 -10.32 1.17 39.92 -3.20 0.24
Car 0.00 0 -3.10 522.13 175.26 577.18 197.71 1.54 1.66 3.78 -4.06 0.86 50.34 -3.18 0.24
Car 0.00 0 -7.83 93.46 189.13 165.34 246.62 1.48 1.60 4.02 -13.88 1.61 20.90 -8.42 0.20
Pedestrian 0.00 0 -3.29 727.48 171.77 752.20 230.91 1.67 0.52 0.63 3.73 1.29 20.57 -3.11 0.18
Car 0.00 0 -4.38 267.61 173.78 327.67 205.06 1.64 1.74 4.26 -17.10 1.04 39.78 -4.78 0.14
Cyclist 0.00 0 -7.65 637.55 178.80 650.83 207.61 1.57 0.43 1.57 2.01 1.23 40.10 -7.60 0.13
Cyclist 0.00 0 -5.11 785.32 171.93 825.08 233.14 1.69 0.51 1.62 5.62 1.32 20.69 -4.84 0.11
