Car 0.00 0 -8.18 789.04 193.52 1070.01 374.00 1.44 1.62 3.69 3.13 1.72 8.01 -7.81 0.97
Car 0.00 0 -8.09 732.12 172.48 880.36 281.90 1.68 1.66 3.87 3.30 1.68 13.04 -7.84 0.97
Car 0.00 0 -8.02 677.82 179.24 735.29 223.51 1.49 1.54 3.36 3.43 1.74 26.45 -7.89 0.95
Car 0.00 0 -2.68 24.63 183.42 362.31 287.17 1.49 1.62 4.38 -6.44 1.67 11.43 -3.19 0.95
Car 0.00 0 -2.80 238.76 178.99 428.54 246.69 1.50 1.65 3.86 -6.46 1.66 17.04 -3.16 0.91
Car 0.00 0 -5.38 0.00 192.51 142.06 374.00 1.51 1.69 4.24 -5.78 1.66 4.72 -6.27 0.87
Car 0.00 0 -2.84 340.43 178.98 476.74 230.25 1.46 1.57 3.63 -6.01 1.65 21.61 -3.11 0.86
Car 0.00 0 -2.98 492.42 176.53 557.88 202.05 1.73 1.74 4.30 -5.90 1.99 50.24 -3.09 0.81
Car 0.00 0 -6.01 397.02 173.68 518.64 220.58 1.65 1.60 4.07 -5.55 1.68 26.39 -6.22 0.79
Car 0.00 0 -3.33 722.20 178.03 821.93 210.38 1.46 1.55 4.34 7.49 1.71 33.77 -3.11 0.76
Car 0.00 0 -6.06 371.90 178.92 505.80 224.73 1.46 1.55 4.09 -5.65 1.67 23.95 -6.30 0.57
Car 0.00 0 -6.12 290.08 180.25 467.42 239.99 1.47 1.58 4.26 -6.03 1.68 19.08 -6.42 0.55
Car 0.00 0 -3.15 513.44 174.26 570.30 198.02 1.78 1.70 4.26 -5.23 1.89 55.19 -3.24 0.50
Car 0.00 0 -7.86 478.82 178.18 515.32 213.97 1.48 1.53 3.60 -5.11 1.73 32.30 -8.02 0.48
Car 0.00 0 -6.35 721.61 174.47 802.40 208.05 1.63 1.65 3.86 7.55 1.72 36.29 -6.15 0.47
Pedestrian 0.00 0 -8.35 875.55 165.47 891.29 199.90 1.87 0.67 0.45 14.91 1.47 39.45 -7.98 0.38
Car 0.00 0 -6.07 461.27 172.73 539.86 204.84 1.76 1.74 4.10 -6.15 1.76 40.59 -6.22 0.30
Cyclist 0.00 0 -3.14 116.49 172.10 171.96 226.50 1.86 0.61 1.62 -16.43 1.84 25.40 -3.71 0.27
Cyclist 0.00 0 -7.97 936.59 166.50 959.93 219.89 1.75 0.52 1.68 11.43 1.54 24.51 -7.54 0.24
Pedestrian 0.00 0 -6.68 919.61 164.37 936.17 198.47 1.87 0.57 0.67 17.57 1.41 39.96 -6.26 0.22
Pedestrian 0.00 0 -7.68 810.73 165.50 841.24 230.54 1.87 0.74 0.77 6.34 1.66 21.30 -7.39 0.19
Pedestrian 0.00 0 -5.48 287.65 165.01 303.80 207.82 1.93 0.52 0.44 -14.38 1.58 32.91 -5.89 0.18
Cyclist 0.00 0 -8.42 918.29 168.34 1016.32 278.78 1.76 0.64 1.80 6.04 1.69 12.43 -7.97 0.18
Car 0.00 0 -7.73 831.45 165.39 857.24 184.06 1.54 1.64 3.96 20.04 0.93 61.69 -7.42 0.17
Cyclist 0.00 0 -8.03 300.46 168.92 313.33 200.27 1.67 0.36 1.65 -16.52 1.46 39.23 -8.43 0.16
Pedestrian 0.00 0 -4.89 897.76 154.22 941.42 245.87 1.98 0.73 1.02 6.88 1.58 16.18 -4.49 0.15
Car 0.00 0 -5.03 1239.10 173.28 1241.00 238.78 1.52 1.53 3.49 17.83 1.53 18.65 -4.27 0.14
Car 0.00 0 -5.10 966.91 182.45 1185.90 297.12 1.49 1.59 3.81 7.21 1.67 11.71 -4.55 0.14
Cyclist 0.00 0 -7.70 854.93 164.79 866.96 196.53 1.73 0.38 1.69 13.93 1.29 40.15 -7.37 0.14
Pedestrian 0.00 0 -4.48 880.79 163.23 915.49 234.35 1.88 0.67 0.99 7.83 1.63 19.71 -4.10 0.14
Car 0.00 0 -6.51 703.62 175.25 780.52 200.22 1.49 1.67 4.35 7.99 1.64 44.05 -6.33 0.14
Pedestrian 0.00 0 -3.93 857.68 162.54 883.32 210.93 1.88 0.61 0.73 10.21 1.48 28.40 -3.59 0.13
Cyclist 0.00 0 -7.23 113.21 171.38 189.22 256.05 1.70 0.53 1.61 -9.76 1.67 15.33 -7.80 0.11
Cyclist 0.00 0 -2.56 295.53 163.99 333.39 200.25 1.88 0.67 1.77 -15.57 1.42 37.93 -2.94 0.10
Pedestrian 0.00 0 -7.96 516.47 181.50 530.71 215.10 1.52 0.58 0.62 -4.02 1.92 33.19 -8.08 0.10
