Car 0.00 0 -4.29 232.22 186.85 357.00 250.15 1.49 1.66 3.98 -8.57 1.92 19.89 -4.70 0.89
Car 0.00 0 -7.94 593.64 177.54 624.22 203.42 1.53 1.61 3.72 -0.14 1.84 45.33 -7.94 0.87
Pedestrian 0.00 0 -4.83 1021.22 149.89 1068.73 249.74 1.87 0.68 0.95 8.44 1.44 14.11 -4.29 0.62
Car 0.00 0 -4.23 177.02 188.71 297.47 241.49 1.45 1.61 4.30 -11.86 2.00 23.22 -4.70 0.55
Pedestrian 0.00 0 -4.07 1112.07 162.49 1122.12 199.86 1.82 0.39 0.15 24.85 1.32 35.41 -3.46 0.32
Car 0.00 0 -6.07 435.03 179.54 513.63 207.86 1.55 1.65 4.12 -7.68 1.94 40.89 -6.25 0.23
Pedestrian 0.00 0 -5.85 647.10 176.68 659.94 198.67 1.66 0.54 0.83 3.29 1.95 55.00 -5.79 0.22
Pedestrian 0.00 0 -5.68 977.81 180.84 1005.21 236.08 1.29 0.36 0.45 9.09 1.49 17.28 -5.20 0.21
Pedestrian 0.00 0 -7.89 1142.05 175.79 1180.45 260.95 1.37 0.48 0.57 9.12 1.42 12.02 -7.24 0.17
Car 0.00 0 -2.53 416.58 181.03 501.08 213.40 1.51 1.63 3.90 -7.59 1.94 36.03 -2.74 0.16
Car 0.00 0 -4.55 887.60 171.70 916.24 191.49 1.65 1.66 4.11 25.25 1.56 62.39 -4.17 0.15
Pedestrian 0.00 0 -4.41 888.05 170.26 916.11 222.59 1.69 0.68 0.71 9.60 1.61 23.81 -4.03 0.13
Pedestrian 0.00 0 -5.41 1089.52 180.52 1126.86 249.50 1.25 0.43 0.37 9.11 1.39 13.27 -4.81 0.12
