Car 0.00 0 -4.16 2.85 190.36 294.49 334.28 1.65 1.72 4.17 -6.59 1.97 10.88 -4.71 0.96
Car 0.00 0 -8.61 1181.93 149.75 1241.00 216.28 1.61 1.66 4.06 17.84 1.05 19.46 -7.87 0.94
Car 0.00 0 -3.78 0.00 202.42 15.30 374.00 1.64 1.68 4.38 -6.33 1.91 4.44 -4.74 0.93
Car 0.00 0 -7.89 628.83 180.38 658.88 207.71 1.53 1.66 4.04 1.96 2.00 43.42 -7.84 0.92
Car 0.00 0 -4.60 457.97 185.92 524.26 234.64 1.46 1.79 4.46 -4.08 1.96 25.13 -4.76 0.91
Car 0.00 0 -3.36 709.38 168.86 807.60 203.64 1.72 1.74 4.60 7.42 1.52 36.51 -3.16 0.87
Car 0.00 0 -4.40 330.58 195.41 424.35 247.31 1.30 1.57 3.81 -6.91 2.04 21.69 -4.71 0.87
Car 0.00 0 -4.62 505.17 183.18 542.15 216.46 1.52 1.52 3.55 -4.27 2.05 35.78 -4.74 0.86
Car 0.00 0 -3.28 706.14 169.74 789.50 202.13 1.72 1.71 4.26 7.43 1.56 39.35 -3.10 0.49
Pedestrian 0.00 0 -6.49 1193.64 125.50 1241.00 285.45 1.84 0.60 0.98 7.75 1.30 8.80 -5.77 0.39
Car 0.00 0 -6.96 866.70 160.68 932.00 183.30 1.61 1.69 4.32 21.11 0.74 52.73 -6.58 0.36
Car 0.00 0 -4.84 681.26 177.61 717.25 204.51 1.52 1.66 4.00 5.29 1.82 43.44 -4.72 0.26
Car 0.00 0 -8.61 1093.68 143.33 1186.89 177.71 1.61 1.65 3.68 26.17 0.23 35.80 -7.98 0.25
Pedestrian 0.00 0 -4.56 282.87 215.28 306.32 268.15 1.14 0.41 0.57 -7.23 2.13 16.43 -4.98 0.20
Pedestrian 0.00 0 -8.00 1180.29 142.67 1200.98 180.03 1.74 0.68 0.65 27.38 0.33 34.07 -7.32 0.14
Car 0.00 0 -7.94 833.42 162.60 859.52 184.33 1.72 1.68 4.16 19.37 0.91 59.31 -7.62 0.14
Car 0.00 0 -4.35 409.45 184.58 459.94 213.03 1.60 1.70 4.09 -10.79 2.36 44.55 -4.59 0.14
Car 0.00 0 -8.25 895.87 156.23 945.50 185.26 1.81 1.66 3.63 20.01 0.77 46.69 -7.85 0.14
Cyclist 0.00 0 -4.39 428.20 179.51 456.35 224.62 1.77 0.66 1.55 -6.85 2.05 29.36 -4.62 0.13
Pedestrian 0.00 0 -8.75 1062.99 147.78 1082.52 183.24 1.86 0.68 0.57 24.54 0.55 38.32 -8.18 0.12
Pedestrian 0.00 0 -6.99 505.28 178.53 515.52 202.94 1.81 0.58 0.50 -7.49 2.24 54.10 -7.13 0.12
Car 0.00 0 -8.59 1061.75 152.74 1147.17 183.32 1.45 1.47 3.60 24.55 0.50 36.02 -7.99 0.12
Cyclist 0.00 0 -4.54 264.07 180.77 291.58 235.65 1.74 0.56 1.62 -11.07 2.01 23.98 -4.97 0.11
Car 0.00 0 -3.78 1112.24 155.58 1232.51 191.55 1.50 1.63 3.87 24.01 0.78 30.94 -3.12 0.11
Car 0.00 0 -6.69 855.05 158.91 922.69 181.80 1.73 1.75 4.54 21.42 0.68 55.58 -6.32 0.11
