Car 0.00 0 -4.40 416.78 182.34 522.62 243.50 1.44 1.64 4.15 -3.77 1.73 19.86 -4.58 0.96
Car 0.00 0 -4.58 563.38 178.38 604.07 210.54 1.49 1.55 3.86 -1.30 1.79 36.20 -4.62 0.89
Car 0.00 0 -4.29 225.98 166.76 438.71 290.51 1.75 1.72 4.36 -4.53 1.66 12.44 -4.63 0.88
Cyclist 0.00 0 -7.84 684.91 170.47 705.38 231.73 1.76 0.58 1.86 2.52 1.69 21.67 -7.72 0.87
Car 0.00 0 -4.40 648.58 174.85 682.93 197.00 1.74 1.70 3.93 4.60 1.91 59.31 -4.32 0.79
Car 0.00 0 -2.89 448.29 180.04 528.16 211.93 1.48 1.53 3.52 -5.87 1.83 34.74 -3.06 0.42
Car 0.00 0 -7.84 761.35 174.53 779.80 194.22 1.84 1.67 4.04 15.53 2.00 69.77 -7.62 0.17
Pedestrian 0.00 0 -4.56 1121.05 151.36 1186.59 284.89 1.71 0.61 0.69 7.26 1.44 9.70 -3.91 0.17
Pedestrian 0.00 0 -6.02 993.13 145.62 1061.32 245.25 1.88 0.58 1.05 8.16 1.37 14.21 -5.49 0.16
Car 0.00 0 -7.07 768.71 173.43 824.76 195.22 1.53 1.65 3.94 13.56 1.57 52.47 -6.82 0.11
