Car 0.00 0 -7.12 0.00 206.29 305.15 369.00 1.52 1.62 3.93 -3.16 1.72 3.47 -7.86 0.95
Car 0.00 0 -6.68 902.38 160.97 1056.50 205.44 1.43 1.66 4.25 12.41 0.80 23.70 -6.20 0.90
Pedestrian 0.00 0 -7.70 277.39 177.44 312.83 255.63 1.55 0.57 0.65 -6.35 1.49 14.40 -8.12 0.55
Cyclist 0.00 0 -5.23 876.67 157.48 908.30 196.21 1.78 0.60 1.76 13.57 0.72 33.45 -4.84 0.54
Pedestrian 0.00 0 -6.98 787.51 162.74 807.57 195.68 1.73 0.63 0.81 10.25 0.80 37.69 -6.71 0.32
Cyclist 0.00 0 -8.06 990.05 154.12 1025.66 223.60 1.70 0.44 1.77 10.34 1.06 18.25 -7.55 0.26
Pedestrian 0.00 0 -3.34 774.37 159.23 793.29 191.57 1.84 0.58 0.96 10.25 0.63 40.57 -3.09 0.24
Cyclist 0.00 0 -7.98 805.51 163.78 819.48 196.90 1.66 0.48 1.65 10.63 0.82 36.31 -7.69 0.19
Car 0.00 0 -4.73 504.76 171.53 529.81 194.77 1.54 1.65 3.97 -6.09 0.95 48.86 -4.85 0.16
Pedestrian 0.00 0 -6.39 704.42 164.07 710.95 182.52 1.77 0.60 0.56 9.92 0.19 68.14 -6.24 0.14
Pedestrian 0.00 0 -8.23 1019.27 146.73 1041.17 188.03 1.92 0.74 0.52 19.95 0.35 33.21 -7.69 0.12
Cyclist 0.00 0 -8.18 1169.47 153.27 1223.00 243.88 1.64 0.46 1.59 11.40 1.15 13.60 -7.48 0.12
Car 0.00 0 -7.61 0.00 168.80 182.59 338.72 1.81 1.72 4.16 -7.23 1.68 9.76 -8.24 0.12
Car 0.00 0 -6.35 1157.59 161.08 1223.00 194.05 1.43 1.50 3.66 27.57 0.59 32.30 -5.64 0.11
Car 0.00 0 -7.92 558.99 169.23 585.88 193.28 1.54 1.54 3.65 -2.21 0.82 47.31 -7.97 0.11
Pedestrian 0.00 0 -8.11 1040.65 151.32 1061.87 190.54 1.80 0.68 0.69 20.70 0.46 32.83 -7.55 0.11
Pedestrian 0.00 0 -5.83 1051.21 166.07 1077.39 223.72 1.41 0.45 0.39 11.37 1.06 17.56 -5.25 0.11
Pedestrian 0.00 0 -6.05 1111.74 158.75 1143.26 217.51 1.42 0.48 0.53 12.84 0.90 17.42 -5.42 0.10
