Car 0.00 0 -8.15 729.37 178.00 894.23 288.07 1.50 1.58 3.61 3.06 1.60 11.86 -7.89 0.98
Car 0.00 0 -4.41 318.86 188.45 430.04 259.92 1.51 1.56 3.77 -5.77 1.94 17.97 -4.72 0.95
Car 0.00 0 -8.16 695.93 178.29 801.84 249.77 1.51 1.53 3.32 3.16 1.65 17.24 -7.98 0.94
Car 0.00 0 -5.68 0.00 188.84 153.08 244.58 1.41 1.53 3.97 -14.97 1.87 19.62 -6.33 0.89
Car 0.00 0 -4.47 396.21 187.93 467.78 239.26 1.46 1.48 3.32 -5.67 1.98 23.14 -4.71 0.87
Car 0.00 0 -8.68 931.44 187.89 1241.00 374.00 1.55 1.68 4.27 3.29 1.66 3.32 -7.90 0.87
Car 0.00 0 -2.87 405.89 178.83 473.94 204.08 1.62 1.65 4.09 -11.23 2.02 47.65 -3.11 0.57
Car 0.00 0 -8.01 689.12 180.64 758.49 231.50 1.42 1.56 3.68 3.43 1.69 22.60 -7.86 0.52
Car 0.00 0 -5.57 0.00 192.13 86.87 257.28 1.42 1.62 4.19 -15.14 1.90 17.10 -6.30 0.52
Pedestrian 0.00 0 -5.93 683.60 165.26 705.85 213.16 1.92 0.53 0.76 3.40 1.61 29.27 -5.82 0.41
Pedestrian 0.00 0 -7.87 741.19 164.23 760.86 216.75 1.86 0.68 0.78 5.04 1.56 26.03 -7.68 0.33
Car 0.00 0 -4.72 667.40 171.72 685.01 188.20 1.52 1.61 3.89 6.23 1.41 68.34 -4.63 0.31
Car 0.00 0 -4.73 424.52 186.89 467.92 229.25 1.44 1.53 3.46 -6.35 2.02 27.67 -4.95 0.30
Car 0.00 0 -4.23 106.46 185.34 217.87 231.14 1.39 1.54 4.18 -15.53 1.87 25.22 -4.78 0.27
Pedestrian 0.00 0 -4.90 759.19 159.66 785.24 215.21 1.93 0.73 0.94 5.68 1.47 25.51 -4.68 0.25
Pedestrian 0.00 0 -7.92 108.77 169.30 126.54 210.60 1.89 0.65 0.55 -22.90 1.73 33.51 -8.52 0.20
Car 0.00 0 -6.63 847.84 165.43 932.94 195.03 1.55 1.64 3.92 14.91 1.16 38.60 -6.26 0.20
Cyclist 0.00 0 -7.18 330.71 183.06 368.03 228.79 1.63 0.39 1.61 -9.78 2.03 26.99 -7.53 0.19
Car 0.00 0 -2.71 700.08 164.09 748.31 182.45 1.69 1.64 4.19 10.74 0.88 68.08 -2.55 0.15
Pedestrian 0.00 0 -3.42 181.91 173.08 190.88 198.86 1.87 0.51 0.44 -31.03 1.89 52.80 -3.95 0.15
Pedestrian 0.00 0 -5.56 41.32 176.51 100.50 263.54 1.87 0.64 0.83 -11.90 1.95 15.88 -6.20 0.14
Car 0.00 0 -4.72 829.55 159.49 851.98 180.87 1.65 1.65 3.90 18.40 0.62 57.67 -4.41 0.14
Car 0.00 0 -4.62 878.67 151.82 906.88 174.86 1.77 1.72 4.19 22.57 0.15 57.59 -4.25 0.13
Cyclist 0.00 0 -8.10 256.91 183.69 280.77 230.13 1.61 0.39 1.62 -12.40 2.01 26.11 -8.55 0.12
Car 0.00 0 -7.98 713.83 174.22 742.95 197.13 1.58 1.58 4.09 8.47 1.68 52.05 -7.81 0.12
Car 0.00 0 -7.45 258.55 168.32 300.63 195.13 2.40 1.88 4.65 -30.66 2.00 67.05 -7.88 0.11
Car 0.00 0 -4.75 358.50 181.22 381.29 202.45 1.60 1.58 3.86 -19.42 2.30 58.21 -5.08 0.11
Cyclist 0.00 0 -3.35 328.58 176.73 368.38 216.60 1.80 0.67 1.63 -12.14 1.98 33.41 -3.70 0.10
