Car 0.00 0 -4.56 0.00 202.27 165.18 348.28 1.54 1.62 3.81 -7.65 2.06 10.51 -5.19 0.94
Car 0.00 0 -4.63 138.69 206.64 230.10 285.54 1.44 1.53 3.76 -9.92 2.33 16.95 -5.16 0.86
Car 0.00 0 -4.67 221.05 201.48 263.32 238.32 1.50 1.65 4.22 -17.88 2.98 35.12 -5.14 0.49
Car 0.00 0 -4.79 1209.47 132.72 1241.00 164.61 1.53 1.70 4.25 32.85 -0.46 38.05 -4.08 0.34
Car 0.00 0 -4.74 1074.89 137.42 1125.78 178.59 1.58 1.61 3.91 20.14 0.22 29.81 -4.15 0.34
Pedestrian 0.00 0 -7.73 1129.06 138.05 1151.79 184.89 1.77 0.64 0.57 20.33 0.46 27.71 -7.09 0.22
Car 0.00 0 -7.01 1137.01 138.32 1241.00 173.10 1.46 1.61 4.14 25.35 0.01 31.17 -6.33 0.18
Car 0.00 0 -5.06 1018.36 133.51 1078.69 163.94 1.51 1.57 3.85 23.64 -0.51 39.10 -4.51 0.17
Car 0.00 0 -4.81 379.25 197.61 410.85 225.32 1.55 1.56 3.89 -13.84 3.21 46.25 -5.10 0.17
Pedestrian 0.00 0 -7.48 413.14 188.92 430.51 225.79 1.81 0.67 0.58 -9.41 2.61 35.95 -7.74 0.16
Car 0.00 0 -4.81 1231.29 131.12 1241.00 167.25 1.54 1.69 4.30 30.27 -0.28 33.67 -4.07 0.16
Pedestrian 0.00 0 -4.27 703.93 166.70 754.55 272.69 1.86 0.62 0.82 2.14 1.76 13.20 -4.11 0.16
Car 0.00 0 -7.04 1128.15 135.09 1241.00 169.86 1.54 1.60 4.27 26.44 -0.14 33.19 -6.37 0.12
Car 0.00 0 -7.96 1012.93 138.02 1068.59 177.50 1.56 1.60 3.90 18.15 0.18 30.60 -7.43 0.12
Car 0.00 0 -7.78 152.21 182.90 193.93 215.73 1.65 1.69 3.68 -23.97 2.23 39.62 -8.32 0.11
Car 0.00 0 -5.28 1001.88 132.08 1087.56 165.42 1.49 1.62 4.12 21.09 -0.38 35.26 -4.74 0.11
Car 0.00 0 -4.90 1055.06 134.08 1106.74 163.66 1.46 1.63 4.04 25.50 -0.53 39.24 -4.32 0.11
Car 0.00 0 -6.86 1117.46 141.17 1241.00 178.38 1.43 1.63 4.27 22.92 0.21 28.72 -6.19 0.11
Pedestrian 0.00 0 -8.14 1119.03 140.76 1143.85 184.36 1.69 0.65 0.59 20.45 0.45 28.36 -7.51 0.10
Car 0.00 0 -4.79 358.63 192.16 381.48 212.13 1.61 1.63 3.83 -21.36 3.38 64.11 -5.11 0.10
