Pedestrian 0.00 0 -5.65 63.75 162.06 164.20 301.80 1.74 0.52 0.93 -6.34 1.51 9.08 -6.26 0.71
Cyclist 0.00 0 -7.50 56.59 164.67 124.27 265.09 1.73 0.47 1.62 -9.49 1.46 13.03 -8.13 0.43
Pedestrian 0.00 0 -5.11 837.29 170.46 872.96 235.04 1.59 0.60 0.75 6.25 1.34 17.80 -4.78 0.24
Pedestrian 0.00 0 -5.12 994.41 222.67 1088.36 369.00 1.21 0.37 0.68 3.24 1.55 5.38 -4.57 0.21
Car 0.00 0 -7.11 0.00 183.03 75.79 233.81 1.46 1.62 4.03 -19.26 1.55 22.53 -7.82 0.19
Cyclist 0.00 0 -5.85 661.55 164.81 748.95 252.78 1.71 0.53 1.71 1.99 1.41 14.45 -5.71 0.16
Car 0.00 0 -8.92 1102.66 191.20 1223.00 369.00 1.50 1.53 3.12 4.99 1.59 4.27 -8.06 0.14
Pedestrian 0.00 0 -4.35 0.00 174.57 53.04 259.44 1.65 0.66 0.80 -11.69 1.53 14.19 -5.04 0.13
Pedestrian 0.00 0 -4.19 661.12 138.97 678.79 171.80 1.81 0.65 0.87 3.65 -0.50 39.82 -4.10 0.12
Pedestrian 0.00 0 -7.96 261.55 162.58 304.05 257.92 1.78 0.65 0.92 -6.31 1.44 13.73 -8.39 0.11
Pedestrian 0.00 0 -7.86 525.19 161.28 557.96 260.14 1.74 0.58 0.88 -1.20 1.40 12.89 -7.95 0.11
Cyclist 0.00 0 -7.87 858.38 162.37 892.84 270.28 1.73 0.51 1.70 4.60 1.44 12.19 -7.51 0.10
