Car 0.00 0 -8.05 690.58 178.02 804.94 258.19 1.44 1.56 4.04 2.70 1.56 15.24 -7.88 0.98
Car 0.00 0 -4.44 280.41 189.17 485.61 332.04 1.47 1.61 3.85 -2.86 1.73 9.78 -4.72 0.94
Car 0.00 0 -7.81 511.32 177.71 557.44 218.35 1.44 1.60 3.64 -2.91 1.64 27.88 -7.91 0.91
Car 0.00 0 -8.02 654.17 175.25 713.55 219.82 1.46 1.51 3.59 2.51 1.55 25.67 -7.92 0.88
Car 0.00 0 -7.64 391.07 183.55 515.84 265.92 1.42 1.65 4.22 -3.14 1.67 15.07 -7.84 0.87
Car 0.00 0 -8.02 672.78 180.30 752.87 234.97 1.37 1.59 4.09 2.79 1.61 20.72 -7.89 0.87
Car 0.00 0 -4.70 543.62 172.46 574.35 204.53 1.64 1.57 3.87 -2.77 1.62 38.89 -4.77 0.72
Car 0.00 0 -7.84 635.27 171.00 659.61 193.61 1.47 1.58 3.50 2.50 1.35 48.55 -7.79 0.56
Car 0.00 0 -7.97 650.07 172.15 696.94 211.53 1.55 1.53 3.62 2.56 1.52 30.21 -7.89 0.42
Car 0.00 0 -7.77 464.51 177.61 503.22 208.59 1.44 1.58 3.81 -6.29 1.69 36.09 -7.94 0.20
Pedestrian 0.00 0 -5.55 54.31 151.56 151.63 318.37 1.94 0.62 0.74 -6.17 1.69 8.73 -6.17 0.19
Cyclist 0.00 0 -2.50 41.59 134.22 96.45 178.55 1.78 0.69 1.71 -22.02 0.23 29.32 -3.14 0.14
Pedestrian 0.00 0 -4.60 181.71 170.63 234.72 303.18 1.77 0.58 0.60 -5.64 1.75 10.05 -5.11 0.13
Car 0.00 0 -8.23 830.08 165.11 1013.87 266.47 1.66 1.72 4.40 5.73 1.53 14.03 -7.84 0.12
Pedestrian 0.00 0 -5.55 0.00 174.64 84.42 307.42 1.78 0.57 0.74 -7.92 1.81 10.01 -6.22 0.11
Car 0.00 0 -7.11 39.58 150.74 190.07 203.02 1.45 1.69 3.73 -14.91 0.83 21.92 -7.71 0.11
Pedestrian 0.00 0 -4.13 98.71 163.82 181.35 305.19 1.81 0.61 0.77 -6.31 1.70 9.64 -4.71 0.10
Car 0.00 0 -7.94 513.52 164.71 539.68 188.16 1.78 1.69 4.10 -6.63 1.16 56.86 -8.06 0.10
