Car 0.00 0 -7.80 512.69 179.57 554.53 216.66 1.52 1.65 4.38 -3.43 1.85 32.65 -7.90 0.92
Car 0.00 0 -4.49 387.90 183.75 437.39 214.81 1.54 1.68 4.33 -10.75 2.17 39.44 -4.75 0.79
Car 0.00 0 -7.83 580.34 177.22 606.77 202.49 1.55 1.62 3.66 -1.06 1.84 46.72 -7.85 0.75
Pedestrian 0.00 0 -2.96 638.10 169.62 659.08 203.62 1.80 0.57 1.04 2.03 1.63 38.66 -2.91 0.39
Car 0.00 0 -4.89 423.66 181.51 451.32 200.88 1.50 1.58 3.84 -14.32 2.24 59.69 -5.12 0.36
Pedestrian 0.00 0 -2.87 626.10 171.02 644.82 203.69 1.81 0.57 0.92 1.39 1.70 40.28 -2.83 0.27
Pedestrian 0.00 0 -6.29 483.75 177.37 496.68 210.05 1.77 0.66 0.69 -6.61 2.02 39.61 -6.46 0.21
Pedestrian 0.00 0 -3.79 681.31 162.75 710.35 213.29 1.97 0.65 0.94 3.36 1.58 28.64 -3.67 0.20
Car 0.00 0 -7.57 296.77 187.66 343.63 215.46 1.46 1.60 3.53 -16.76 2.36 41.79 -7.95 0.20
Cyclist 0.00 0 -8.00 718.97 175.13 728.68 202.80 1.66 0.35 1.58 6.92 1.80 44.09 -7.85 0.14
Cyclist 0.00 0 -2.90 460.17 176.41 497.08 211.21 1.77 0.75 1.75 -6.82 1.96 37.29 -3.08 0.14
Pedestrian 0.00 0 -5.18 259.04 181.95 281.23 219.90 1.77 0.67 0.79 -16.22 2.21 34.35 -5.62 0.14
Cyclist 0.00 0 -8.08 775.62 174.15 792.32 210.96 1.63 0.41 1.53 7.87 1.69 32.84 -7.84 0.13
Car 0.00 0 -7.45 196.23 187.26 349.67 269.77 1.52 1.64 3.96 -7.31 1.88 15.99 -7.88 0.12
Cyclist 0.00 0 -7.52 448.40 180.48 466.77 212.14 1.71 0.50 1.62 -8.52 2.14 40.19 -7.73 0.12
Car 0.00 0 -2.95 445.36 182.15 520.13 208.38 1.51 1.67 4.15 -7.59 2.08 43.06 -3.12 0.11
Pedestrian 0.00 0 -4.42 784.96 161.50 803.54 202.60 1.96 0.68 0.76 8.90 1.42 34.98 -4.17 0.11
Pedestrian 0.00 0 -8.21 722.96 172.05 738.52 203.26 1.79 0.66 0.77 6.95 1.74 41.73 -8.05 0.10
Pedestrian 0.00 0 -6.65 1133.19 127.32 1162.32 178.72 1.74 0.69 0.60 18.47 0.20 24.85 -6.02 0.10
