Car 0.00 0 -4.56 538.26 162.56 594.78 205.20 1.52 1.60 3.90 -1.29 0.84 27.56 -4.61 0.86
Pedestrian 0.00 0 -6.05 702.77 155.93 751.04 272.63 1.67 0.64 0.58 1.83 1.31 10.70 -5.88 0.82
Pedestrian 0.00 0 -4.58 0.00 172.03 93.43 373.00 1.69 0.66 0.82 -4.68 1.62 5.91 -5.24 0.79
Pedestrian 0.00 0 -4.52 720.82 160.89 778.27 295.42 1.62 0.57 0.83 1.85 1.37 9.14 -4.32 0.76
Pedestrian 0.00 0 -8.01 816.77 156.81 915.22 358.33 1.65 0.68 0.87 2.26 1.45 6.37 -7.67 0.75
Pedestrian 0.00 0 -4.68 147.47 136.73 257.56 373.00 1.90 0.68 0.97 -3.09 1.59 5.51 -5.19 0.71
Cyclist 0.00 0 -5.95 588.69 157.20 672.91 236.97 1.73 0.55 1.81 0.62 1.20 16.15 -5.92 0.64
Pedestrian 0.00 0 -8.06 720.41 155.28 744.58 210.07 1.81 0.66 0.73 4.37 0.95 24.14 -7.88 0.56
Pedestrian 0.00 0 -5.11 752.14 156.62 813.11 275.71 1.64 0.57 0.83 2.55 1.30 10.35 -4.87 0.54
Pedestrian 0.00 0 -8.48 780.12 162.53 867.69 321.12 1.60 0.55 0.76 2.32 1.41 7.69 -8.19 0.50
Pedestrian 0.00 0 -8.05 796.35 146.18 838.72 235.16 1.77 0.69 0.77 4.38 1.07 14.72 -7.76 0.43
Pedestrian 0.00 0 -7.81 731.66 153.71 761.16 229.80 1.78 0.67 0.61 3.44 1.13 17.19 -7.62 0.43
Pedestrian 0.00 0 -4.47 789.86 144.85 850.64 261.05 1.78 0.76 0.85 3.49 1.22 11.58 -4.17 0.40
Pedestrian 0.00 0 -4.89 663.43 155.52 684.97 203.94 1.75 0.64 0.85 2.65 0.81 26.38 -4.79 0.33
Pedestrian 0.00 0 -4.52 0.00 166.92 0.20 273.04 1.76 0.62 0.84 -10.96 1.52 12.45 -5.24 0.32
Pedestrian 0.00 0 -3.95 740.60 151.25 790.18 243.46 1.74 0.59 0.75 3.15 1.17 13.97 -3.73 0.30
Pedestrian 0.00 0 -5.37 477.24 162.61 495.02 208.51 1.63 0.54 0.34 -4.17 0.96 25.84 -5.53 0.30
Pedestrian 0.00 0 -7.99 691.69 163.34 709.90 204.08 1.54 0.61 0.62 3.79 0.86 27.54 -7.86 0.30
Pedestrian 0.00 0 -8.37 1030.74 144.57 1087.56 256.27 1.67 0.53 0.55 6.96 1.12 11.01 -7.81 0.29
Pedestrian 0.00 0 -5.55 317.00 162.34 415.21 308.99 1.69 0.70 0.90 -2.91 1.47 8.77 -5.87 0.20
Pedestrian 0.00 0 -7.09 689.66 156.07 709.44 197.91 1.76 0.60 0.58 4.17 0.69 30.65 -6.96 0.19
Cyclist 0.00 0 -4.88 660.61 154.57 675.59 187.72 1.71 0.52 1.68 3.50 0.32 37.87 -4.78 0.17
Pedestrian 0.00 0 -8.35 653.95 159.92 670.93 191.42 1.77 0.68 0.77 3.47 0.56 40.84 -8.27 0.17
Pedestrian 0.00 0 -6.73 739.63 155.66 771.44 235.24 1.72 0.58 0.48 3.36 1.16 15.86 -6.52 0.17
Pedestrian 0.00 0 -6.07 281.81 161.68 323.39 235.74 1.73 0.60 0.81 -7.17 1.27 17.17 -6.46 0.16
Pedestrian 0.00 0 -4.16 745.73 151.47 802.96 258.12 1.69 0.59 0.80 2.82 1.22 11.88 -3.93 0.16
Pedestrian 0.00 0 -7.71 482.17 163.03 510.80 232.91 1.71 0.59 0.87 -2.65 1.26 17.99 -7.85 0.16
Car 0.00 0 -7.85 682.91 162.61 719.31 195.04 1.40 1.57 3.84 4.59 0.59 33.12 -7.71 0.16
Pedestrian 0.00 0 -4.92 771.11 149.05 790.43 193.87 1.83 0.66 0.60 7.39 0.51 29.68 -4.68 0.15
Pedestrian 0.00 0 -6.32 988.94 139.74 1044.22 245.93 1.78 0.54 0.81 7.17 1.08 12.50 -5.80 0.15
Pedestrian 0.00 0 -8.28 681.20 153.56 704.68 202.35 1.77 0.64 0.67 3.34 0.76 26.45 -8.15 0.15
Car 0.00 0 -7.73 507.77 154.25 547.61 185.65 1.60 1.67 4.00 -3.92 0.21 38.67 -7.84 0.14
Pedestrian 0.00 0 -2.17 420.04 170.18 473.34 259.04 1.58 0.63 0.79 -2.90 1.38 13.27 -2.38 0.14
Pedestrian 0.00 0 -2.90 783.63 151.35 800.24 195.96 1.76 0.55 0.52 7.60 0.57 28.71 -2.64 0.14
Pedestrian 0.00 0 -5.54 94.70 153.55 202.75 319.72 1.84 0.60 0.89 -5.28 1.53 8.33 -6.10 0.14
Pedestrian 0.00 0 -8.11 222.22 161.62 282.35 287.77 1.76 0.58 0.91 -5.19 1.49 10.58 -8.56 0.13
Pedestrian 0.00 0 -7.74 527.39 155.33 547.37 210.18 1.71 0.55 0.82 -2.06 0.90 22.86 -7.83 0.13
Car 0.00 0 -7.88 458.40 146.23 485.91 171.99 1.50 1.59 3.72 -8.15 -0.62 45.15 -8.06 0.13
Pedestrian 0.00 0 -3.58 294.14 160.62 337.12 231.22 1.77 0.55 0.88 -7.39 1.25 18.49 -3.96 0.13
Pedestrian 0.00 0 -4.44 786.06 151.15 811.54 203.29 1.82 0.65 0.92 7.03 0.76 25.64 -4.17 0.13
Pedestrian 0.00 0 -4.31 426.90 153.29 458.20 213.09 1.79 0.62 0.94 -4.89 0.95 22.04 -4.52 0.13
Pedestrian 0.00 0 -3.64 0.00 141.68 84.51 341.41 1.90 0.63 1.01 -6.12 1.52 7.42 -4.33 0.12
Pedestrian 0.00 0 -3.01 411.11 163.78 446.01 227.14 1.71 0.50 0.88 -4.77 1.23 19.70 -3.25 0.12
Car 0.00 0 -7.89 651.20 157.84 680.10 184.59 1.58 1.63 3.99 3.94 0.18 44.45 -7.80 0.12
Pedestrian 0.00 0 -8.29 703.15 151.56 719.26 185.68 1.92 0.66 0.71 6.23 0.24 40.78 -8.14 0.11
