Car 0.00 0 -8.00 627.63 181.41 686.16 222.47 1.43 1.67 4.32 1.71 1.79 28.28 -7.94 0.98
Car 0.00 0 -2.53 0.00 180.83 237.30 335.72 1.61 1.67 4.15 -7.00 1.71 8.58 -3.21 0.95
Car 0.00 0 -3.72 866.37 181.87 1241.00 308.12 1.53 1.59 4.18 5.78 1.66 9.73 -3.19 0.94
Car 0.00 0 -7.06 1017.53 184.69 1241.00 355.20 1.46 1.60 3.68 6.31 1.60 7.24 -6.35 0.94
Car 0.00 0 -6.76 794.01 190.55 1072.49 279.45 1.39 1.58 4.18 5.46 1.72 12.58 -6.35 0.94
Cyclist 0.00 0 -4.58 465.37 174.98 496.92 245.40 1.73 0.58 1.81 -3.37 1.79 18.72 -4.76 0.93
Car 0.00 0 -7.16 1162.09 194.61 1241.00 374.00 1.48 1.64 3.70 6.01 1.64 4.67 -6.25 0.93
Car 0.00 0 -2.84 300.78 182.99 456.94 233.38 1.48 1.65 4.31 -7.12 1.81 22.36 -3.15 0.87
Car 0.00 0 -6.69 786.01 174.07 989.24 259.66 1.68 1.61 3.61 5.63 1.70 15.04 -6.33 0.83
Car 0.00 0 -2.92 344.22 182.38 471.65 226.83 1.45 1.57 3.98 -6.93 1.79 24.85 -3.19 0.64
Car 0.00 0 -2.94 443.10 179.49 514.39 206.62 1.43 1.56 3.59 -7.16 1.80 39.34 -3.12 0.42
Car 0.00 0 -7.92 613.13 173.82 641.88 199.24 1.64 1.65 4.12 1.11 1.71 48.79 -7.90 0.36
Car 0.00 0 -5.77 0.00 160.18 303.68 297.88 1.92 1.73 4.34 -7.29 1.74 11.06 -6.36 0.35
Car 0.00 0 -7.78 622.74 176.34 654.68 203.76 1.55 1.65 3.89 1.73 1.77 43.29 -7.74 0.35
Car 0.00 0 -4.92 740.40 168.50 773.29 192.00 1.61 1.60 3.54 10.37 1.31 51.27 -4.72 0.34
Pedestrian 0.00 0 -7.45 713.81 178.62 731.60 211.23 1.63 0.66 0.73 5.69 1.92 36.67 -7.29 0.30
Car 0.00 0 -2.86 345.69 177.92 451.18 217.72 1.61 1.62 3.94 -8.84 1.83 30.22 -3.14 0.24
Pedestrian 0.00 0 -5.77 718.48 169.04 739.73 209.10 1.92 0.70 0.77 5.74 1.73 35.01 -5.60 0.23
Pedestrian 0.00 0 -4.80 1124.98 150.11 1157.69 220.47 1.91 0.67 0.65 14.67 1.29 20.00 -4.17 0.23
Car 0.00 0 -7.66 270.42 173.61 318.44 202.58 1.46 1.60 4.00 -16.81 1.50 38.52 -8.07 0.21
Pedestrian 0.00 0 -5.00 1216.21 143.23 1241.00 230.14 1.93 0.66 0.80 14.38 1.27 16.51 -4.28 0.19
Car 0.00 0 -2.71 444.45 176.12 513.07 200.42 1.52 1.64 4.06 -8.51 1.73 46.68 -2.89 0.16
Car 0.00 0 -4.70 364.66 180.38 410.91 223.79 1.48 1.57 3.94 -8.47 1.79 27.48 -5.00 0.15
Pedestrian 0.00 0 -3.54 1044.44 156.74 1075.96 214.15 1.91 0.60 0.73 15.18 1.38 24.41 -2.98 0.13
Car 0.00 0 -4.78 602.24 174.92 623.35 193.21 1.51 1.56 4.02 0.19 1.70 62.14 -4.77 0.13
Pedestrian 0.00 0 -5.87 244.42 172.33 295.09 251.84 1.84 0.61 0.91 -8.08 1.83 17.05 -6.31 0.12
Car 0.00 0 -2.90 421.15 175.34 505.68 207.99 1.57 1.62 3.83 -7.26 1.70 35.77 -3.10 0.12
Pedestrian 0.00 0 -7.31 991.80 158.58 1014.09 202.99 1.86 0.65 0.53 16.60 1.26 30.55 -6.81 0.11
Cyclist 0.00 0 -7.95 762.46 172.78 779.20 217.26 1.68 0.46 1.76 6.24 1.68 28.22 -7.74 0.11
Car 0.00 0 -7.92 649.39 171.95 671.84 193.72 1.71 1.58 3.68 4.04 1.64 58.40 -7.85 0.11
