Car 0.00 0 -7.58 355.69 184.10 486.95 267.55 1.47 1.64 3.57 -3.64 1.45 14.45 -7.83 0.97
Car 0.00 0 -7.13 0.00 193.93 134.36 333.60 1.44 1.58 3.91 -8.44 1.58 9.58 -7.85 0.96
Car 0.00 0 -7.37 150.94 178.22 320.78 260.95 1.56 1.62 3.91 -7.87 1.43 15.56 -7.84 0.94
Car 0.00 0 -7.73 486.46 182.56 543.56 222.57 1.38 1.64 4.11 -3.42 1.29 26.84 -7.86 0.93
Car 0.00 0 -7.81 579.26 177.68 619.90 214.10 1.53 1.67 3.61 -0.35 1.22 32.05 -7.82 0.92
Car 0.00 0 -7.24 5.57 185.20 181.07 251.68 1.42 1.56 3.72 -12.16 1.42 17.23 -7.86 0.85
Car 0.00 0 -7.60 313.41 184.05 393.56 234.59 1.44 1.52 3.36 -7.78 1.40 22.15 -7.94 0.75
Car 0.00 0 -7.67 451.31 179.32 490.25 204.44 1.37 1.53 3.63 -7.79 1.05 41.01 -7.85 0.75
Car 0.00 0 -7.84 289.21 179.73 331.20 216.15 1.45 1.56 3.52 -12.62 1.23 30.47 -8.24 0.37
Car 0.00 0 -4.33 391.52 183.02 457.34 218.90 1.41 1.44 3.58 -7.61 1.32 30.01 -4.58 0.36
Car 0.00 0 -4.66 468.26 175.80 492.96 197.26 1.46 1.53 3.59 -8.99 0.82 50.88 -4.83 0.16
Car 0.00 0 -7.49 230.58 183.49 315.20 226.93 1.41 1.51 3.55 -11.63 1.35 25.12 -7.92 0.15
Car 0.00 0 -3.88 70.26 181.51 190.29 226.14 1.39 1.46 3.22 -15.99 1.28 24.18 -4.46 0.13
Car 0.00 0 -6.37 655.08 179.86 760.93 217.18 1.49 1.66 4.18 4.02 1.28 29.59 -6.23 0.12
Car 0.00 0 -4.87 631.27 177.14 660.75 198.56 1.63 1.66 4.38 2.97 1.01 56.89 -4.82 0.11
Pedestrian 0.00 0 -4.11 809.40 171.27 840.47 242.47 1.69 0.56 0.46 5.21 1.36 17.41 -3.82 0.11
