Car 0.00 0 -8.20 606.64 173.59 713.19 241.76 1.54 1.59 3.44 1.10 1.56 18.18 -8.14 0.97
Car 0.00 0 -3.82 1198.32 175.46 1241.00 288.97 1.44 1.55 3.83 10.92 1.48 10.23 -3.00 0.97
Car 0.00 0 -3.47 886.11 173.69 1185.63 286.89 1.52 1.63 3.54 6.12 1.54 10.85 -2.95 0.95
Car 0.00 0 -8.10 529.55 174.18 582.15 209.53 1.50 1.57 3.40 -2.54 1.56 32.59 -8.18 0.94
Cyclist 0.00 0 -4.88 406.82 170.02 435.64 227.88 1.75 0.58 1.72 -5.99 1.66 22.66 -5.14 0.79
Car 0.00 0 -7.16 575.32 170.02 636.40 194.87 1.47 1.60 3.97 -0.25 1.30 44.63 -7.16 0.59
Car 0.00 0 -7.19 623.48 167.77 677.37 191.43 1.51 1.66 3.68 2.69 1.18 47.92 -7.14 0.51
Car 0.00 0 -3.73 475.69 170.98 541.60 194.56 1.49 1.55 4.12 -6.65 1.37 47.39 -3.87 0.49
Pedestrian 0.00 0 -2.92 726.99 159.80 744.62 192.67 1.89 0.64 0.89 7.27 1.14 41.91 -2.74 0.36
Car 0.00 0 -7.18 671.48 167.89 717.49 190.70 1.57 1.54 3.30 6.00 1.23 51.34 -7.07 0.32
Car 0.00 0 -7.90 779.30 164.94 808.49 189.01 1.54 1.70 4.15 12.26 1.04 48.41 -7.65 0.28
Pedestrian 0.00 0 -7.20 306.44 173.09 335.17 225.10 1.71 0.67 0.59 -9.72 1.72 24.14 -7.59 0.17
Car 0.00 0 -5.49 904.20 180.19 1122.31 264.93 1.42 1.55 3.82 7.79 1.58 14.46 -5.00 0.17
Car 0.00 0 -7.46 323.68 171.40 371.48 196.47 1.52 1.61 3.52 -16.53 1.43 45.51 -7.81 0.15
Pedestrian 0.00 0 -8.22 391.90 163.15 404.99 193.83 1.90 0.63 0.55 -13.26 1.30 45.11 -8.50 0.15
Pedestrian 0.00 0 -4.38 130.94 189.67 169.06 264.33 1.30 0.45 0.46 -8.29 1.60 12.93 -4.95 0.15
Car 0.00 0 -7.40 778.70 164.99 816.11 183.48 1.55 1.61 3.81 16.18 0.89 62.27 -7.14 0.13
Pedestrian 0.00 0 -3.63 2.50 198.25 51.84 291.44 1.24 0.37 0.40 -8.13 1.60 10.00 -4.31 0.12
Cyclist 0.00 0 -4.59 685.56 167.02 705.60 210.07 1.70 0.62 1.65 3.44 1.47 29.31 -4.47 0.12
Pedestrian 0.00 0 -6.33 349.71 167.93 361.05 196.82 1.74 0.69 0.62 -15.56 1.45 43.98 -6.67 0.10
