Car 0.00 0 -4.30 90.73 181.41 406.60 374.00 1.53 1.59 3.65 -3.50 1.64 7.68 -4.73 0.95
Car 0.00 0 -4.61 487.38 172.24 539.36 214.39 1.48 1.56 3.93 -3.63 1.46 27.28 -4.74 0.91
Car 0.00 0 -3.25 460.57 166.43 517.78 188.82 1.51 1.58 3.75 -8.40 1.08 49.93 -3.42 0.28
Car 0.00 0 -3.19 205.88 162.76 367.02 224.21 1.59 1.67 4.00 -9.11 1.33 20.34 -3.61 0.27
Car 0.00 0 -7.86 541.83 167.44 562.79 188.29 1.62 1.62 3.81 -4.66 1.20 57.91 -7.94 0.18
Pedestrian 0.00 0 -7.56 454.65 160.75 472.55 199.80 1.90 0.67 0.78 -7.23 1.31 35.46 -7.76 0.16
Car 0.00 0 -5.22 598.18 169.73 633.29 187.32 1.64 1.61 4.02 0.50 1.35 69.45 -5.22 0.15
Pedestrian 0.00 0 -4.83 714.19 155.42 734.66 211.02 1.93 0.62 0.82 3.99 1.33 25.49 -4.67 0.13
Car 0.00 0 -7.94 682.18 161.85 724.40 199.82 1.79 1.74 4.18 4.57 1.27 36.09 -7.81 0.13
Car 0.00 0 -7.57 661.30 167.75 697.71 190.43 1.63 1.66 4.01 5.20 1.26 53.89 -7.48 0.12
Pedestrian 0.00 0 -7.49 297.60 170.47 335.78 247.29 1.63 0.65 0.43 -6.34 1.58 15.48 -7.88 0.11
Pedestrian 0.00 0 -8.03 397.01 161.48 413.02 199.35 1.84 0.68 0.50 -10.08 1.28 35.35 -8.31 0.11
Car 0.00 0 -8.14 404.00 152.59 443.92 175.72 1.54 1.64 3.90 -12.96 0.19 50.03 -8.39 0.10
Cyclist 0.00 0 -6.50 427.91 159.71 465.69 195.50 1.83 0.65 1.83 -8.55 1.16 37.66 -6.73 0.10
