Car 0.00 0 -4.19 0.00 208.00 339.33 374.00 1.46 1.60 4.02 -3.71 1.85 5.83 -4.76 0.97
Car 0.00 0 -4.41 273.60 176.18 461.92 305.28 1.71 1.69 4.13 -3.72 1.77 11.73 -4.72 0.92
Car 0.00 0 -4.63 497.85 183.56 549.63 225.18 1.46 1.69 4.27 -3.38 1.91 28.55 -4.75 0.88
Pedestrian 0.00 0 -6.12 963.29 161.85 1013.68 249.64 1.86 0.55 0.90 8.24 1.63 15.81 -5.64 0.46
Cyclist 0.00 0 -6.32 481.15 178.38 509.74 208.46 1.86 0.74 1.75 -7.23 2.21 45.34 -6.48 0.18
Pedestrian 0.00 0 -5.46 0.00 185.43 54.01 316.32 1.75 0.56 1.00 -8.48 1.93 10.03 -6.16 0.17
Pedestrian 0.00 0 -3.31 955.39 148.96 1123.15 374.00 1.78 0.56 0.86 2.73 1.63 4.77 -2.79 0.16
Car 0.00 0 -4.45 633.57 178.47 673.39 204.01 1.50 1.53 3.91 2.75 1.87 45.38 -4.39 0.15
Pedestrian 0.00 0 -5.15 298.09 191.02 314.76 229.15 1.83 0.59 0.52 -14.92 2.73 35.38 -5.55 0.14
Pedestrian 0.00 0 -5.25 112.46 170.85 181.18 285.40 1.88 0.73 0.71 -7.96 1.85 12.33 -5.83 0.13
Pedestrian 0.00 0 -3.80 1241.36 111.36 1241.00 374.00 1.80 0.60 0.88 2.98 1.60 2.66 -2.96 0.12
