Car 0.00 0 -4.79 951.95 182.06 996.51 215.10 1.49 1.64 4.46 18.19 1.98 36.26 -4.33 0.46
Car 0.00 0 -7.83 538.83 175.95 558.50 193.67 1.46 1.59 3.94 -5.26 1.73 61.99 -7.91 0.32
Car 0.00 0 -4.42 0.00 182.16 303.71 374.00 1.68 1.65 3.99 -2.34 1.75 3.07 -5.08 0.20
Car 0.00 0 -7.78 477.49 180.84 533.57 232.19 1.48 1.54 3.65 -3.35 1.76 23.32 -7.93 0.15
Pedestrian 0.00 0 -3.87 834.57 160.90 856.91 206.65 1.89 0.63 0.63 9.84 1.40 30.25 -3.55 0.14
Pedestrian 0.00 0 -3.53 950.06 160.07 989.18 223.18 1.72 0.54 0.82 9.89 1.37 19.96 -3.07 0.12
Cyclist 0.00 0 -7.80 814.95 167.26 837.57 229.66 1.75 0.56 1.62 6.27 1.59 21.04 -7.51 0.12
Cyclist 0.00 0 -6.71 947.04 163.56 995.06 209.56 1.79 0.60 1.58 14.14 1.43 28.36 -6.25 0.11
Pedestrian 0.00 0 -3.78 768.79 164.49 786.05 199.93 2.02 0.61 0.75 9.61 1.54 41.56 -3.56 0.11
Cyclist 0.00 0 -8.30 1179.80 158.16 1237.54 226.67 1.65 0.45 1.64 15.02 1.29 18.19 -7.61 0.10
