Car 0.00 0 -4.69 575.05 172.60 601.96 198.25 1.55 1.60 3.83 -1.35 1.53 45.37 -4.72 0.59
Pedestrian 0.00 0 -5.20 771.95 165.07 790.58 201.05 1.93 0.69 0.79 9.26 1.51 39.16 -4.97 0.50
Car 0.00 0 -4.53 526.04 176.85 578.08 215.08 1.45 1.51 3.46 -2.36 1.63 29.58 -4.60 0.36
Car 0.00 0 -4.81 573.95 179.24 634.30 230.04 1.45 1.53 3.74 -0.31 1.67 22.99 -4.83 0.31
Pedestrian 0.00 0 -4.56 240.26 183.97 267.59 242.85 1.51 0.56 0.64 -9.44 1.81 19.03 -5.02 0.18
Pedestrian 0.00 0 -8.03 531.19 170.78 546.59 205.30 1.77 0.69 0.63 -3.73 1.67 37.46 -8.13 0.15
Cyclist 0.00 0 -8.18 622.76 169.14 639.84 200.19 1.70 0.44 1.68 1.15 1.50 40.40 -8.15 0.15
Pedestrian 0.00 0 -7.11 919.71 144.85 1020.82 299.80 1.82 0.70 0.90 4.41 1.49 8.96 -6.65 0.15
Car 0.00 0 -7.90 947.17 169.66 1053.90 257.71 1.51 1.66 4.03 7.66 1.45 14.54 -7.42 0.13
Pedestrian 0.00 0 -3.04 695.86 149.58 769.54 296.46 1.89 0.57 0.92 1.60 1.59 9.68 -2.87 0.13
Cyclist 0.00 0 -8.51 618.44 171.39 640.46 198.41 1.70 0.57 1.56 1.21 1.61 46.14 -8.48 0.13
Pedestrian 0.00 0 -4.92 0.00 173.95 59.67 304.07 1.73 0.59 0.60 -8.16 1.75 10.03 -5.61 0.11
Car 0.00 0 -6.19 501.06 177.62 623.67 221.79 1.50 1.65 4.21 -1.67 1.68 25.65 -6.25 0.11
Car 0.00 0 -6.41 455.32 176.23 529.93 203.67 1.44 1.53 3.88 -6.48 1.64 39.57 -6.57 0.11
Car 0.00 0 -7.75 394.92 178.14 427.54 203.61 1.48 1.59 3.68 -12.33 1.83 44.81 -8.02 0.10
Car 0.00 0 -6.40 505.99 172.82 582.56 203.18 1.57 1.68 3.91 -3.58 1.57 38.63 -6.49 0.10
