Car 0.00 0 -7.72 472.84 180.83 517.79 213.30 1.41 1.56 3.86 -5.16 1.22 33.15 -7.88 0.95
Car 0.00 0 -7.88 573.44 176.28 619.48 219.12 1.57 1.69 3.18 -0.52 1.24 27.96 -7.89 0.94
Car 0.00 0 -7.62 390.33 170.77 488.55 237.55 1.72 1.74 4.48 -4.75 1.35 20.73 -7.84 0.86
Car 0.00 0 -7.38 234.42 183.05 355.09 241.17 1.48 1.58 3.74 -8.69 1.42 20.20 -7.79 0.57
Car 0.00 0 -7.65 373.63 178.59 430.88 216.25 1.52 1.62 3.90 -8.85 1.26 31.10 -7.93 0.50
Car 0.00 0 -7.50 298.22 179.15 360.78 212.17 1.47 1.52 3.88 -13.10 1.20 33.96 -7.87 0.37
Car 0.00 0 -8.03 623.13 177.11 657.96 200.58 1.47 1.59 4.02 2.09 0.97 47.22 -7.99 0.31
Car 0.00 0 -4.41 345.53 173.51 390.53 200.78 1.70 1.68 3.96 -15.61 0.97 46.92 -4.73 0.22
Pedestrian 0.00 0 -5.88 1068.97 168.13 1133.26 297.67 1.61 0.51 0.53 6.32 1.40 9.28 -5.28 0.13
Car 0.00 0 -7.90 536.65 174.97 559.45 196.83 1.65 1.59 3.95 -4.71 0.88 56.19 -7.98 0.13
Car 0.00 0 -2.64 205.49 174.76 303.31 206.49 1.56 1.67 4.15 -17.86 1.05 36.36 -3.10 0.12
