Car 0.00 0 -8.14 724.02 183.14 928.25 316.72 1.49 1.62 4.17 2.79 1.67 10.47 -7.88 0.97
Car 0.00 0 -7.96 648.92 175.27 690.67 208.27 1.43 1.54 3.48 2.67 1.55 33.31 -7.88 0.94
Car 0.00 0 -8.38 828.76 174.32 1241.00 374.00 1.69 1.68 4.09 2.75 1.70 4.54 -7.83 0.94
Car 0.00 0 -2.25 0.00 180.16 72.55 374.00 1.56 1.67 3.99 -6.25 1.62 4.77 -3.16 0.94
Car 0.00 0 -8.03 675.31 174.28 753.55 238.32 1.57 1.50 3.48 2.69 1.62 19.56 -7.89 0.93
Car 0.00 0 -5.89 279.78 176.00 459.83 240.89 1.55 1.60 4.02 -6.05 1.63 18.28 -6.21 0.87
Car 0.00 0 -2.35 0.00 195.15 207.25 357.13 1.40 1.55 4.19 -6.67 1.66 7.37 -3.08 0.86
Car 0.00 0 -2.89 391.90 176.24 506.53 214.12 1.45 1.55 4.20 -6.38 1.59 28.70 -3.11 0.69
Car 0.00 0 -2.91 422.99 175.83 524.77 210.44 1.43 1.56 4.04 -5.83 1.57 30.92 -3.10 0.66
Car 0.00 0 -2.87 319.15 159.30 459.84 218.60 1.84 1.72 4.03 -7.07 1.42 23.28 -3.16 0.58
Car 0.00 0 -3.17 674.07 170.50 751.67 201.72 1.63 1.64 4.03 5.44 1.51 38.67 -3.03 0.54
Car 0.00 0 -5.95 318.61 176.27 468.56 229.64 1.47 1.54 3.85 -6.21 1.57 20.79 -6.24 0.51
Car 0.00 0 -7.93 626.15 173.24 646.64 189.90 1.50 1.58 4.03 2.41 1.54 67.21 -7.90 0.31
Cyclist 0.00 0 -7.70 314.55 163.33 353.17 261.83 1.77 0.44 1.68 -5.31 1.60 13.81 -8.07 0.25
Cyclist 0.00 0 -7.16 0.00 148.35 27.99 210.81 1.70 0.48 1.72 -17.53 1.03 20.53 -7.86 0.25
Pedestrian 0.00 0 -5.79 223.90 168.70 285.19 260.89 1.72 0.64 0.85 -6.85 1.65 13.82 -6.25 0.23
Car 0.00 0 -2.90 438.90 172.37 516.65 202.04 1.54 1.57 3.80 -7.03 1.52 38.36 -3.08 0.22
Car 0.00 0 -2.91 418.48 174.04 505.40 206.76 1.48 1.60 3.68 -6.85 1.53 33.43 -3.12 0.21
Pedestrian 0.00 0 -7.92 974.84 170.97 1002.62 222.38 1.66 0.76 0.69 12.43 1.60 23.78 -7.44 0.18
Cyclist 0.00 0 -7.11 513.00 172.75 537.68 203.35 1.67 0.52 1.46 -4.73 1.66 40.06 -7.23 0.18
Car 0.00 0 -4.66 1100.14 176.85 1126.75 196.42 1.52 1.59 3.96 41.06 1.86 58.85 -4.05 0.17
Car 0.00 0 -6.63 744.72 174.03 866.46 213.12 1.46 1.64 4.25 7.49 1.51 27.99 -6.36 0.16
Cyclist 0.00 0 -7.67 330.88 161.62 345.65 191.15 1.68 0.49 1.72 -15.86 1.04 42.06 -8.03 0.15
Car 0.00 0 -6.21 477.45 167.17 542.57 192.58 1.74 1.70 4.38 -6.95 1.35 50.27 -6.35 0.14
Pedestrian 0.00 0 -5.60 252.95 166.68 309.91 263.79 1.74 0.59 0.75 -6.09 1.63 13.27 -6.03 0.13
Car 0.00 0 -6.37 657.13 166.15 717.70 190.20 1.77 1.72 4.37 5.73 1.28 53.99 -6.27 0.12
Cyclist 0.00 0 -4.37 359.35 158.18 373.80 181.50 1.71 0.49 1.65 -18.15 0.63 53.75 -4.69 0.12
Pedestrian 0.00 0 -7.54 352.09 172.14 399.99 266.85 1.68 0.66 0.66 -4.29 1.66 13.09 -7.86 0.11
Pedestrian 0.00 0 -5.00 133.44 164.75 187.33 260.74 1.74 0.62 0.92 -8.53 1.59 13.61 -5.56 0.11
Car 0.00 0 -4.12 495.74 174.45 550.87 198.63 1.51 1.62 4.06 -5.67 1.62 47.42 -4.24 0.10
Cyclist 0.00 0 -7.31 235.78 151.86 272.92 194.54 1.67 0.63 1.55 -14.33 0.85 29.03 -7.77 0.10
