Car 0.00 0 -7.68 454.71 184.53 533.85 236.82 1.38 1.60 4.21 -3.26 1.36 21.09 -7.84 0.96
Car 0.00 0 -7.45 159.06 186.44 430.62 349.16 1.56 1.64 3.73 -3.53 1.58 8.79 -7.83 0.96
Car 0.00 0 -7.09 0.00 183.73 97.74 375.00 1.58 1.61 3.99 -7.72 1.57 7.71 -7.87 0.93
Car 0.00 0 -7.57 347.67 184.33 427.47 228.00 1.37 1.58 3.87 -7.44 1.34 24.49 -7.87 0.90
Car 0.00 0 -7.28 131.79 186.76 323.71 271.08 1.46 1.62 3.73 -7.46 1.50 14.46 -7.75 0.90
Car 0.00 0 -7.81 583.06 178.78 619.64 212.54 1.52 1.59 3.27 -0.30 1.23 33.96 -7.82 0.89
Car 0.00 0 -7.21 0.96 187.37 183.49 258.48 1.42 1.58 3.46 -11.45 1.47 16.20 -7.83 0.89
Car 0.00 0 -7.66 421.45 180.92 471.60 211.58 1.38 1.61 3.86 -7.67 1.19 34.34 -7.87 0.85
Car 0.00 0 -7.52 313.90 180.86 375.24 212.75 1.42 1.57 3.78 -12.36 1.23 33.90 -7.87 0.72
Car 0.00 0 -4.63 496.65 180.49 534.96 210.36 1.42 1.61 3.97 -4.61 1.20 36.24 -4.76 0.63
Cyclist 0.00 0 -7.90 671.45 181.76 687.97 235.08 1.52 0.42 1.52 2.08 1.42 21.26 -7.80 0.31
Car 0.00 0 -4.25 151.46 181.53 262.77 234.00 1.49 1.51 3.73 -12.32 1.39 22.29 -4.76 0.30
Car 0.00 0 -4.22 351.42 177.62 409.33 205.64 1.52 1.51 3.86 -12.94 1.11 41.05 -4.53 0.20
Car 0.00 0 -4.63 482.94 173.23 509.49 198.02 1.76 1.62 4.04 -8.22 0.91 53.08 -4.78 0.19
Car 0.00 0 -4.86 391.87 174.55 425.13 198.81 1.54 1.57 3.84 -13.28 0.86 47.72 -5.13 0.15
Car 0.00 0 -3.26 626.60 178.77 679.79 198.58 1.52 1.67 3.96 3.49 1.02 55.94 -3.20 0.15
Car 0.00 0 -4.80 647.33 177.68 683.82 208.72 1.59 1.62 3.83 3.04 1.21 38.78 -4.72 0.14
Car 0.00 0 -7.99 456.30 178.30 489.47 203.87 1.49 1.51 3.60 -8.27 1.09 43.75 -8.18 0.13
