Car 0.00 0 -4.34 244.64 193.60 396.41 277.49 1.42 1.56 4.15 -5.99 1.93 15.35 -4.71 0.96
Car 0.00 0 -4.18 0.00 204.26 275.57 355.42 1.42 1.50 3.65 -5.96 1.91 9.39 -4.74 0.96
Car 0.00 0 -8.07 698.64 178.64 803.79 248.60 1.44 1.61 3.96 3.17 1.59 17.16 -7.89 0.95
Car 0.00 0 -4.45 379.37 187.42 467.67 241.64 1.48 1.68 4.16 -5.83 1.98 22.88 -4.70 0.94
Car 0.00 0 -3.82 0.00 224.18 59.46 374.00 1.45 1.68 3.91 -6.01 1.93 4.77 -4.72 0.94
Car 0.00 0 -3.83 1043.48 142.12 1241.00 242.77 1.44 1.58 4.05 9.15 1.00 11.15 -3.15 0.93
Car 0.00 0 -8.01 678.95 175.90 749.90 229.76 1.52 1.61 3.86 3.13 1.63 22.58 -7.87 0.92
Car 0.00 0 -4.85 659.90 178.43 707.26 213.36 1.45 1.61 3.86 3.22 1.72 32.62 -4.75 0.78
Car 0.00 0 -3.71 909.94 154.47 1130.87 221.67 1.42 1.61 4.08 9.03 1.03 16.15 -3.20 0.78
Car 0.00 0 -4.46 429.68 185.75 490.88 226.44 1.45 1.55 3.57 -5.94 2.00 28.76 -4.66 0.77
Car 0.00 0 -6.97 994.21 145.90 1241.00 228.94 1.47 1.61 3.95 9.62 0.99 13.69 -6.36 0.76
Car 0.00 0 -3.60 838.56 159.24 1023.30 220.92 1.54 1.61 4.14 8.28 1.20 18.93 -3.18 0.72
Car 0.00 0 -4.52 480.08 184.02 525.63 216.44 1.55 1.62 4.09 -5.63 2.18 38.12 -4.66 0.60
Car 0.00 0 -4.68 518.61 180.87 541.72 202.92 1.52 1.56 3.71 -5.85 2.13 52.94 -4.79 0.59
Car 0.00 0 -7.95 642.02 176.09 672.34 202.62 1.64 1.60 3.77 3.00 1.86 46.96 -7.89 0.47
Car 0.00 0 -8.10 726.32 176.86 766.83 202.01 1.52 1.62 3.95 8.67 1.79 46.24 -7.92 0.37
Car 0.00 0 -6.56 655.35 177.67 743.34 207.44 1.48 1.66 4.22 4.55 1.73 37.31 -6.43 0.28
Car 0.00 0 -5.05 1175.31 123.68 1241.00 176.44 1.53 1.65 3.91 19.75 0.10 23.05 -4.35 0.23
Pedestrian 0.00 0 -7.57 375.74 180.96 396.19 223.35 1.80 0.66 0.75 -9.73 2.16 31.21 -7.88 0.21
Car 0.00 0 -4.62 536.65 179.30 560.34 198.61 1.48 1.56 3.85 -4.97 2.02 58.41 -4.70 0.13
Car 0.00 0 -2.37 468.54 181.64 585.63 227.48 1.50 1.69 4.27 -3.13 1.85 26.39 -2.49 0.13
Pedestrian 0.00 0 -4.04 782.51 163.40 834.50 265.22 1.68 0.64 0.57 3.33 1.52 12.32 -3.77 0.12
Pedestrian 0.00 0 -7.97 52.44 180.33 95.07 263.00 1.82 0.70 0.70 -12.27 1.99 16.44 -8.62 0.12
Car 0.00 0 -6.85 43.08 194.69 258.73 272.05 1.43 1.58 3.97 -10.44 2.00 16.66 -7.41 0.11
Car 0.00 0 -4.81 741.97 178.14 791.52 216.67 1.43 1.57 3.86 6.26 1.66 29.31 -4.60 0.11
Pedestrian 0.00 0 -4.46 788.09 176.11 808.77 217.50 1.59 0.65 0.63 7.33 1.72 28.24 -4.21 0.11
