Pedestrian 0.00 0 -7.62 154.12 180.80 256.22 373.00 1.66 0.60 0.81 -3.40 1.65 6.13 -8.13 0.93
Car 0.00 0 -8.01 679.91 161.02 748.38 219.27 1.83 1.70 3.80 3.72 1.19 24.45 -7.86 0.69
Pedestrian 0.00 0 -4.35 280.65 201.14 381.46 359.97 1.44 0.77 0.52 -2.61 1.64 6.86 -4.72 0.65
Pedestrian 0.00 0 -5.18 889.05 151.09 953.79 262.59 1.85 0.74 0.79 5.44 1.35 12.35 -4.76 0.65
Pedestrian 0.00 0 -8.46 836.45 158.93 967.45 364.69 1.69 0.64 0.97 2.61 1.51 6.44 -8.07 0.65
Pedestrian 0.00 0 -4.36 481.41 167.02 506.29 215.64 1.83 0.66 0.94 -4.15 1.29 27.62 -4.51 0.49
Pedestrian 0.00 0 -4.66 106.37 155.99 187.27 339.82 1.85 0.69 1.02 -4.99 1.60 7.86 -5.22 0.49
Pedestrian 0.00 0 -3.13 564.69 170.10 581.54 201.06 1.78 0.59 0.97 -1.64 1.13 41.60 -3.17 0.46
Car 0.00 0 -8.03 657.52 173.65 697.45 203.46 1.44 1.46 3.26 3.81 1.06 36.43 -7.92 0.45
Pedestrian 0.00 0 -7.67 0.00 149.47 87.46 373.00 1.86 0.69 0.97 -5.02 1.61 6.25 -8.34 0.41
Pedestrian 0.00 0 -6.22 621.76 170.73 634.17 194.41 1.80 0.49 0.92 2.05 0.98 55.03 -6.18 0.29
Cyclist 0.00 0 -6.35 536.47 169.14 574.03 211.30 1.77 0.57 1.56 -1.99 1.25 30.59 -6.42 0.26
Pedestrian 0.00 0 -6.03 473.58 168.31 493.85 212.87 1.84 0.66 0.70 -4.92 1.29 29.97 -6.20 0.21
Pedestrian 0.00 0 -7.72 530.50 176.24 551.15 217.44 1.55 0.69 0.73 -2.32 1.35 27.37 -7.80 0.21
Pedestrian 0.00 0 -5.65 647.50 169.96 664.84 198.88 1.69 0.56 0.86 3.24 1.02 42.55 -5.58 0.20
Car 0.00 0 -7.53 562.14 174.05 602.13 196.80 1.54 1.66 3.92 -1.31 1.04 50.84 -7.55 0.19
Pedestrian 0.00 0 -8.38 654.99 170.22 670.08 200.14 1.70 0.61 0.67 3.50 1.06 41.14 -8.30 0.17
Cyclist 0.00 0 -7.29 95.58 164.01 164.16 251.26 1.77 0.40 1.67 -10.11 1.42 15.40 -7.87 0.12
Car 0.00 0 -8.34 645.33 162.71 680.45 183.56 1.94 1.66 4.05 5.91 0.19 69.05 -8.26 0.12
Car 0.00 0 -8.05 762.81 183.86 904.33 286.07 1.37 1.48 3.33 3.49 1.42 11.47 -7.75 0.12
Pedestrian 0.00 0 -3.25 641.59 169.30 655.92 194.07 1.74 0.53 0.96 3.36 0.88 50.80 -3.18 0.11
Pedestrian 0.00 0 -4.09 1223.56 125.38 1237.00 373.83 1.80 0.58 0.87 5.44 1.40 5.57 -3.32 0.11
Car 0.00 0 -6.86 861.27 168.23 1055.35 231.80 1.47 1.61 4.05 8.66 1.16 17.65 -6.40 0.11
