Car 0.00 0 -7.12 0.00 205.66 306.41 369.00 1.52 1.62 3.97 -3.16 1.71 3.46 -7.86 0.95
Car 0.00 0 -8.00 479.77 171.26 520.12 199.21 1.51 1.67 4.27 -6.06 1.01 40.36 -8.15 0.56
Cyclist 0.00 0 -5.17 877.42 155.91 906.61 194.89 1.79 0.54 1.80 13.55 0.66 33.46 -4.78 0.47
Pedestrian 0.00 0 -4.40 274.65 176.92 314.06 254.88 1.55 0.56 0.66 -6.37 1.48 14.42 -4.82 0.46
Cyclist 0.00 0 -8.10 988.51 154.76 1024.05 223.80 1.70 0.39 1.72 10.34 1.07 18.32 -7.59 0.38
Pedestrian 0.00 0 -6.98 787.91 162.20 807.73 195.41 1.75 0.63 0.80 10.27 0.79 37.69 -6.72 0.32
Pedestrian 0.00 0 -3.08 774.89 159.40 793.14 191.79 1.84 0.56 0.98 10.27 0.64 40.57 -2.83 0.22
Car 0.00 0 -6.34 1160.66 162.00 1223.00 195.22 1.44 1.54 3.56 27.62 0.64 32.26 -5.63 0.20
Pedestrian 0.00 0 -7.97 986.47 147.18 1005.45 187.02 1.88 0.74 0.50 18.65 0.31 33.76 -7.47 0.20
Cyclist 0.00 0 -8.07 804.19 163.89 820.00 196.46 1.64 0.44 1.64 10.67 0.81 36.50 -7.78 0.18
Pedestrian 0.00 0 -6.02 581.32 167.89 594.97 193.23 1.77 0.54 0.85 -1.18 0.89 49.83 -6.05 0.16
Pedestrian 0.00 0 -4.89 1021.22 148.78 1042.08 188.59 1.84 0.70 0.83 20.00 0.38 33.18 -4.35 0.15
Pedestrian 0.00 0 -6.00 909.16 161.60 916.50 193.66 1.71 0.44 0.25 16.51 0.70 37.94 -5.59 0.13
Pedestrian 0.00 0 -7.72 69.16 179.93 81.32 205.15 1.64 0.59 0.38 -34.68 1.60 46.28 -8.36 0.12
Car 0.00 0 -8.58 767.58 167.09 827.44 189.93 1.43 1.60 3.90 12.55 0.59 46.32 -8.31 0.12
Car 0.00 0 -2.48 290.08 180.67 419.47 226.30 1.40 1.58 3.82 -8.20 1.41 23.11 -2.82 0.11
Pedestrian 0.00 0 -7.77 1080.96 148.29 1101.46 189.58 1.89 0.75 0.40 22.53 0.42 32.79 -7.17 0.11
Cyclist 0.00 0 -7.06 1061.77 149.82 1142.75 221.34 1.71 0.67 1.62 12.17 0.98 17.36 -6.45 0.11
Pedestrian 0.00 0 -3.71 724.16 162.97 737.03 187.15 1.90 0.50 0.87 9.94 0.52 55.92 -3.54 0.10
Pedestrian 0.00 0 -7.21 922.91 157.42 943.71 193.11 1.76 0.66 0.69 16.37 0.62 35.29 -6.78 0.10
Pedestrian 0.00 0 -3.46 1162.63 153.88 1197.57 217.81 1.56 0.57 0.52 14.29 0.91 17.63 -2.78 0.10
Pedestrian 0.00 0 -6.18 704.19 163.24 711.13 182.08 1.80 0.60 0.61 9.92 0.15 68.10 -6.04 0.10
