Car 0.00 0 -8.08 757.95 185.61 907.89 286.76 1.43 1.63 3.93 3.68 1.70 12.74 -7.80 0.96
Car 0.00 0 -7.99 726.21 181.30 812.86 246.92 1.43 1.58 4.15 3.90 1.67 18.43 -7.78 0.93
Car 0.00 0 -3.07 980.19 171.20 1202.71 239.11 1.48 1.66 4.38 11.61 1.44 17.68 -2.49 0.79
Car 0.00 0 -3.23 1207.49 153.86 1241.00 276.15 1.61 1.62 3.78 11.83 1.36 11.35 -2.42 0.75
Car 0.00 0 -7.90 690.10 175.18 718.28 201.43 1.61 1.63 3.98 6.02 1.77 46.64 -7.77 0.73
Car 0.00 0 -6.36 1113.28 173.50 1241.00 256.13 1.38 1.55 4.31 12.37 1.39 13.99 -5.63 0.58
Car 0.00 0 -8.13 811.75 161.39 877.54 211.47 1.87 1.58 3.54 9.21 1.44 28.70 -7.82 0.45
Cyclist 0.00 0 -8.14 1091.73 169.74 1122.15 212.81 1.70 0.56 1.69 20.14 1.57 29.32 -7.54 0.26
Car 0.00 0 -4.52 477.60 182.57 539.57 222.40 1.41 1.66 4.35 -4.01 1.83 28.84 -4.66 0.22
Car 0.00 0 -4.54 474.69 176.89 501.74 195.28 1.51 1.60 4.17 -10.47 1.87 62.15 -4.70 0.22
Pedestrian 0.00 0 -7.86 268.49 176.49 294.15 240.64 1.91 0.70 0.70 -10.05 2.02 21.94 -8.29 0.21
Pedestrian 0.00 0 -8.22 815.64 176.54 839.00 223.08 1.56 0.62 0.50 7.33 1.69 24.49 -7.93 0.17
Cyclist 0.00 0 -2.56 206.31 180.92 234.59 206.35 1.82 0.65 1.72 -28.18 2.40 52.16 -3.06 0.16
Pedestrian 0.00 0 -5.90 760.02 171.72 772.50 196.02 1.73 0.65 0.68 11.18 1.65 51.74 -5.69 0.16
Car 0.00 0 -4.54 505.54 183.20 556.49 218.75 1.48 1.67 4.20 -3.64 2.00 33.54 -4.65 0.14
Car 0.00 0 -4.71 583.13 178.18 601.82 195.98 1.60 1.72 4.49 -1.69 2.13 68.68 -4.74 0.12
Pedestrian 0.00 0 -8.33 403.34 183.42 422.04 221.03 1.71 0.64 0.59 -9.21 2.21 33.52 -8.60 0.11
Car 0.00 0 -4.69 602.11 178.54 620.51 196.46 1.65 1.68 4.14 0.14 2.22 69.92 -4.68 0.10
