Car 0.00 0 -7.86 572.69 175.99 618.71 218.25 1.57 1.71 3.34 -0.53 1.23 28.32 -7.88 0.92
Car 0.00 0 -7.73 477.91 179.97 519.77 211.28 1.41 1.54 3.65 -5.18 1.18 34.32 -7.88 0.90
Car 0.00 0 -7.62 399.60 168.64 492.95 232.16 1.74 1.78 4.49 -4.84 1.29 22.01 -7.83 0.75
Car 0.00 0 -7.55 353.16 173.44 397.80 201.60 1.82 1.74 4.04 -15.63 1.06 48.50 -7.86 0.58
Car 0.00 0 -7.63 379.63 175.11 437.16 212.67 1.58 1.63 4.09 -8.92 1.16 32.33 -7.90 0.52
Car 0.00 0 -7.41 257.18 181.28 370.19 236.48 1.50 1.58 3.93 -8.69 1.39 21.50 -7.79 0.37
Pedestrian 0.00 0 -5.05 1194.70 138.34 1240.00 332.59 1.83 0.59 0.71 6.33 1.39 7.21 -4.33 0.18
Car 0.00 0 -4.48 312.57 174.40 367.92 208.82 1.58 1.60 4.22 -13.04 1.08 35.17 -4.83 0.13
Car 0.00 0 -7.36 0.00 139.40 359.99 375.00 1.89 1.73 4.49 -4.14 1.57 7.22 -7.88 0.12
Car 0.00 0 -4.69 539.35 174.82 560.24 194.74 1.54 1.57 3.99 -4.63 0.74 57.58 -4.77 0.11
Car 0.00 0 -4.78 567.71 173.46 593.04 196.91 1.68 1.61 4.03 -2.09 0.84 53.56 -4.82 0.11
