Car 0.00 0 -4.45 397.83 182.97 520.82 266.85 1.53 1.64 3.94 -3.16 1.78 15.69 -4.65 0.95
Car 0.00 0 -7.96 671.17 177.94 761.33 256.29 1.50 1.54 3.56 2.17 1.62 15.83 -7.83 0.92
Car 0.00 0 -4.59 613.17 171.81 638.06 191.85 1.61 1.64 3.76 1.31 1.53 59.99 -4.57 0.54
Pedestrian 0.00 0 -8.96 885.60 156.93 947.35 255.95 1.75 0.58 0.88 5.57 1.47 13.24 -8.56 0.32
Pedestrian 0.00 0 -4.23 768.49 156.79 807.05 231.95 1.93 0.61 0.96 4.65 1.52 19.06 -3.99 0.29
Cyclist 0.00 0 -8.26 738.43 170.48 770.44 222.42 1.68 0.43 1.67 4.77 1.60 24.14 -8.06 0.25
Pedestrian 0.00 0 -3.64 1150.28 141.90 1241.00 299.10 1.75 0.67 0.69 6.82 1.41 8.42 -2.96 0.23
Pedestrian 0.00 0 -4.89 1022.68 127.77 1133.43 356.68 1.93 0.68 1.04 4.24 1.55 6.70 -4.33 0.17
Pedestrian 0.00 0 -4.89 162.38 184.58 219.09 310.02 1.65 0.56 0.71 -5.87 1.82 10.00 -5.42 0.16
Pedestrian 0.00 0 -3.71 1173.79 128.17 1241.00 323.58 1.85 0.58 0.79 6.17 1.43 7.18 -3.00 0.14
Car 0.00 0 -7.97 703.63 172.62 744.26 206.99 1.62 1.57 3.77 5.57 1.61 35.87 -7.81 0.14
Pedestrian 0.00 0 -4.54 1209.05 90.62 1241.00 374.00 2.00 0.73 0.91 4.05 1.58 4.22 -3.78 0.14
Pedestrian 0.00 0 -2.76 300.90 172.12 345.35 255.45 1.86 0.58 0.78 -6.56 1.84 16.39 -3.14 0.12
Pedestrian 0.00 0 -2.83 112.13 181.49 171.54 285.23 1.65 0.57 0.68 -7.78 1.80 11.93 -3.41 0.12
Car 0.00 0 -4.65 681.57 171.89 707.30 195.23 1.57 1.56 3.91 5.93 1.51 50.65 -4.53 0.12
Car 0.00 0 -7.55 492.97 173.26 534.17 200.21 1.77 1.69 3.93 -6.61 1.80 49.62 -7.68 0.12
Pedestrian 0.00 0 -7.56 793.40 170.18 816.35 222.93 1.69 0.58 0.57 6.32 1.61 23.56 -7.30 0.10
Pedestrian 0.00 0 -5.45 42.93 156.39 161.68 334.94 1.95 0.67 0.93 -5.89 1.77 8.32 -6.06 0.10
