Cyclist 0.00 0 -8.17 814.93 160.48 861.34 237.94 1.83 0.53 1.89 5.61 1.54 17.99 -7.87 0.89
Pedestrian 0.00 0 -8.00 845.76 162.64 872.29 224.42 1.84 0.64 0.91 7.55 1.54 22.04 -7.67 0.68
Pedestrian 0.00 0 -4.63 744.59 170.07 760.22 211.62 1.94 0.67 0.75 6.72 1.81 34.21 -4.44 0.54
Car 0.00 0 -3.39 756.92 177.62 819.44 199.73 1.57 1.56 4.13 12.84 1.92 52.22 -3.15 0.41
Cyclist 0.00 0 -8.24 859.56 170.05 896.12 225.64 1.66 0.44 1.74 8.27 1.58 22.45 -7.89 0.36
Car 0.00 0 -4.78 893.11 181.80 917.91 202.07 1.56 1.63 3.83 24.32 2.33 59.53 -4.39 0.28
Car 0.00 0 -6.51 768.42 179.24 820.74 200.45 1.67 1.69 3.80 14.81 2.19 58.12 -6.26 0.27
Car 0.00 0 -5.05 721.45 173.69 762.10 196.53 1.60 1.66 4.11 9.56 1.66 52.78 -4.87 0.19
Car 0.00 0 -4.46 319.75 182.98 366.14 211.27 1.55 1.60 4.15 -15.94 2.18 43.16 -4.81 0.17
Pedestrian 0.00 0 -5.11 968.50 161.65 1007.05 227.78 1.73 0.64 0.84 10.07 1.44 19.34 -4.63 0.16
Car 0.00 0 -3.98 1131.72 184.51 1199.65 206.47 1.52 1.63 4.04 40.34 2.39 52.44 -3.32 0.15
Cyclist 0.00 0 -7.45 298.09 181.53 320.71 217.04 1.73 0.46 1.61 -15.19 2.18 36.39 -7.85 0.15
Car 0.00 0 -7.79 1103.74 179.22 1132.09 199.82 1.57 1.63 4.15 41.15 2.11 58.46 -7.18 0.14
Cyclist 0.00 0 -8.06 814.37 176.51 830.13 212.38 1.57 0.37 1.55 9.51 1.74 32.48 -7.78 0.11
Car 0.00 0 -3.48 716.80 176.33 774.26 197.63 1.67 1.69 4.22 10.85 1.95 57.99 -3.30 0.11
