Car 0.00 0 -8.18 750.46 161.39 1076.56 372.03 1.59 1.65 4.30 2.65 1.50 7.60 -7.85 0.97
Car 0.00 0 -7.96 655.84 175.04 712.66 220.50 1.43 1.54 3.40 2.41 1.50 24.49 -7.87 0.95
Car 0.00 0 -7.02 0.00 196.80 266.97 374.00 1.54 1.64 3.89 -2.98 1.69 2.57 -7.88 0.80
Car 0.00 0 -7.76 658.70 172.07 704.88 210.48 1.52 1.62 3.63 3.04 1.49 30.47 -7.66 0.49
Car 0.00 0 -7.67 662.91 170.81 710.36 205.96 1.60 1.63 3.73 3.72 1.51 34.93 -7.56 0.30
Pedestrian 0.00 0 -3.29 718.44 167.99 733.40 198.89 1.77 0.61 0.77 6.65 1.49 41.60 -3.13 0.24
Pedestrian 0.00 0 -3.87 497.81 167.32 525.76 215.32 1.75 0.60 0.84 -3.69 1.55 26.79 -4.01 0.22
Pedestrian 0.00 0 -6.09 547.91 170.11 564.11 201.52 1.80 0.58 0.83 -3.14 1.64 41.57 -6.16 0.18
Pedestrian 0.00 0 -6.37 148.13 166.37 231.84 333.03 1.75 0.68 0.75 -4.77 1.69 8.08 -6.90 0.15
Cyclist 0.00 0 -7.56 699.80 169.60 713.70 196.22 1.60 0.43 1.50 5.89 1.40 44.13 -7.43 0.14
Pedestrian 0.00 0 -3.94 888.15 134.14 953.24 250.76 1.97 0.65 0.83 5.38 1.31 12.63 -3.54 0.13
Car 0.00 0 -7.72 710.22 158.85 738.05 183.70 1.91 1.71 3.81 9.11 0.83 57.54 -7.57 0.11
