Car 0.00 0 -4.57 404.18 184.50 496.03 258.93 1.54 1.62 3.87 -3.80 1.85 17.49 -4.78 0.96
Car 0.00 0 -4.54 454.17 177.03 527.29 233.44 1.65 1.66 4.16 -3.83 1.80 23.51 -4.70 0.85
Car 0.00 0 -4.75 531.94 177.26 564.18 204.74 1.48 1.71 4.32 -3.68 1.75 41.92 -4.83 0.56
Car 0.00 0 -6.50 643.21 174.05 707.03 200.61 1.56 1.62 3.57 3.87 1.63 43.52 -6.41 0.35
Cyclist 0.00 0 -2.97 420.20 169.79 458.86 209.78 1.94 0.75 1.75 -8.39 1.79 35.40 -3.20 0.31
Car 0.00 0 -4.25 1238.14 146.36 1241.00 374.00 1.61 1.65 3.47 6.53 1.47 4.94 -3.33 0.23
Pedestrian 0.00 0 -4.50 89.26 192.13 119.86 257.76 1.63 0.56 0.45 -12.93 2.13 18.40 -5.11 0.23
Pedestrian 0.00 0 -2.94 300.97 179.67 329.90 238.29 1.71 0.54 0.71 -8.82 1.92 21.50 -3.33 0.14
Pedestrian 0.00 0 -7.97 203.92 171.03 253.36 281.32 1.89 0.69 0.85 -6.89 1.86 12.93 -8.46 0.13
Pedestrian 0.00 0 -8.79 932.56 166.37 982.28 243.03 1.76 0.59 0.88 8.17 1.61 17.09 -8.35 0.12
Pedestrian 0.00 0 -4.30 46.57 187.33 99.76 271.81 1.66 0.61 0.81 -11.06 1.97 14.82 -4.94 0.11
Cyclist 0.00 0 -5.07 365.03 181.88 395.69 231.58 1.62 0.50 1.50 -7.87 1.94 24.56 -5.38 0.11
Pedestrian 0.00 0 -1.96 235.49 164.26 283.80 255.67 1.98 0.68 0.91 -7.91 1.79 16.18 -2.42 0.11
