Pedestrian 0.00 0 -5.22 260.82 141.72 327.13 256.37 1.79 0.62 0.92 -5.13 1.19 11.55 -5.64 0.69
Pedestrian 0.00 0 -4.98 567.00 136.12 617.71 253.27 1.80 0.61 0.81 -0.26 1.12 11.32 -5.01 0.60
Pedestrian 0.00 0 -5.34 597.12 140.76 630.44 210.82 1.73 0.55 0.68 0.18 0.75 17.86 -5.33 0.60
Pedestrian 0.00 0 -5.37 613.01 137.08 670.37 250.92 1.77 0.60 0.75 0.54 1.10 11.47 -5.32 0.56
Pedestrian 0.00 0 -3.44 604.28 136.09 654.97 240.57 1.79 0.53 0.77 0.39 1.03 12.50 -3.41 0.56
Pedestrian 0.00 0 -5.11 902.90 156.05 1036.80 369.00 1.69 0.58 0.88 2.59 1.53 5.21 -4.64 0.54
Pedestrian 0.00 0 -3.31 460.37 148.30 487.64 208.63 1.70 0.59 0.68 -3.79 0.79 20.27 -3.49 0.54
Pedestrian 0.00 0 -7.90 649.57 139.87 671.10 199.54 1.81 0.62 0.91 1.67 0.58 21.89 -7.82 0.50
Pedestrian 0.00 0 -4.98 533.10 141.35 583.27 261.35 1.77 0.59 0.73 -0.78 1.20 10.88 -5.05 0.49
Pedestrian 0.00 0 -2.31 491.30 142.87 523.71 204.74 1.76 0.53 0.81 -2.87 0.69 20.57 -2.45 0.49
Pedestrian 0.00 0 -5.28 411.10 139.19 442.31 194.60 1.84 0.64 0.90 -6.07 0.47 23.95 -5.53 0.39
Pedestrian 0.00 0 -5.61 236.89 147.44 291.31 253.91 1.76 0.65 0.55 -5.86 1.22 12.07 -6.06 0.39
Pedestrian 0.00 0 -4.31 434.76 143.57 466.76 205.21 1.79 0.61 0.94 -4.61 0.72 21.02 -4.53 0.38
Car 0.00 0 -4.41 0.00 75.16 234.45 369.00 1.72 1.75 4.51 -3.03 1.56 3.47 -5.13 0.32
Pedestrian 0.00 0 -5.20 469.98 142.99 500.87 207.82 1.73 0.55 0.74 -3.32 0.73 19.38 -5.37 0.31
Pedestrian 0.00 0 -7.74 110.68 137.51 164.34 251.19 1.82 0.66 0.80 -7.83 1.13 11.79 -8.32 0.30
Car 0.00 0 -2.89 84.92 149.08 217.40 187.37 1.50 1.68 4.33 -18.63 0.27 29.20 -3.46 0.30
Pedestrian 0.00 0 -7.21 385.21 157.83 418.89 224.02 1.53 0.61 0.46 -4.84 1.01 16.72 -7.49 0.26
Cyclist 0.00 0 -6.60 556.42 141.43 588.42 172.68 1.78 0.65 1.75 -1.91 -0.46 41.19 -6.64 0.26
Pedestrian 0.00 0 -4.32 505.79 141.19 535.44 205.53 1.72 0.60 0.67 -2.34 0.67 19.32 -4.44 0.26
Car 0.00 0 -5.58 0.00 132.27 47.20 247.03 1.56 1.62 3.79 -11.02 0.91 10.63 -6.39 0.24
Cyclist 0.00 0 -7.04 300.42 153.13 377.19 228.53 1.60 0.59 1.67 -5.98 1.02 15.88 -7.41 0.24
Pedestrian 0.00 0 -8.46 822.96 170.88 978.70 369.00 1.64 0.64 0.83 1.98 1.58 4.94 -8.07 0.23
Pedestrian 0.00 0 -8.28 419.59 145.45 451.91 208.05 1.72 0.67 0.67 -4.80 0.76 19.89 -8.52 0.23
Car 0.00 0 -7.40 284.63 160.61 391.42 217.27 1.42 1.50 3.14 -7.24 0.92 19.38 -7.75 0.22
Pedestrian 0.00 0 -7.84 319.28 150.47 335.99 193.07 1.81 0.66 0.64 -11.99 0.54 30.51 -8.21 0.21
Car 0.00 0 -7.26 139.84 156.50 294.41 222.01 1.46 1.58 3.69 -9.52 0.92 17.63 -7.76 0.20
Pedestrian 0.00 0 -3.56 520.45 144.91 547.68 194.51 1.74 0.59 0.80 -2.57 0.49 25.30 -3.67 0.18
Pedestrian 0.00 0 -4.89 395.68 144.01 426.34 210.75 1.78 0.65 0.93 -5.37 0.81 19.43 -5.16 0.18
Pedestrian 0.00 0 -4.73 431.81 162.80 469.38 251.30 1.49 0.62 0.54 -2.72 1.19 12.21 -4.95 0.16
Pedestrian 0.00 0 -7.89 241.93 158.87 261.58 206.47 1.69 0.61 0.52 -12.74 0.92 25.44 -8.35 0.14
Car 0.00 0 -8.31 533.00 149.92 610.96 188.43 1.46 1.61 3.95 -1.45 0.30 28.92 -8.36 0.14
Cyclist 0.00 0 -6.24 350.78 154.23 429.88 227.38 1.57 0.64 1.65 -4.78 1.01 15.68 -6.54 0.14
Pedestrian 0.00 0 -4.92 531.24 138.31 555.76 202.10 1.75 0.56 0.69 -1.77 0.60 19.85 -5.01 0.14
Pedestrian 0.00 0 -6.47 303.36 144.77 318.52 179.32 1.81 0.66 0.63 -15.63 -0.06 37.54 -6.87 0.13
Car 0.00 0 -4.48 105.90 155.42 196.56 202.16 1.43 1.62 4.24 -15.22 0.66 23.89 -5.04 0.13
Car 0.00 0 -4.69 356.30 152.23 383.10 177.40 1.65 1.67 3.96 -16.28 -0.22 49.03 -5.01 0.13
Pedestrian 0.00 0 -5.62 444.77 139.72 456.79 173.79 1.87 0.57 0.38 -8.55 -0.37 39.17 -5.83 0.13
Pedestrian 0.00 0 -7.99 391.62 144.07 406.93 179.59 1.90 0.72 0.60 -11.14 -0.05 38.25 -8.27 0.12
Pedestrian 0.00 0 -7.82 340.79 150.33 358.66 193.63 1.85 0.71 0.67 -11.07 0.56 30.63 -8.16 0.12
Cyclist 0.00 0 -5.11 943.31 152.47 986.08 211.86 1.70 0.54 1.62 10.67 0.90 21.08 -4.65 0.11
Car 0.00 0 -2.88 0.00 144.47 127.44 186.45 1.49 1.63 4.02 -20.57 0.21 26.61 -3.54 0.11
Pedestrian 0.00 0 -5.79 191.83 153.82 328.83 369.00 1.69 0.47 0.88 -2.84 1.48 5.75 -6.25 0.11
