Cyclist 0.00 0 -8.23 791.57 164.36 843.59 236.92 1.82 0.60 2.04 5.42 1.61 19.12 -7.96 0.92
Car 0.00 0 -7.79 589.37 176.19 639.11 219.05 1.46 1.60 3.96 0.18 1.59 26.90 -7.78 0.85
Car 0.00 0 -8.75 1201.40 165.45 1241.00 340.83 1.51 1.67 4.55 9.69 1.44 8.51 -7.90 0.42
Pedestrian 0.00 0 -2.51 408.65 183.63 453.88 288.05 1.49 0.40 0.51 -2.68 1.65 10.61 -2.76 0.38
Pedestrian 0.00 0 -3.33 694.73 163.88 736.80 228.67 1.87 0.67 1.11 3.05 1.61 21.15 -3.19 0.34
Car 0.00 0 -7.85 535.11 174.57 553.07 191.32 1.45 1.56 4.04 -5.94 1.61 65.02 -7.94 0.29
Car 0.00 0 -6.35 637.59 175.94 706.33 201.50 1.46 1.64 3.89 3.54 1.64 42.14 -6.27 0.26
Car 0.00 0 -7.66 466.32 171.21 532.84 216.99 1.67 1.79 4.51 -4.32 1.61 28.63 -7.81 0.22
Pedestrian 0.00 0 -3.46 438.23 196.74 556.72 374.00 1.64 0.56 0.58 -0.77 1.80 4.49 -3.63 0.20
Pedestrian 0.00 0 -8.13 734.54 172.82 774.15 248.55 1.62 0.68 0.73 3.11 1.62 15.85 -7.94 0.15
