Car 0.00 0 -7.99 665.99 184.26 728.38 230.22 1.40 1.64 3.64 2.87 1.82 24.74 -7.87 0.98
Car 0.00 0 -2.39 0.00 185.97 165.55 374.00 1.56 1.71 3.84 -6.41 1.70 6.33 -3.19 0.96
Car 0.00 0 -8.26 780.05 197.79 1113.88 374.00 1.43 1.59 3.58 2.91 1.74 7.23 -7.88 0.96
Car 0.00 0 -8.10 715.32 186.28 865.11 289.38 1.47 1.62 3.75 2.92 1.74 12.65 -7.87 0.95
Car 0.00 0 -2.70 218.01 180.50 422.07 258.83 1.57 1.59 3.76 -6.20 1.74 15.54 -3.08 0.93
Car 0.00 0 -5.88 334.65 181.26 484.84 232.35 1.55 1.70 4.38 -6.48 1.83 23.38 -6.15 0.92
Car 0.00 0 -7.94 647.68 178.41 687.57 213.87 1.63 1.62 3.76 2.75 1.92 35.60 -7.87 0.92
Car 0.00 0 -5.66 0.00 167.00 307.69 325.24 1.71 1.70 4.54 -6.30 1.64 8.65 -6.29 0.88
Car 0.00 0 -2.61 0.00 173.43 318.90 293.96 1.67 1.66 3.86 -6.70 1.68 10.88 -3.17 0.86
Car 0.00 0 -2.88 388.84 173.69 507.67 222.23 1.83 1.76 4.22 -6.30 1.86 28.19 -3.10 0.84
Car 0.00 0 -5.64 132.12 187.25 390.33 279.93 1.49 1.58 4.11 -6.33 1.77 13.13 -6.09 0.72
Car 0.00 0 -7.99 635.08 178.93 665.28 202.78 1.59 1.62 3.76 2.77 2.03 50.92 -7.94 0.68
Car 0.00 0 -3.14 438.85 181.69 527.84 213.91 1.51 1.67 4.24 -6.28 1.96 35.70 -3.31 0.52
Car 0.00 0 -6.16 433.32 182.11 521.98 215.72 1.48 1.58 3.84 -6.07 1.92 33.16 -6.34 0.44
Cyclist 0.00 0 -6.48 352.15 172.40 385.43 207.43 1.87 0.72 1.61 -13.17 1.85 39.28 -6.81 0.44
Cyclist 0.00 0 -3.24 527.60 176.78 556.85 207.55 1.86 0.60 1.73 -4.18 2.10 44.13 -3.34 0.31
Pedestrian 0.00 0 -8.32 1039.41 156.63 1098.57 265.47 1.90 0.67 0.67 8.19 1.62 12.98 -7.76 0.28
Car 0.00 0 -4.89 539.05 180.21 566.54 199.09 1.50 1.59 4.33 -4.92 2.14 61.26 -4.97 0.23
Car 0.00 0 -4.67 641.89 180.88 673.24 210.24 1.57 1.64 4.06 2.76 2.05 41.73 -4.60 0.20
Pedestrian 0.00 0 -7.96 894.76 166.24 912.37 204.86 1.86 0.73 0.65 14.26 1.54 35.14 -7.57 0.20
Car 0.00 0 -2.58 473.39 180.25 532.95 206.06 1.54 1.55 3.37 -6.71 2.01 45.11 -2.73 0.18
Pedestrian 0.00 0 -5.86 151.28 142.65 166.63 186.05 1.79 0.50 0.37 -18.78 0.54 29.98 -6.42 0.17
Pedestrian 0.00 0 -4.91 1238.54 158.34 1241.00 215.72 1.91 0.65 0.38 21.60 1.43 24.31 -4.18 0.16
Car 0.00 0 -2.59 413.66 183.21 512.28 220.11 1.47 1.58 3.89 -6.33 1.93 30.91 -2.79 0.16
Pedestrian 0.00 0 -8.01 162.99 144.70 183.63 190.84 1.79 0.61 0.61 -17.24 0.70 28.41 -8.55 0.15
Car 0.00 0 -6.30 699.99 175.27 759.21 195.53 1.53 1.67 4.47 9.24 1.73 56.06 -6.14 0.15
Pedestrian 0.00 0 -6.26 1168.89 160.47 1233.43 248.73 1.83 0.55 1.06 12.66 1.58 15.53 -5.58 0.15
Car 0.00 0 -3.91 1211.65 176.31 1241.00 211.74 1.51 1.65 3.79 29.07 1.67 31.84 -3.17 0.15
Cyclist 0.00 0 -6.65 936.01 169.95 981.20 210.56 1.80 0.69 1.69 15.62 1.67 32.43 -6.20 0.14
Car 0.00 0 -3.68 1016.72 175.09 1108.81 206.68 1.49 1.55 3.46 21.77 1.60 34.84 -3.12 0.14
Car 0.00 0 -4.37 760.39 166.96 800.05 188.81 1.56 1.63 3.98 12.67 1.14 53.65 -4.14 0.13
Car 0.00 0 -2.58 255.49 180.60 435.70 244.70 1.53 1.66 4.15 -6.86 1.74 18.72 -2.93 0.13
Car 0.00 0 -4.38 390.41 167.22 431.88 192.87 1.70 1.64 3.70 -13.69 1.33 49.76 -4.65 0.11
