Car 0.00 0 -3.09 103.59 190.18 326.68 273.57 1.47 1.71 3.87 -8.09 1.87 15.02 -3.59 0.93
Car 0.00 0 -4.59 425.11 185.26 494.78 239.17 1.47 1.66 4.20 -4.68 1.90 22.77 -4.80 0.93
Car 0.00 0 -7.96 451.89 177.50 481.02 200.63 1.58 1.66 3.99 -10.48 1.93 52.36 -8.15 0.65
Pedestrian 0.00 0 -5.91 418.27 174.84 442.26 224.45 1.85 0.62 0.70 -6.83 1.93 27.26 -6.16 0.21
Pedestrian 0.00 0 -5.72 334.13 171.36 354.08 203.31 1.93 0.64 0.94 -16.23 1.84 43.95 -6.08 0.20
Pedestrian 0.00 0 -3.17 746.76 169.18 770.09 232.05 1.75 0.53 0.63 4.13 1.64 20.35 -2.97 0.20
Car 0.00 0 -7.85 242.29 179.26 272.05 206.35 1.52 1.55 3.83 -21.34 1.93 43.58 -8.31 0.18
Pedestrian 0.00 0 -4.49 275.18 180.16 301.49 234.38 1.78 0.68 0.64 -10.82 2.03 24.19 -4.91 0.17
Cyclist 0.00 0 -7.53 134.88 158.30 166.87 203.63 1.67 0.48 1.81 -17.51 1.13 27.48 -8.10 0.15
Cyclist 0.00 0 -2.75 146.92 158.49 186.62 195.19 1.97 0.68 1.71 -24.16 1.20 39.28 -3.31 0.13
Car 0.00 0 -5.10 422.24 173.31 459.77 192.37 1.54 1.62 4.13 -14.22 1.58 60.47 -5.33 0.13
Pedestrian 0.00 0 -3.70 341.32 170.30 361.92 219.09 2.06 0.63 0.58 -11.10 1.95 30.87 -4.05 0.13
Pedestrian 0.00 0 -5.04 722.66 163.78 755.55 232.98 1.84 0.61 0.93 3.47 1.60 19.71 -4.87 0.11
Car 0.00 0 -5.14 721.48 180.90 797.26 220.35 1.45 1.56 3.84 5.96 1.80 29.42 -4.94 0.11
Pedestrian 0.00 0 -7.86 135.54 181.02 166.75 257.88 1.80 0.63 0.58 -11.10 2.00 17.37 -8.43 0.11
