Car 0.00 0 -4.66 537.17 172.13 604.18 227.26 1.42 1.68 4.32 -0.81 1.18 20.65 -4.70 0.88
Pedestrian 0.00 0 -9.02 992.62 140.55 1175.90 373.00 1.76 0.74 1.08 3.99 1.45 6.06 -8.44 0.75
Pedestrian 0.00 0 -4.44 243.55 159.04 293.71 258.85 1.80 0.66 0.81 -6.23 1.39 13.39 -4.87 0.57
Pedestrian 0.00 0 -7.99 776.13 155.64 815.32 250.02 1.76 0.65 0.62 3.68 1.28 13.78 -7.72 0.56
Pedestrian 0.00 0 -4.51 535.74 160.34 553.61 202.30 1.83 0.65 0.75 -2.51 0.91 31.65 -4.59 0.55
Pedestrian 0.00 0 -7.81 485.74 166.59 501.22 204.24 1.74 0.69 0.64 -5.05 1.05 33.56 -7.96 0.48
Pedestrian 0.00 0 -3.42 711.60 157.31 721.36 194.47 1.88 0.50 0.37 5.87 0.66 36.68 -3.26 0.44
Pedestrian 0.00 0 -5.50 432.08 164.55 461.64 215.62 1.70 0.59 0.80 -5.28 1.14 24.43 -5.71 0.33
Pedestrian 0.00 0 -5.18 228.12 168.99 267.76 239.32 1.63 0.63 0.63 -8.46 1.34 17.12 -5.64 0.30
Pedestrian 0.00 0 -5.97 196.86 161.18 251.88 260.40 1.78 0.66 0.73 -6.99 1.42 13.26 -6.45 0.28
Pedestrian 0.00 0 -4.61 613.20 162.69 624.35 194.39 1.93 0.60 0.85 1.07 0.79 44.20 -4.58 0.25
Pedestrian 0.00 0 -3.55 547.02 161.08 561.36 198.11 1.80 0.59 0.51 -2.33 0.81 35.21 -3.61 0.23
Pedestrian 0.00 0 -7.83 562.38 164.68 574.00 195.00 1.79 0.68 0.64 -1.97 0.80 42.72 -7.88 0.22
Car 0.00 0 -5.67 1118.43 177.14 1237.00 348.81 1.40 1.56 3.82 7.97 1.37 7.87 -4.88 0.21
Cyclist 0.00 0 -8.20 876.71 114.39 1087.14 373.00 1.91 0.62 1.82 2.38 1.55 4.84 -7.75 0.21
Pedestrian 0.00 0 -5.58 265.80 160.36 305.03 235.01 1.77 0.58 0.65 -7.70 1.27 17.43 -6.00 0.20
Car 0.00 0 -4.79 1005.52 176.08 1176.40 309.06 1.43 1.56 3.89 6.40 1.38 9.82 -4.21 0.19
Car 0.00 0 -4.95 639.08 165.52 713.78 212.75 1.54 1.66 4.31 2.55 1.02 25.67 -4.85 0.18
Pedestrian 0.00 0 -7.90 447.31 170.20 464.86 214.10 1.57 0.59 0.68 -5.30 1.17 26.05 -8.10 0.17
Pedestrian 0.00 0 -8.22 691.93 156.07 720.00 217.72 1.82 0.63 0.69 3.11 1.07 21.61 -8.08 0.16
Car 0.00 0 -5.08 850.78 161.12 1023.17 263.54 1.63 1.57 3.90 5.99 1.31 13.41 -4.66 0.15
Cyclist 0.00 0 -4.43 295.89 172.25 339.79 244.45 1.55 0.49 1.61 -6.44 1.36 16.27 -4.80 0.13
Cyclist 0.00 0 -4.97 468.93 165.39 496.62 214.37 1.67 0.58 1.55 -4.21 1.12 25.29 -5.14 0.12
Cyclist 0.00 0 -8.27 725.93 148.96 832.42 310.43 1.85 0.65 1.75 2.16 1.48 9.16 -8.04 0.12
Pedestrian 0.00 0 -2.75 442.10 157.68 486.67 228.10 1.79 0.64 0.97 -3.59 1.19 18.69 -2.94 0.12
Pedestrian 0.00 0 -4.43 361.38 197.56 386.21 259.20 1.12 0.36 0.33 -4.25 1.42 13.29 -4.74 0.11
Pedestrian 0.00 0 -3.90 617.37 162.45 634.02 191.82 1.87 0.62 0.89 1.57 0.66 46.26 -3.87 0.10
