Car 0.00 0 -8.06 791.58 179.61 959.52 298.99 1.53 1.67 3.86 3.95 1.66 11.51 -7.73 0.97
Car 0.00 0 -4.86 740.44 179.95 826.78 250.40 1.50 1.51 3.57 4.07 1.69 17.56 -4.63 0.90
Cyclist 0.00 0 -7.79 716.81 171.74 732.75 212.72 1.84 0.61 1.88 5.28 1.79 33.40 -7.63 0.86
Car 0.00 0 -4.46 584.67 173.26 634.39 209.14 1.86 1.72 4.28 0.00 1.89 39.78 -4.46 0.83
Car 0.00 0 -4.50 624.69 179.00 659.86 203.79 1.51 1.51 3.84 2.11 1.93 47.01 -4.45 0.59
Pedestrian 0.00 0 -5.15 1231.48 143.54 1241.00 292.12 1.81 0.65 0.77 8.51 1.45 9.25 -4.41 0.38
Car 0.00 0 -7.06 712.77 178.93 792.44 209.89 1.49 1.64 4.05 7.37 1.83 37.34 -6.86 0.31
Pedestrian 0.00 0 -8.91 1023.82 167.74 1054.60 229.68 1.80 0.56 0.58 12.64 1.65 21.33 -8.38 0.27
Pedestrian 0.00 0 -3.56 773.64 169.20 786.26 193.94 1.88 0.54 0.79 12.99 1.61 55.26 -3.33 0.23
Car 0.00 0 -8.30 823.64 177.98 901.05 215.83 1.49 1.63 3.86 10.71 1.73 31.03 -7.96 0.20
Pedestrian 0.00 0 -2.80 926.50 178.70 956.10 247.39 1.49 0.49 0.46 7.30 1.62 16.01 -2.38 0.20
Pedestrian 0.00 0 -7.56 1119.04 158.76 1147.74 220.96 1.78 0.58 0.41 15.19 1.38 21.01 -6.93 0.14
Pedestrian 0.00 0 -4.17 1197.69 158.25 1228.10 222.00 1.83 0.60 0.33 17.52 1.41 21.03 -3.48 0.14
Pedestrian 0.00 0 -3.92 1048.19 163.22 1118.64 280.46 1.66 0.68 0.55 6.89 1.52 10.61 -3.35 0.14
Car 0.00 0 -3.43 1085.03 170.95 1232.26 211.30 1.47 1.60 4.21 20.86 1.40 27.68 -2.79 0.12
Car 0.00 0 -5.33 773.65 177.35 861.15 215.60 1.51 1.62 4.00 8.84 1.72 31.22 -5.05 0.12
