Car 0.00 0 -7.16 0.00 163.77 178.85 320.71 1.81 1.68 4.00 -8.27 1.56 10.31 -7.83 0.95
Car 0.00 0 -7.83 574.58 177.32 616.01 217.13 1.55 1.62 3.31 -0.51 1.25 29.73 -7.85 0.91
Car 0.00 0 -7.66 455.92 174.13 518.08 218.19 1.68 1.71 4.41 -4.92 1.26 29.64 -7.82 0.88
Car 0.00 0 -6.96 0.00 191.18 103.25 290.53 1.44 1.67 4.01 -11.44 1.56 12.75 -7.70 0.72
Car 0.00 0 -7.25 158.45 190.74 326.83 259.83 1.41 1.62 3.91 -8.51 1.56 17.08 -7.71 0.55
Car 0.00 0 -3.03 457.70 179.24 529.01 205.89 1.47 1.61 3.82 -6.44 1.14 40.56 -3.19 0.41
Car 0.00 0 -4.80 539.13 176.48 560.37 193.82 1.52 1.56 3.94 -5.29 0.76 65.11 -4.89 0.32
Cyclist 0.00 0 -4.99 719.35 178.16 740.70 218.71 1.61 0.47 1.46 4.95 1.33 29.35 -4.83 0.13
Car 0.00 0 -4.91 614.92 177.98 646.15 200.17 1.70 1.69 4.24 1.76 1.15 57.26 -4.88 0.13
Pedestrian 0.00 0 -5.52 985.32 276.78 1116.35 375.00 1.11 0.37 0.56 2.54 1.69 4.24 -4.98 0.13
Car 0.00 0 -4.84 680.37 175.12 717.08 204.68 1.58 1.58 3.59 5.01 1.04 40.19 -4.72 0.12
Car 0.00 0 -4.30 12.62 184.73 135.38 234.56 1.44 1.62 4.09 -16.85 1.42 22.88 -4.93 0.12
Pedestrian 0.00 0 -5.50 777.63 162.55 809.71 222.95 1.93 0.66 0.77 6.03 1.21 23.49 -5.25 0.11
Car 0.00 0 -4.30 536.48 177.65 579.83 199.59 1.55 1.66 4.19 -3.63 1.02 53.07 -4.37 0.10
