Car 0.00 0 -4.03 0.00 200.11 403.11 374.00 1.55 1.68 3.90 -2.74 1.78 4.00 -4.63 0.93
Car 0.00 0 -8.26 864.13 183.08 1241.00 374.00 1.60 1.59 2.94 2.72 1.69 4.63 -7.72 0.84
Car 0.00 0 -4.57 635.62 176.83 669.64 202.57 1.62 1.70 4.09 2.86 1.89 48.14 -4.51 0.78
Pedestrian 0.00 0 -4.43 1077.98 140.23 1197.87 358.79 1.95 0.71 0.97 5.09 1.66 7.03 -3.81 0.48
Pedestrian 0.00 0 -5.22 917.35 165.01 983.87 280.89 1.85 0.68 0.82 5.58 1.73 11.98 -4.79 0.41
Pedestrian 0.00 0 -7.87 862.65 165.21 876.92 202.53 2.00 0.72 0.76 14.07 1.59 39.19 -7.52 0.33
Pedestrian 0.00 0 -7.80 29.59 171.55 122.98 369.78 1.73 0.67 0.66 -5.02 1.72 6.75 -8.44 0.23
Cyclist 0.00 0 -3.86 0.00 171.07 14.56 374.00 1.79 0.60 1.70 -5.94 1.78 5.87 -4.65 0.20
Pedestrian 0.00 0 -3.96 900.28 162.59 947.10 242.66 1.99 0.63 0.93 7.94 1.73 18.37 -3.55 0.19
Pedestrian 0.00 0 -7.96 943.25 172.95 973.97 238.46 1.92 0.75 0.81 10.42 1.93 21.68 -7.51 0.12
Pedestrian 0.00 0 -7.90 1215.93 178.48 1241.00 287.24 1.58 0.66 0.69 9.61 1.66 10.97 -7.18 0.11
Pedestrian 0.00 0 -7.75 940.59 163.80 956.19 205.75 1.89 0.60 0.43 15.34 1.48 32.79 -7.32 0.11
