Car 0.00 0 -4.47 418.05 187.62 514.99 250.61 1.43 1.62 3.98 -3.76 1.87 19.35 -4.66 0.98
Car 0.00 0 -4.62 481.92 182.30 536.27 227.98 1.48 1.59 4.09 -3.64 1.85 26.26 -4.76 0.89
Car 0.00 0 -7.94 605.20 178.92 650.09 218.50 1.52 1.56 3.29 0.64 1.79 29.94 -7.92 0.87
Car 0.00 0 -4.58 518.33 176.84 557.99 209.00 1.59 1.54 4.12 -3.78 1.81 38.17 -4.67 0.71
Car 0.00 0 -4.73 551.18 173.64 573.70 195.69 1.57 1.61 4.03 -3.59 1.63 53.66 -4.79 0.40
Car 0.00 0 -7.28 1185.64 119.62 1241.00 374.00 1.65 1.71 4.45 5.26 1.51 2.95 -6.22 0.34
Pedestrian 0.00 0 -4.41 178.08 170.38 241.72 289.11 1.88 0.67 0.98 -6.67 1.84 11.97 -4.92 0.30
Pedestrian 0.00 0 -4.33 425.93 184.70 446.26 226.43 1.51 0.58 0.51 -6.46 1.96 26.64 -4.56 0.19
Pedestrian 0.00 0 -3.72 1148.45 147.26 1241.00 350.81 1.78 0.69 0.82 5.61 1.56 6.71 -3.03 0.19
Pedestrian 0.00 0 -7.04 444.83 174.81 456.48 204.97 1.82 0.55 0.43 -9.72 1.94 43.86 -7.25 0.16
Cyclist 0.00 0 -7.86 670.52 174.48 677.77 201.59 1.56 0.41 1.52 3.74 1.66 42.51 -7.78 0.16
Pedestrian 0.00 0 -4.04 97.97 171.03 170.41 288.70 1.85 0.57 0.88 -7.83 1.82 11.82 -4.62 0.14
Car 0.00 0 -5.08 685.88 174.10 746.57 209.98 1.59 1.53 3.89 4.92 1.65 34.18 -4.94 0.13
Pedestrian 0.00 0 -5.43 0.00 164.72 30.55 341.72 1.88 0.64 0.89 -7.19 1.79 8.02 -6.17 0.12
Pedestrian 0.00 0 -6.18 107.09 174.06 140.26 278.37 1.85 0.64 0.44 -8.92 1.87 13.17 -6.77 0.11
Pedestrian 0.00 0 -2.01 157.85 192.29 205.25 271.18 1.61 0.64 0.68 -9.19 2.04 15.39 -2.55 0.11
Pedestrian 0.00 0 -4.81 928.18 164.82 1018.01 374.00 1.80 0.61 0.81 3.05 1.73 6.22 -4.36 0.10
Car 0.00 0 -7.76 650.46 180.58 691.54 215.89 1.42 1.49 3.41 2.68 1.78 31.63 -7.68 0.10
Pedestrian 0.00 0 -7.95 782.37 168.63 804.72 223.81 1.86 0.68 0.72 6.24 1.72 24.72 -7.70 0.10
