Pedestrian 0.00 0 -8.22 648.54 171.52 689.02 242.94 1.64 0.69 0.86 1.55 1.41 16.97 -8.13 0.89
Pedestrian 0.00 0 -5.20 735.75 160.51 828.77 339.29 1.74 0.63 0.80 1.81 1.54 7.46 -4.96 0.88
Pedestrian 0.00 0 -8.21 825.06 158.56 929.42 333.04 1.75 0.76 0.91 2.86 1.52 7.65 -7.85 0.86
Pedestrian 0.00 0 -2.33 349.70 171.49 418.87 276.48 1.72 0.69 0.92 -3.76 1.56 12.31 -2.63 0.82
Car 0.00 0 -4.66 530.34 171.56 562.79 199.96 1.62 1.75 4.16 -3.24 1.06 43.14 -4.74 0.74
Pedestrian 0.00 0 -1.97 0.00 176.59 100.51 349.59 1.70 0.67 1.01 -5.99 1.66 7.60 -2.63 0.74
Pedestrian 0.00 0 -4.63 398.01 173.18 429.35 249.62 1.75 0.65 0.92 -4.47 1.56 16.99 -4.89 0.74
Pedestrian 0.00 0 -3.49 1064.09 145.22 1185.73 298.47 1.78 0.74 1.01 6.36 1.36 8.84 -2.87 0.68
Cyclist 0.00 0 -4.35 420.35 171.87 473.01 252.39 1.75 0.60 1.79 -3.57 1.54 16.54 -4.56 0.66
Pedestrian 0.00 0 -8.14 842.72 161.29 901.28 274.77 1.72 0.68 0.70 4.17 1.41 11.23 -7.78 0.63
Car 0.00 0 -5.34 94.07 181.34 240.89 245.59 1.69 1.69 3.73 -12.32 1.68 20.34 -5.88 0.62
Pedestrian 0.00 0 -4.52 995.87 151.41 1053.75 274.69 1.76 0.61 0.79 6.30 1.33 10.75 -3.99 0.60
Pedestrian 0.00 0 -3.70 913.98 163.20 942.56 230.49 1.63 0.45 0.47 8.01 1.19 17.69 -3.27 0.52
Pedestrian 0.00 0 -8.33 358.63 170.63 383.95 221.42 1.82 0.60 0.76 -8.44 1.43 26.26 -8.64 0.49
Pedestrian 0.00 0 -8.07 622.01 171.87 647.40 229.49 1.67 0.60 0.75 0.95 1.39 21.18 -8.03 0.48
Pedestrian 0.00 0 -4.55 0.00 172.14 11.52 373.00 1.75 0.68 0.88 -5.35 1.68 5.85 -5.29 0.47
Cyclist 0.00 0 -7.47 1145.02 143.79 1237.00 289.51 1.75 0.55 1.76 7.76 1.30 9.29 -6.77 0.43
Car 0.00 0 -7.94 565.37 171.39 595.28 196.46 1.61 1.65 4.19 -1.45 0.96 48.23 -7.97 0.42
Car 0.00 0 -4.63 465.75 168.79 513.49 213.93 1.82 1.69 4.35 -4.80 1.31 31.20 -4.78 0.40
Pedestrian 0.00 0 -2.66 588.97 170.80 609.36 203.29 1.71 0.54 0.94 -0.12 1.15 38.27 -2.67 0.28
Cyclist 0.00 0 -8.01 395.46 175.51 406.97 203.24 1.60 0.40 1.62 -11.80 1.26 42.33 -8.29 0.24
Pedestrian 0.00 0 -2.02 228.67 173.62 263.32 240.12 1.83 0.61 0.74 -10.04 1.61 20.23 -2.48 0.22
Pedestrian 0.00 0 -6.43 900.80 155.26 931.09 225.63 1.82 0.66 0.64 8.26 1.14 18.96 -6.02 0.21
Pedestrian 0.00 0 -4.75 1125.52 133.77 1177.57 252.29 1.85 0.64 0.92 8.97 1.11 11.79 -4.10 0.21
Cyclist 0.00 0 -8.62 1195.30 156.12 1237.00 269.29 1.58 0.51 1.61 9.84 1.22 10.82 -7.88 0.20
Pedestrian 0.00 0 -2.91 968.61 167.43 1037.89 280.54 1.55 0.59 0.76 5.74 1.36 10.34 -2.41 0.20
Pedestrian 0.00 0 -8.44 664.11 168.90 692.36 220.42 1.72 0.60 0.82 2.59 1.30 24.51 -8.33 0.19
Pedestrian 0.00 0 -4.90 569.43 170.41 577.85 193.71 1.85 0.55 0.73 -2.20 0.97 57.42 -4.94 0.18
Pedestrian 0.00 0 -7.79 877.77 168.65 902.18 226.98 1.57 0.59 0.56 7.87 1.22 19.67 -7.41 0.18
Cyclist 0.00 0 -6.54 1216.13 104.73 1237.00 168.30 1.82 0.63 1.69 19.53 -0.41 21.48 -5.80 0.18
Cyclist 0.00 0 -7.71 930.18 158.34 981.83 255.45 1.69 0.63 1.71 6.58 1.29 13.36 -7.25 0.17
Pedestrian 0.00 0 -4.79 287.77 174.12 314.56 239.31 1.78 0.63 0.82 -8.46 1.58 20.15 -5.19 0.16
Pedestrian 0.00 0 -7.13 698.54 171.14 733.21 229.30 1.60 0.60 0.78 3.20 1.32 20.27 -6.97 0.15
Cyclist 0.00 0 -4.47 586.56 169.75 603.94 199.28 1.71 0.65 1.63 -0.35 1.03 42.38 -4.48 0.15
Car 0.00 0 -7.45 130.73 182.93 200.76 213.12 1.45 1.62 4.00 -22.18 1.53 36.72 -7.99 0.15
Pedestrian 0.00 0 -6.57 262.78 165.54 284.99 208.16 1.90 0.65 0.76 -14.85 1.19 32.53 -7.00 0.14
Car 0.00 0 -4.69 578.63 171.81 600.51 193.72 1.62 1.59 4.02 -0.86 0.90 55.05 -4.71 0.14
Car 0.00 0 -4.56 423.43 164.20 500.88 225.88 1.91 1.90 4.56 -4.66 1.38 24.56 -4.74 0.14
Pedestrian 0.00 0 -5.30 393.37 169.66 420.71 219.34 1.79 0.69 0.71 -7.16 1.37 26.40 -5.56 0.13
Car 0.00 0 -8.01 605.72 160.66 629.91 179.13 1.70 1.69 4.18 1.58 -0.24 69.03 -7.99 0.12
Pedestrian 0.00 0 -4.49 1018.29 147.94 1070.24 249.58 1.71 0.62 0.77 7.71 1.15 12.57 -3.94 0.12
Pedestrian 0.00 0 -3.24 714.48 160.54 740.70 218.22 1.91 0.59 0.81 4.21 1.22 24.16 -3.07 0.12
Pedestrian 0.00 0 -6.57 1065.59 146.89 1131.38 253.88 1.77 0.58 0.79 8.43 1.20 12.27 -5.97 0.12
Pedestrian 0.00 0 -7.90 275.90 165.43 293.79 213.19 1.93 0.64 0.64 -12.97 1.28 29.39 -8.31 0.11
Pedestrian 0.00 0 -4.94 719.48 186.20 742.81 240.38 1.29 0.45 0.50 3.10 1.41 17.40 -4.77 0.11
Pedestrian 0.00 0 -3.79 1231.56 106.57 1237.00 176.60 1.77 0.59 0.71 16.87 -0.13 18.56 -3.05 0.11
Cyclist 0.00 0 -8.16 647.24 169.08 664.59 201.82 1.71 0.43 1.70 2.89 1.06 38.30 -8.08 0.11
Pedestrian 0.00 0 -4.01 1121.27 138.67 1136.42 179.68 1.85 0.50 0.27 24.00 -0.08 32.71 -3.38 0.10
Pedestrian 0.00 0 -4.24 1009.54 135.62 1065.33 228.91 1.85 0.66 0.86 8.90 0.94 14.73 -3.69 0.10
