Car 0.00 0 -7.65 408.49 184.67 520.23 266.67 1.44 1.54 3.71 -2.95 1.72 15.09 -7.84 0.96
Car 0.00 0 -4.29 63.67 169.32 435.40 374.00 1.72 1.65 4.13 -3.15 1.69 7.26 -4.70 0.91
Car 0.00 0 -4.77 637.72 180.18 679.81 215.60 1.44 1.64 3.73 2.06 1.78 31.92 -4.70 0.88
Car 0.00 0 -4.61 550.21 170.92 580.63 199.62 1.93 1.71 4.25 -3.11 1.80 50.63 -4.67 0.84
Car 0.00 0 -7.90 631.66 172.22 658.50 198.09 1.73 1.69 4.30 2.38 1.69 50.44 -7.85 0.67
Car 0.00 0 -7.96 511.00 179.90 540.75 203.09 1.42 1.55 3.72 -5.59 1.90 47.41 -8.08 0.65
Car 0.00 0 -5.95 240.41 183.68 406.84 250.96 1.56 1.49 3.53 -7.03 1.84 17.83 -6.32 0.39
Pedestrian 0.00 0 -4.65 19.53 165.86 106.98 351.32 1.68 0.63 0.80 -5.37 1.62 7.05 -5.30 0.38
Pedestrian 0.00 0 -7.35 217.19 173.92 254.53 245.15 1.77 0.65 0.56 -9.50 1.80 18.24 -7.83 0.35
Pedestrian 0.00 0 -7.88 417.72 173.62 443.30 236.04 1.83 0.72 0.71 -5.42 1.85 21.57 -8.13 0.33
Pedestrian 0.00 0 -5.72 678.77 174.22 696.23 204.00 1.74 0.60 0.84 4.56 1.83 42.77 -5.62 0.33
Pedestrian 0.00 0 -8.22 1076.69 165.02 1131.19 262.63 1.77 0.67 0.60 9.15 1.63 13.46 -7.63 0.27
Car 0.00 0 -4.41 563.66 173.99 596.86 194.66 1.62 1.62 3.91 -2.42 1.72 59.00 -4.45 0.25
Cyclist 0.00 0 -9.00 1157.83 158.89 1241.00 241.45 1.76 0.64 1.66 13.39 1.46 16.23 -8.31 0.23
Cyclist 0.00 0 -2.56 380.17 174.89 429.65 223.39 1.78 0.67 1.69 -7.73 1.85 27.04 -2.84 0.21
Pedestrian 0.00 0 -7.44 193.47 169.06 259.61 292.63 1.73 0.72 0.46 -5.55 1.68 10.36 -7.93 0.21
Pedestrian 0.00 0 -4.07 758.88 171.13 772.28 213.86 1.80 0.46 0.31 6.55 1.72 30.59 -3.86 0.18
Pedestrian 0.00 0 -5.18 718.36 174.77 741.93 220.70 1.78 0.69 0.66 4.69 1.86 28.42 -5.02 0.18
Pedestrian 0.00 0 -5.65 145.56 173.66 192.30 257.80 1.73 0.62 0.59 -9.33 1.75 15.20 -6.20 0.15
Pedestrian 0.00 0 -8.14 743.35 172.94 759.65 211.12 1.79 0.65 0.46 6.64 1.79 34.06 -7.94 0.14
Pedestrian 0.00 0 -3.41 670.60 173.58 682.20 202.42 1.80 0.61 0.59 4.14 1.85 45.38 -3.31 0.13
Car 0.00 0 -4.81 649.51 180.07 687.30 208.52 1.44 1.67 4.16 3.13 1.86 39.74 -4.73 0.11
Pedestrian 0.00 0 -6.60 1119.66 171.36 1241.04 370.37 1.68 0.53 0.73 5.03 1.67 6.47 -5.94 0.10
