Car 0.00 0 -4.04 0.00 204.88 318.88 374.00 1.56 1.54 3.77 -2.79 1.78 3.17 -4.76 0.41
Car 0.00 0 -6.93 1018.15 185.35 1116.05 216.79 1.49 1.63 3.94 22.75 2.14 36.04 -6.36 0.18
Pedestrian 0.00 0 -4.62 992.20 179.11 1013.24 231.13 1.79 0.60 0.61 13.77 2.02 25.39 -4.12 0.18
Pedestrian 0.00 0 -8.09 751.23 173.38 764.49 203.46 1.80 0.61 0.81 8.89 1.83 43.54 -7.89 0.17
Car 0.00 0 -8.01 642.39 178.35 686.47 208.11 1.45 1.66 4.31 2.78 1.76 38.17 -7.94 0.17
Pedestrian 0.00 0 -2.89 932.18 174.61 955.26 222.73 1.82 0.56 0.69 12.77 1.89 27.71 -2.46 0.17
Pedestrian 0.00 0 -7.87 1061.62 175.52 1082.40 224.41 1.93 0.69 0.70 18.52 2.04 28.99 -7.30 0.11
Pedestrian 0.00 0 -3.05 954.50 180.70 1098.76 374.00 1.64 0.52 0.69 2.39 1.69 4.24 -2.54 0.11
Pedestrian 0.00 0 -7.35 1019.06 179.31 1037.75 221.02 1.82 0.57 0.44 18.47 2.11 31.93 -6.83 0.11
Pedestrian 0.00 0 -5.55 1103.89 168.27 1144.65 233.79 1.91 0.66 0.73 15.23 1.77 21.44 -4.93 0.10
