Car 0.00 0 -4.40 201.24 184.51 432.81 330.83 1.55 1.73 4.21 -3.83 1.75 10.15 -4.76 0.95
Car 0.00 0 -4.82 649.04 182.26 724.55 245.51 1.59 1.71 3.95 2.05 1.88 20.68 -4.72 0.95
Car 0.00 0 -4.56 468.08 186.59 531.40 230.62 1.43 1.69 4.51 -4.09 1.99 27.14 -4.71 0.90
Car 0.00 0 -7.99 630.23 185.29 685.96 228.08 1.45 1.62 3.68 1.72 1.95 27.42 -7.93 0.87
Car 0.00 0 -4.73 513.19 183.82 540.62 212.73 1.55 1.51 3.74 -4.93 2.23 42.22 -4.85 0.71
Car 0.00 0 -7.35 479.06 186.46 545.41 222.48 1.54 1.60 3.58 -4.62 2.22 34.26 -7.49 0.23
Car 0.00 0 -8.22 506.69 183.80 550.54 208.38 1.53 1.61 4.04 -5.60 2.31 49.04 -8.34 0.23
Pedestrian 0.00 0 -5.17 785.82 173.18 822.76 244.80 1.84 0.62 0.88 5.08 1.85 19.07 -4.91 0.22
Car 0.00 0 -4.67 608.04 180.91 627.33 198.91 1.58 1.64 3.85 0.72 2.35 67.02 -4.66 0.21
Car 0.00 0 -4.82 612.74 182.23 644.64 207.25 1.49 1.62 4.18 1.14 2.13 46.87 -4.80 0.20
Car 0.00 0 -9.04 1118.08 185.38 1241.00 299.53 1.48 1.65 4.02 11.05 1.73 12.02 -8.30 0.17
Car 0.00 0 -4.80 622.12 183.38 666.61 221.03 1.55 1.65 4.03 1.46 2.05 32.81 -4.76 0.13
Pedestrian 0.00 0 -3.90 883.09 175.55 940.95 278.69 1.78 0.64 0.71 5.35 1.83 12.93 -3.51 0.13
Pedestrian 0.00 0 -4.92 801.95 175.66 835.46 250.94 1.80 0.63 0.85 5.07 1.87 17.74 -4.64 0.13
Pedestrian 0.00 0 -5.00 919.08 189.62 948.07 248.20 1.46 0.53 0.58 8.21 1.89 18.44 -4.58 0.13
Car 0.00 0 -5.23 1047.16 195.23 1241.00 374.00 1.45 1.52 3.73 6.17 1.75 7.58 -4.55 0.12
Pedestrian 0.00 0 -7.46 1174.13 149.72 1211.75 228.46 1.81 0.58 0.40 13.66 1.28 16.98 -6.78 0.11
Cyclist 0.00 0 -8.12 710.11 185.19 726.78 222.40 1.57 0.34 1.50 4.73 2.13 31.79 -7.97 0.11
