Pedestrian 0.00 0 -4.54 409.75 175.74 448.90 270.32 1.73 0.59 0.84 -3.27 1.62 13.54 -4.78 0.77
Pedestrian 0.00 0 -4.81 932.51 168.29 1017.16 333.49 1.75 0.77 0.83 4.15 1.61 8.14 -4.33 0.77
Pedestrian 0.00 0 -7.39 0.00 184.79 113.56 373.00 1.65 0.61 0.85 -4.99 1.68 6.48 -8.05 0.75
Pedestrian 0.00 0 -5.95 621.43 179.08 645.04 223.22 1.81 0.61 0.83 1.31 1.71 29.93 -5.90 0.71
Pedestrian 0.00 0 -3.66 514.84 183.37 540.37 238.80 1.65 0.55 0.57 -2.27 1.71 21.82 -3.77 0.62
Pedestrian 0.00 0 -5.95 252.40 170.99 315.81 262.49 1.86 0.58 1.08 -6.61 1.65 14.92 -6.37 0.50
Pedestrian 0.00 0 -8.07 573.67 182.41 598.98 225.29 1.68 0.80 1.09 -0.63 1.72 28.88 -8.10 0.49
Pedestrian 0.00 0 -7.45 677.09 181.80 707.80 228.16 1.64 0.80 0.93 3.28 1.65 25.99 -7.32 0.48
Pedestrian 0.00 0 -7.71 591.53 183.85 607.96 222.99 1.69 0.61 0.87 -0.08 1.80 31.59 -7.72 0.45
Pedestrian 0.00 0 -7.60 363.34 186.65 408.56 260.97 1.54 0.76 0.74 -4.61 1.65 15.30 -7.89 0.34
Pedestrian 0.00 0 -2.72 422.43 175.76 459.28 244.12 1.80 0.61 0.79 -4.35 1.65 19.33 -2.94 0.32
Cyclist 0.00 0 -4.33 602.97 183.60 624.11 215.43 1.63 0.48 1.78 0.64 1.74 37.73 -4.31 0.31
Pedestrian 0.00 0 -5.28 307.37 155.22 407.87 338.51 1.93 0.66 0.96 -2.80 1.65 8.10 -5.61 0.28
Pedestrian 0.00 0 -3.75 634.18 178.45 648.37 210.23 1.81 0.58 0.59 2.29 1.64 41.28 -3.69 0.26
Pedestrian 0.00 0 -4.62 17.27 162.70 90.82 311.98 1.86 0.70 0.78 -7.24 1.63 9.47 -5.27 0.23
Pedestrian 0.00 0 -6.67 542.85 180.39 559.30 217.49 1.84 0.68 0.61 -2.54 1.79 36.10 -6.74 0.23
Cyclist 0.00 0 -4.11 459.80 184.57 501.90 237.99 1.65 0.54 1.58 -3.90 1.76 23.16 -4.28 0.21
Cyclist 0.00 0 -3.34 651.30 177.21 684.43 210.65 1.85 0.62 1.76 3.72 1.62 40.25 -3.24 0.21
Cyclist 0.00 0 -2.17 153.38 167.37 196.36 215.32 1.79 0.63 1.59 -16.33 1.26 27.46 -2.70 0.17
Car 0.00 0 -4.99 700.31 184.37 796.76 242.36 1.53 1.66 4.30 4.20 1.62 21.31 -4.79 0.17
Pedestrian 0.00 0 -7.56 393.42 175.15 429.30 249.37 1.83 0.68 0.79 -4.82 1.68 18.13 -7.82 0.16
Car 0.00 0 -8.26 1016.57 171.92 1237.00 371.46 1.58 1.68 4.37 6.21 1.51 8.02 -7.60 0.15
Pedestrian 0.00 0 -6.40 802.20 155.51 924.03 368.12 1.92 0.43 1.04 2.41 1.69 6.82 -6.06 0.14
Car 0.00 0 -3.32 612.54 180.08 683.30 208.06 1.76 1.75 4.31 2.98 1.67 46.35 -3.26 0.12
Pedestrian 0.00 0 -6.43 644.87 174.79 656.95 201.61 1.94 0.55 0.81 3.62 1.46 52.39 -6.36 0.11
Pedestrian 0.00 0 -3.99 190.45 182.34 219.70 236.61 1.77 0.57 0.64 -13.19 1.80 23.87 -4.49 0.11
Car 0.00 0 -4.92 790.78 181.79 862.07 230.60 1.56 1.55 3.98 7.71 1.57 25.00 -4.62 0.11
