Car 0.00 0 -8.06 671.98 177.81 781.38 259.75 1.63 1.65 4.03 2.50 1.76 16.70 -7.91 0.97
Car 0.00 0 -7.99 605.04 177.53 632.79 200.00 1.61 1.63 3.47 0.61 1.97 54.21 -7.98 0.70
Car 0.00 0 -2.89 336.45 189.50 476.20 236.44 1.42 1.55 4.07 -6.52 1.98 23.23 -3.16 0.55
Car 0.00 0 -2.83 278.12 175.77 433.08 240.45 1.76 1.63 3.86 -7.23 1.85 20.62 -3.17 0.55
Car 0.00 0 -2.91 385.11 181.66 478.17 218.12 1.60 1.60 3.85 -8.11 2.01 32.85 -3.15 0.43
Car 0.00 0 -7.67 253.09 181.22 406.48 306.03 1.60 1.59 3.65 -4.30 1.76 11.46 -8.03 0.43
Car 0.00 0 -6.07 273.86 182.67 446.34 250.85 1.59 1.60 3.85 -6.21 1.85 18.15 -6.40 0.42
Pedestrian 0.00 0 -3.15 1028.06 128.87 1046.09 187.37 1.80 0.61 0.48 13.31 0.45 22.57 -2.61 0.35
Car 0.00 0 -7.67 340.83 184.39 441.30 264.94 1.53 1.53 3.23 -4.75 1.81 15.87 -7.96 0.35
Cyclist 0.00 0 -8.03 767.33 178.50 803.28 250.94 1.68 0.55 1.81 4.25 1.83 17.79 -7.79 0.32
Car 0.00 0 -8.50 670.58 177.96 730.35 206.24 1.54 1.56 3.66 5.17 1.85 41.91 -8.37 0.29
Car 0.00 0 -2.99 372.56 186.87 491.80 225.97 1.42 1.62 4.29 -6.85 1.99 27.96 -3.23 0.29
Cyclist 0.00 0 -7.57 49.36 178.59 81.69 233.49 1.66 0.38 1.66 -17.29 1.85 22.88 -8.22 0.22
Car 0.00 0 -2.86 343.08 185.75 470.61 229.57 1.48 1.66 4.08 -7.23 1.96 25.77 -3.13 0.18
Car 0.00 0 -4.54 491.39 179.73 522.41 203.69 1.58 1.56 3.62 -7.21 2.08 50.54 -4.68 0.18
Pedestrian 0.00 0 -4.01 1226.66 148.97 1241.00 374.00 1.88 0.65 0.89 4.92 1.73 4.98 -3.23 0.17
Car 0.00 0 -4.92 588.38 176.77 614.80 194.88 1.52 1.56 3.96 -0.80 1.88 63.69 -4.93 0.16
Pedestrian 0.00 0 -4.96 237.03 169.71 257.92 217.94 2.04 0.66 0.68 -15.61 1.91 30.98 -5.42 0.16
Car 0.00 0 -4.83 501.64 179.70 524.41 197.44 1.46 1.54 3.66 -8.49 2.07 62.80 -4.96 0.14
Car 0.00 0 -6.14 419.11 172.78 513.77 211.00 1.93 1.75 4.61 -7.41 1.92 37.37 -6.34 0.13
Car 0.00 0 -8.50 1237.21 190.29 1241.00 311.90 1.41 1.53 3.74 11.56 1.72 10.88 -7.69 0.10
