Car 0.00 0 -8.19 736.74 144.53 957.72 311.99 1.90 1.63 4.02 3.14 1.48 10.20 -7.89 0.97
Pedestrian 0.00 0 -3.31 306.14 166.70 362.42 262.92 1.80 0.59 0.94 -5.21 1.52 13.91 -3.66 0.71
Pedestrian 0.00 0 -4.81 521.51 170.66 545.09 216.51 1.70 0.80 0.90 -2.61 1.30 27.21 -4.91 0.59
Pedestrian 0.00 0 -7.65 454.16 182.20 499.54 267.85 1.49 0.65 0.87 -2.28 1.51 12.99 -7.82 0.52
Pedestrian 0.00 0 -3.48 1151.49 132.02 1237.00 266.44 1.90 0.65 0.84 8.69 1.20 10.59 -2.79 0.51
Pedestrian 0.00 0 -7.40 321.05 164.73 373.93 266.74 1.80 0.55 0.97 -4.68 1.50 13.17 -7.74 0.43
Cyclist 0.00 0 -8.73 1090.14 183.67 1237.00 373.00 1.59 0.62 1.74 2.78 1.61 2.77 -7.94 0.37
Cyclist 0.00 0 -8.11 633.03 170.87 649.38 204.27 1.67 0.41 1.69 2.02 1.14 36.77 -8.06 0.27
Car 0.00 0 -7.80 525.41 177.51 560.05 207.08 1.41 1.56 3.66 -2.92 1.22 36.22 -7.88 0.26
Cyclist 0.00 0 -6.84 689.25 166.92 728.10 203.31 1.78 0.65 1.85 5.33 1.07 35.72 -6.69 0.26
Pedestrian 0.00 0 -7.82 661.36 165.78 672.60 198.64 1.87 0.62 0.55 3.76 0.98 41.16 -7.73 0.25
Pedestrian 0.00 0 -5.25 900.09 143.79 949.29 232.83 1.98 0.78 0.69 7.34 1.15 16.40 -4.83 0.21
Pedestrian 0.00 0 -7.48 655.87 174.00 679.27 216.74 1.58 0.69 0.64 2.47 1.30 27.01 -7.39 0.17
Pedestrian 0.00 0 -8.22 702.88 173.29 733.16 228.25 1.57 0.69 0.62 3.36 1.34 20.91 -8.06 0.17
Pedestrian 0.00 0 -3.65 909.70 153.74 966.83 245.42 1.81 0.61 0.85 6.75 1.26 14.51 -3.21 0.15
Pedestrian 0.00 0 -4.51 1115.96 141.04 1177.91 259.83 1.81 0.65 0.78 8.65 1.20 11.45 -3.86 0.15
Pedestrian 0.00 0 -7.26 647.22 175.61 669.69 215.45 1.55 0.58 0.72 2.23 1.32 28.35 -7.18 0.15
Car 0.00 0 -8.42 462.75 169.44 510.68 195.25 1.84 1.69 3.88 -8.52 0.98 53.29 -8.58 0.15
Pedestrian 0.00 0 -9.08 1150.10 147.22 1194.57 237.97 1.73 0.61 0.51 11.17 1.08 14.11 -8.41 0.13
Car 0.00 0 -8.48 945.57 179.60 1235.30 292.06 1.36 1.51 3.88 6.83 1.34 10.66 -7.91 0.12
Pedestrian 0.00 0 -4.28 303.79 160.63 346.21 248.41 1.90 0.67 0.65 -6.15 1.45 15.91 -4.65 0.12
Car 0.00 0 -3.30 476.42 175.42 541.96 199.05 1.59 1.69 4.30 -6.40 1.18 49.83 -3.43 0.11
Pedestrian 0.00 0 -5.37 0.00 154.94 57.59 349.71 1.85 0.61 0.85 -6.14 1.60 7.20 -6.08 0.11
Pedestrian 0.00 0 -3.57 966.63 145.61 1163.18 373.00 1.76 0.58 0.81 2.66 1.56 4.28 -3.01 0.11
Pedestrian 0.00 0 -5.61 549.02 162.60 560.10 184.50 1.86 0.51 0.80 -3.98 0.26 61.51 -5.67 0.10
