Car 0.00 0 -4.48 273.31 155.87 487.59 343.54 1.93 1.69 4.24 -2.66 1.67 9.54 -4.75 0.81
Pedestrian 0.00 0 -7.89 760.88 164.31 781.86 224.04 1.87 0.62 0.86 5.39 1.33 22.92 -7.65 0.53
Pedestrian 0.00 0 -7.38 694.82 169.11 736.13 248.23 1.76 0.62 0.84 2.58 1.48 16.46 -7.23 0.53
Car 0.00 0 -6.41 648.18 171.09 735.48 206.71 1.82 1.76 4.35 4.68 1.29 37.66 -6.28 0.45
Car 0.00 0 -4.79 639.57 178.87 665.59 201.34 1.54 1.55 3.46 3.60 1.36 50.82 -4.72 0.43
Cyclist 0.00 0 -8.09 683.75 174.18 713.14 235.15 1.67 0.44 1.69 2.74 1.48 20.60 -7.96 0.39
Car 0.00 0 -3.95 0.00 136.87 36.65 197.44 1.44 1.63 4.05 -17.53 0.38 19.16 -4.69 0.36
Pedestrian 0.00 0 -7.98 531.62 175.75 544.61 206.22 1.81 0.67 0.88 -3.80 1.47 43.14 -8.06 0.36
Car 0.00 0 -3.11 533.18 179.01 583.22 200.48 1.66 1.74 3.86 -3.34 1.46 56.29 -3.17 0.33
Pedestrian 0.00 0 -7.44 497.09 184.94 531.21 238.50 1.53 0.75 0.75 -2.57 1.63 20.98 -7.56 0.25
Pedestrian 0.00 0 -8.08 551.45 177.24 566.08 207.62 1.73 0.69 0.75 -2.47 1.49 41.48 -8.14 0.23
Pedestrian 0.00 0 -5.76 513.87 175.78 531.26 207.35 1.85 0.57 0.85 -4.66 1.51 42.49 -5.87 0.19
Pedestrian 0.00 0 -4.48 521.26 174.98 534.05 207.42 1.87 0.65 0.47 -4.27 1.49 41.59 -4.59 0.18
Car 0.00 0 -3.95 0.00 10.31 336.10 373.00 1.92 1.79 4.32 -2.86 1.73 3.00 -4.71 0.17
Cyclist 0.00 0 -8.45 1133.87 133.66 1237.00 359.28 1.78 0.51 1.68 5.59 1.40 6.52 -7.74 0.16
Car 0.00 0 -6.16 727.11 172.49 812.03 203.38 1.55 1.69 4.15 8.79 1.10 37.57 -5.93 0.15
Pedestrian 0.00 0 -4.68 785.30 164.07 808.54 231.22 1.82 0.60 0.87 5.42 1.35 20.01 -4.42 0.14
