Pedestrian 0.00 0 -2.71 447.40 154.33 600.29 373.00 1.84 0.66 1.12 -0.70 1.63 6.10 -2.82 0.85
Pedestrian 0.00 0 -4.79 248.29 175.00 305.12 314.58 1.70 0.59 0.96 -4.27 1.62 9.32 -5.22 0.75
Pedestrian 0.00 0 -5.00 336.83 169.95 424.37 346.20 1.73 0.63 0.99 -2.41 1.62 7.64 -5.30 0.72
Pedestrian 0.00 0 -5.69 406.22 160.82 468.06 269.60 1.86 0.61 0.88 -2.94 1.50 12.69 -5.91 0.70
Cyclist 0.00 0 -4.73 494.21 165.35 509.96 212.18 1.76 0.56 1.73 -3.89 1.16 27.92 -4.87 0.66
Pedestrian 0.00 0 -7.28 245.78 161.16 306.90 263.16 1.90 0.73 0.85 -6.28 1.52 13.82 -7.71 0.57
Pedestrian 0.00 0 -4.67 647.82 164.74 666.68 215.39 1.77 0.64 0.94 1.98 1.19 25.65 -4.60 0.56
Pedestrian 0.00 0 -2.43 359.57 171.79 437.99 314.79 1.71 0.53 0.79 -2.58 1.59 8.99 -2.71 0.52
Pedestrian 0.00 0 -7.62 344.70 167.89 379.08 239.23 1.76 0.69 0.65 -6.05 1.43 18.07 -7.94 0.51
Pedestrian 0.00 0 -5.46 311.03 168.16 362.54 264.84 1.76 0.67 0.62 -5.02 1.52 13.53 -5.81 0.50
Pedestrian 0.00 0 -8.06 436.50 165.79 495.54 296.64 1.72 0.65 0.77 -1.93 1.52 9.93 -8.25 0.49
Car 0.00 0 -4.39 347.98 178.68 475.49 253.46 1.50 1.59 4.23 -4.24 1.45 16.62 -4.64 0.48
Cyclist 0.00 0 -4.06 1166.74 153.92 1237.00 237.17 1.55 0.61 1.69 11.84 1.04 13.84 -3.35 0.42
Pedestrian 0.00 0 -5.71 663.47 167.40 690.18 212.75 1.66 0.64 0.77 2.79 1.15 26.81 -5.60 0.37
Pedestrian 0.00 0 -3.62 667.24 162.31 700.33 216.39 1.82 0.56 0.97 2.79 1.17 24.54 -3.51 0.32
Cyclist 0.00 0 -7.82 887.57 163.48 905.58 225.10 1.60 0.40 1.63 7.97 1.13 19.44 -7.43 0.32
Pedestrian 0.00 0 -4.51 118.55 167.75 229.39 371.68 1.74 0.71 0.92 -3.98 1.62 6.67 -5.04 0.31
Pedestrian 0.00 0 -2.38 490.27 174.66 584.25 347.11 1.67 0.50 0.86 -0.71 1.60 7.40 -2.47 0.29
Pedestrian 0.00 0 -4.43 497.14 167.46 558.03 295.30 1.73 0.66 0.80 -1.08 1.54 10.18 -4.53 0.29
Pedestrian 0.00 0 -4.54 572.27 164.63 595.25 212.07 1.76 0.72 0.92 -0.68 1.13 27.11 -4.57 0.29
Pedestrian 0.00 0 -7.50 294.99 172.33 331.49 238.16 1.75 0.77 0.55 -7.79 1.51 19.36 -7.88 0.28
Pedestrian 0.00 0 -5.50 434.71 167.67 458.30 216.88 1.71 0.64 0.52 -5.50 1.23 25.38 -5.72 0.26
Pedestrian 0.00 0 -4.42 609.20 160.80 638.34 225.36 1.80 0.61 0.84 0.61 1.22 20.51 -4.39 0.26
Pedestrian 0.00 0 -2.30 333.27 176.28 384.54 271.53 1.63 0.52 0.71 -4.33 1.54 12.70 -2.63 0.25
Cyclist 0.00 0 -2.82 604.35 167.28 668.19 226.69 1.70 0.71 1.75 1.00 1.29 21.20 -2.77 0.25
Pedestrian 0.00 0 -5.49 520.75 166.17 537.61 196.33 1.89 0.56 0.94 -4.56 0.93 45.41 -5.59 0.25
Pedestrian 0.00 0 -4.64 620.82 178.98 653.68 240.78 1.45 0.74 0.67 0.83 1.39 17.25 -4.59 0.23
Cyclist 0.00 0 -6.35 532.93 162.99 580.39 208.61 1.78 0.61 1.83 -1.79 1.06 28.38 -6.42 0.22
Pedestrian 0.00 0 -5.35 351.59 162.69 416.73 282.99 1.80 0.57 0.86 -3.45 1.52 11.25 -5.65 0.22
Cyclist 0.00 0 -8.15 606.49 165.77 642.35 233.63 1.72 0.46 1.76 0.56 1.32 19.09 -8.12 0.19
Pedestrian 0.00 0 -7.71 292.48 175.99 306.13 213.37 1.70 0.53 0.36 -13.83 1.45 32.86 -8.10 0.18
Pedestrian 0.00 0 -7.54 279.83 173.18 301.89 218.23 1.68 0.63 0.53 -11.70 1.37 27.02 -7.95 0.18
Pedestrian 0.00 0 -5.09 994.00 148.73 1041.87 238.26 1.72 0.59 0.73 8.20 1.09 14.22 -4.56 0.17
Pedestrian 0.00 0 -5.18 683.61 162.67 712.76 217.44 1.78 0.63 0.88 3.18 1.17 23.82 -5.05 0.17
Pedestrian 0.00 0 -4.40 821.54 154.87 864.69 237.52 1.74 0.67 0.84 5.24 1.18 15.67 -4.08 0.16
Pedestrian 0.00 0 -4.80 720.33 159.98 741.36 217.20 1.79 0.58 0.86 4.10 1.12 22.94 -4.62 0.15
Car 0.00 0 -4.40 430.15 173.52 474.22 197.78 1.47 1.56 4.11 -9.42 0.99 45.66 -4.61 0.14
Pedestrian 0.00 0 -4.64 585.48 170.60 605.18 215.75 1.60 0.65 0.82 -0.24 1.21 25.84 -4.65 0.14
Pedestrian 0.00 0 -5.01 662.03 162.31 681.29 207.27 1.88 0.69 0.52 2.95 1.08 30.34 -4.91 0.13
Pedestrian 0.00 0 -5.82 197.58 165.51 215.01 193.16 1.91 0.46 0.96 -27.47 0.81 49.96 -6.33 0.12
Pedestrian 0.00 0 -6.66 861.77 158.54 904.01 237.16 1.63 0.47 0.70 5.87 1.15 15.10 -6.29 0.12
Pedestrian 0.00 0 -4.71 688.90 161.53 705.70 211.60 1.80 0.60 0.48 3.46 1.08 26.11 -4.58 0.12
Pedestrian 0.00 0 -7.99 300.94 179.21 349.35 284.40 1.63 0.62 0.83 -4.52 1.59 11.63 -8.36 0.12
Pedestrian 0.00 0 -4.16 243.48 172.09 271.48 224.74 1.80 0.63 0.65 -11.93 1.48 24.87 -4.61 0.11
Pedestrian 0.00 0 -4.40 184.22 160.83 208.10 212.40 1.94 0.60 0.74 -15.51 1.16 27.46 -4.92 0.11
Car 0.00 0 -6.99 716.32 171.44 859.59 224.79 1.46 1.60 4.04 5.51 1.19 21.26 -6.74 0.10
Pedestrian 0.00 0 -6.18 183.89 170.41 197.95 205.75 1.72 0.66 0.54 -20.27 1.18 35.45 -6.70 0.10
