Car 0.00 0 -8.05 685.41 186.80 791.57 262.84 1.35 1.53 3.57 2.54 1.68 15.29 -7.88 0.96
Car 0.00 0 -4.87 648.01 181.53 710.13 224.68 1.36 1.59 3.99 2.33 1.70 25.68 -4.78 0.95
Car 0.00 0 -4.18 0.00 176.58 362.35 374.00 1.58 1.57 3.56 -3.48 1.62 5.90 -4.71 0.92
Car 0.00 0 -4.62 484.29 177.90 534.93 221.22 1.44 1.49 3.64 -3.64 1.64 26.33 -4.75 0.92
Car 0.00 0 -4.47 376.11 176.95 499.92 260.70 1.51 1.60 4.05 -3.50 1.60 15.20 -4.70 0.92
Car 0.00 0 -5.12 752.20 192.04 1170.97 374.00 1.47 1.68 4.11 2.55 1.70 6.55 -4.75 0.91
Car 0.00 0 -7.94 641.41 179.95 682.90 214.01 1.38 1.52 3.29 2.20 1.71 31.69 -7.87 0.46
Pedestrian 0.00 0 -4.69 1019.25 132.03 1074.75 272.37 2.02 0.70 0.94 6.60 1.43 10.97 -4.14 0.28
Car 0.00 0 -4.82 635.19 176.62 674.26 208.22 1.49 1.57 3.89 2.17 1.69 36.52 -4.76 0.24
Cyclist 0.00 0 -4.97 308.17 167.01 349.12 237.81 1.72 0.56 1.68 -7.23 1.58 18.37 -5.35 0.18
Cyclist 0.00 0 -8.13 727.39 169.28 746.87 211.06 1.72 0.38 1.61 5.33 1.57 30.53 -7.96 0.16
Car 0.00 0 -4.22 619.63 175.92 665.32 197.86 1.57 1.66 4.17 2.46 1.81 54.33 -4.17 0.16
Pedestrian 0.00 0 -3.59 601.08 171.29 615.77 196.53 1.85 0.58 0.93 -0.14 1.73 53.32 -3.59 0.14
Cyclist 0.00 0 -8.01 718.23 173.31 729.38 201.62 1.63 0.38 1.68 6.64 1.65 42.33 -7.86 0.14
Pedestrian 0.00 0 -5.91 384.76 167.24 404.94 220.83 1.82 0.47 0.53 -7.42 1.63 24.73 -6.20 0.13
Cyclist 0.00 0 -3.49 393.32 178.09 426.36 211.48 1.86 0.70 1.68 -11.48 2.17 41.27 -3.76 0.13
Pedestrian 0.00 0 -3.65 1037.35 158.40 1094.99 258.12 1.86 0.68 0.68 8.66 1.59 13.80 -3.09 0.12
Pedestrian 0.00 0 -3.46 997.39 170.01 1046.31 253.65 1.72 0.57 0.75 8.59 1.66 15.15 -2.95 0.11
