Car 0.00 0 -2.72 163.89 188.50 401.55 268.74 1.46 1.60 3.96 -6.37 1.78 14.21 -3.14 0.95
Car 0.00 0 -8.31 763.36 167.94 1241.00 374.00 1.69 1.67 4.08 2.58 1.66 5.97 -7.90 0.95
Car 0.00 0 -3.92 0.00 213.57 315.11 374.00 1.51 1.59 3.43 -2.61 1.76 2.59 -4.71 0.94
Car 0.00 0 -7.94 649.95 177.71 686.08 207.49 1.53 1.62 4.07 3.12 1.82 39.86 -7.87 0.93
Car 0.00 0 -2.57 0.00 190.70 306.64 317.26 1.47 1.66 4.33 -6.58 1.73 9.53 -3.18 0.91
Car 0.00 0 -2.67 215.24 184.75 403.59 255.20 1.52 1.54 3.75 -6.94 1.81 16.74 -3.06 0.76
Car 0.00 0 -5.99 381.83 182.85 502.52 228.12 1.44 1.44 3.69 -5.63 1.79 24.22 -6.22 0.75
Cyclist 0.00 0 -8.02 1108.60 151.56 1187.30 299.01 1.89 0.58 1.90 7.53 1.62 10.24 -7.38 0.75
Car 0.00 0 -6.12 445.97 180.61 535.20 212.24 1.45 1.59 3.97 -5.65 1.82 34.21 -6.28 0.70
Car 0.00 0 -5.89 349.72 182.28 483.77 235.93 1.52 1.58 3.58 -5.84 1.82 21.81 -6.15 0.69
Car 0.00 0 -2.80 400.79 183.71 514.02 224.23 1.41 1.52 3.81 -5.65 1.83 26.69 -3.01 0.64
Car 0.00 0 -5.89 415.05 179.98 513.49 218.08 1.48 1.49 3.67 -6.00 1.79 29.61 -6.09 0.43
Pedestrian 0.00 0 -5.86 688.34 175.24 701.18 198.63 1.76 0.54 0.82 6.40 1.94 54.68 -5.75 0.41
Car 0.00 0 -6.77 1077.99 152.31 1201.41 187.61 1.55 1.67 4.25 24.02 0.65 32.90 -6.14 0.38
Pedestrian 0.00 0 -8.00 943.69 155.42 971.36 219.90 1.86 0.62 0.82 10.18 1.35 21.25 -7.56 0.36
Car 0.00 0 -6.17 445.03 167.38 540.61 207.36 1.97 1.76 4.60 -5.89 1.70 36.46 -6.33 0.34
Car 0.00 0 -7.73 527.05 175.86 558.61 202.11 1.70 1.66 4.20 -4.58 1.92 49.36 -7.83 0.29
Car 0.00 0 -3.38 730.80 175.49 810.12 203.35 1.56 1.68 4.17 9.15 1.72 41.47 -3.16 0.27
Cyclist 0.00 0 -5.12 190.56 168.47 217.87 203.29 1.75 0.56 1.79 -20.87 1.53 37.03 -5.63 0.27
Car 0.00 0 -3.73 1039.12 167.43 1161.88 204.50 1.49 1.60 3.99 20.22 1.28 29.90 -3.13 0.26
Pedestrian 0.00 0 -4.56 1156.21 150.88 1181.09 197.25 1.85 0.69 0.78 22.59 0.97 29.23 -3.90 0.25
Cyclist 0.00 0 -8.32 1001.90 159.02 1044.40 217.59 1.62 0.35 1.64 11.81 1.24 20.75 -7.81 0.25
Pedestrian 0.00 0 -3.52 128.28 171.24 146.49 214.16 1.89 0.57 0.50 -21.11 1.82 32.17 -4.10 0.25
Cyclist 0.00 0 -7.66 700.56 177.60 712.97 204.36 1.64 0.49 1.51 6.06 1.95 45.39 -7.53 0.23
Cyclist 0.00 0 -4.87 1180.80 147.33 1241.00 310.39 1.83 0.58 1.79 7.58 1.54 9.00 -4.17 0.23
Car 0.00 0 -5.27 1003.73 145.34 1088.35 181.90 1.60 1.59 3.82 20.15 0.40 33.59 -4.73 0.19
Pedestrian 0.00 0 -3.35 831.42 167.76 865.24 234.44 1.75 0.55 0.76 6.31 1.62 19.28 -3.03 0.18
Pedestrian 0.00 0 -5.53 147.55 177.70 170.14 216.43 1.69 0.55 0.65 -19.98 1.91 31.89 -6.09 0.17
Pedestrian 0.00 0 -7.58 229.62 170.74 249.75 211.53 1.93 0.67 0.78 -17.82 1.83 34.66 -8.05 0.15
Pedestrian 0.00 0 -7.98 997.32 158.74 1016.16 202.74 1.75 0.59 0.65 15.94 1.19 29.07 -7.48 0.15
Cyclist 0.00 0 -6.12 200.03 164.94 249.38 209.06 1.87 0.65 1.80 -16.68 1.54 31.19 -6.61 0.15
Cyclist 0.00 0 -7.47 383.61 184.19 423.60 246.69 1.60 0.50 1.55 -5.63 1.92 19.59 -7.75 0.14
Pedestrian 0.00 0 -4.19 794.54 172.64 811.19 215.29 1.74 0.53 0.41 7.90 1.73 29.70 -3.93 0.14
Pedestrian 0.00 0 -4.03 1133.33 145.61 1159.21 205.10 1.75 0.53 0.34 15.98 0.95 21.57 -3.40 0.13
Pedestrian 0.00 0 -7.47 1096.52 157.23 1115.91 191.01 1.76 0.63 0.69 26.07 0.94 37.96 -6.87 0.12
Pedestrian 0.00 0 -4.83 974.33 158.62 1007.67 233.14 1.88 0.68 0.76 9.79 1.52 18.65 -4.35 0.11
Car 0.00 0 -8.50 1161.19 154.19 1241.00 190.68 1.57 1.62 3.58 27.16 0.77 32.83 -7.81 0.11
Car 0.00 0 -4.70 836.99 179.92 951.97 286.70 1.53 1.62 4.18 5.01 1.67 12.85 -4.33 0.11
Cyclist 0.00 0 -4.67 74.84 177.27 92.19 218.84 1.59 0.49 1.68 -20.96 1.77 28.67 -5.30 0.11
Car 0.00 0 -4.46 521.23 179.40 565.89 206.72 1.48 1.61 4.19 -3.88 1.89 42.41 -4.55 0.11
Cyclist 0.00 0 -4.19 368.42 171.82 392.10 203.20 1.68 0.48 1.65 -12.63 1.63 39.60 -4.50 0.10
