Car 0.00 0 -4.60 536.48 199.63 579.42 237.16 1.50 1.61 3.40 -2.38 2.80 33.11 -4.67 0.91
Car 0.00 0 -7.86 667.73 193.64 691.17 217.31 1.54 1.63 3.51 4.96 3.10 52.05 -7.77 0.68
Cyclist 0.00 0 -3.27 923.02 167.31 1069.80 295.35 1.97 0.91 2.02 6.22 1.88 11.86 -2.78 0.51
Pedestrian 0.00 0 -4.93 716.99 194.92 738.81 239.34 1.65 0.67 0.77 4.46 2.51 27.59 -4.77 0.50
Car 0.00 0 -7.50 1135.03 175.88 1241.00 257.59 1.60 1.69 3.76 13.42 1.67 15.89 -6.80 0.38
Car 0.00 0 -7.64 471.23 200.82 530.36 245.16 1.51 1.61 3.60 -4.31 2.69 28.68 -7.79 0.37
Pedestrian 0.00 0 -4.88 413.69 182.00 438.86 246.53 1.91 0.64 0.68 -5.65 2.20 21.98 -5.13 0.32
Pedestrian 0.00 0 -7.46 857.89 187.62 875.64 226.82 1.72 0.65 0.38 11.42 2.38 32.20 -7.12 0.30
Car 0.00 0 -5.58 258.84 195.81 441.39 274.23 1.52 1.56 3.71 -5.85 2.07 16.13 -5.92 0.25
Pedestrian 0.00 0 -5.92 709.57 189.04 724.07 230.95 1.82 0.66 0.43 4.69 2.54 31.94 -5.77 0.25
Pedestrian 0.00 0 -5.77 1172.74 237.48 1241.00 374.00 1.57 0.48 0.83 2.75 1.87 2.82 -5.00 0.22
Cyclist 0.00 0 -7.86 700.83 181.42 710.52 214.64 1.77 0.52 1.83 5.25 2.26 39.90 -7.73 0.21
Pedestrian 0.00 0 -7.93 1180.26 177.21 1213.94 248.87 1.74 0.60 0.73 14.66 1.86 18.08 -7.25 0.18
Pedestrian 0.00 0 -5.18 1106.58 180.30 1152.53 254.02 1.62 0.59 0.71 11.68 1.79 16.30 -4.56 0.16
Pedestrian 0.00 0 -7.65 576.22 189.70 587.06 214.45 1.81 0.67 0.74 -2.14 3.07 53.69 -7.69 0.16
Pedestrian 0.00 0 -3.26 846.16 177.80 939.64 343.28 1.75 0.58 0.90 3.07 1.81 8.04 -2.90 0.15
Cyclist 0.00 0 -4.75 706.74 184.27 716.89 217.65 1.66 0.45 1.64 5.22 2.27 37.32 -4.61 0.14
Pedestrian 0.00 0 -5.51 940.60 200.62 1074.13 374.00 1.61 0.56 0.76 3.11 1.85 5.79 -5.02 0.12
Car 0.00 0 -4.33 398.69 199.17 485.67 250.04 1.60 1.76 4.16 -6.25 2.68 27.20 -4.56 0.12
Pedestrian 0.00 0 -4.76 1090.36 242.41 1235.15 374.00 1.40 0.69 0.56 3.42 1.89 4.58 -4.11 0.11
Pedestrian 0.00 0 -5.69 438.54 191.00 467.61 251.28 2.00 0.73 0.68 -5.42 2.64 24.73 -5.91 0.10
Cyclist 0.00 0 -5.63 876.71 177.41 922.90 224.66 1.90 0.59 1.80 12.06 2.10 30.17 -5.25 0.10
