Car 0.00 0 -4.21 0.00 207.56 355.54 374.00 1.42 1.56 3.48 -3.83 1.83 6.80 -4.72 0.96
Car 0.00 0 -7.98 666.73 179.90 732.88 231.25 1.44 1.58 3.76 2.69 1.68 22.65 -7.86 0.96
Car 0.00 0 -4.32 251.09 195.02 390.05 272.46 1.41 1.58 3.60 -6.30 1.96 16.00 -4.69 0.93
Car 0.00 0 -3.63 872.66 166.22 1119.72 238.38 1.48 1.70 4.46 8.19 1.35 15.67 -3.15 0.91
Car 0.00 0 -7.61 406.42 184.80 476.66 229.59 1.50 1.65 3.99 -6.30 1.98 27.22 -7.83 0.89
Car 0.00 0 -3.47 774.64 164.60 913.61 215.23 1.69 1.71 4.24 7.97 1.41 24.94 -3.17 0.87
Car 0.00 0 -4.51 468.28 182.36 512.27 213.74 1.52 1.52 4.10 -6.34 2.06 38.35 -4.67 0.77
Car 0.00 0 -7.00 1066.07 145.69 1193.22 185.16 1.66 1.73 4.43 22.47 0.52 31.33 -6.37 0.66
Car 0.00 0 -6.97 1122.78 145.16 1241.00 186.37 1.55 1.70 4.25 22.64 0.51 28.09 -6.30 0.64
Car 0.00 0 -3.66 831.65 158.29 1014.63 227.31 1.70 1.66 4.09 8.04 1.34 18.80 -3.25 0.51
Car 0.00 0 -7.05 1176.43 135.31 1241.00 185.03 1.64 1.67 3.82 21.92 0.40 24.74 -6.32 0.48
Car 0.00 0 -6.83 1024.69 149.07 1129.24 181.49 1.51 1.63 3.90 22.16 0.40 34.40 -6.25 0.46
Car 0.00 0 -4.46 377.62 191.26 452.42 240.37 1.39 1.54 3.45 -6.31 2.04 23.50 -4.72 0.42
Car 0.00 0 -3.24 707.12 174.02 763.13 197.17 1.59 1.63 3.71 8.69 1.67 50.51 -3.07 0.26
Pedestrian 0.00 0 -7.94 442.25 179.20 454.93 209.04 1.85 0.72 0.65 -10.17 2.25 45.29 -8.16 0.18
Car 0.00 0 -4.65 527.08 180.74 547.43 197.39 1.34 1.50 3.92 -6.26 2.05 62.17 -4.75 0.17
Car 0.00 0 -4.48 554.51 178.26 585.33 196.06 1.42 1.66 4.38 -3.38 1.89 61.17 -4.54 0.16
Pedestrian 0.00 0 -5.37 823.04 181.54 853.49 239.04 1.33 0.44 0.56 5.35 1.54 17.07 -5.07 0.14
Pedestrian 0.00 0 -3.25 727.32 166.60 748.88 212.15 1.90 0.57 0.84 5.36 1.64 30.47 -3.07 0.14
Car 0.00 0 -4.95 476.90 182.79 517.33 209.24 1.46 1.53 3.92 -6.90 2.09 43.61 -5.11 0.12
Pedestrian 0.00 0 -4.54 395.63 174.91 412.50 213.78 1.89 0.70 0.65 -10.14 1.99 35.42 -4.82 0.11
Car 0.00 0 -4.76 634.13 176.54 657.21 197.27 1.54 1.59 3.99 2.73 1.84 56.38 -4.72 0.11
Car 0.00 0 -4.96 632.16 176.72 667.54 199.83 1.54 1.60 3.74 2.74 1.82 50.79 -4.91 0.11
Pedestrian 0.00 0 -3.57 667.65 173.36 677.21 194.80 1.85 0.53 0.67 5.40 1.90 62.65 -3.49 0.10
