Car 0.00 0 -8.40 810.05 174.95 1241.00 374.00 1.65 1.66 3.97 2.92 1.67 5.41 -7.91 0.95
Car 0.00 0 -4.04 0.00 202.07 217.17 374.00 1.47 1.64 4.04 -6.10 1.86 7.59 -4.72 0.95
Car 0.00 0 -4.45 357.09 180.15 447.98 241.12 1.66 1.66 4.25 -6.33 1.91 22.32 -4.73 0.93
Car 0.00 0 -4.36 242.47 178.97 396.69 270.00 1.68 1.72 4.25 -6.16 1.83 15.75 -4.73 0.91
Car 0.00 0 -4.60 526.18 179.84 564.83 207.43 1.47 1.77 4.30 -3.71 1.90 41.72 -4.69 0.89
Car 0.00 0 -4.50 446.54 182.17 493.82 216.16 1.45 1.49 3.24 -6.44 1.90 33.31 -4.69 0.80
Car 0.00 0 -6.35 1022.41 150.76 1191.28 203.68 1.52 1.65 4.21 15.23 0.89 22.48 -5.76 0.77
Car 0.00 0 -7.70 498.62 181.57 529.54 204.32 1.41 1.52 3.56 -6.35 2.01 47.81 -7.84 0.75
Car 0.00 0 -7.90 635.06 175.33 658.00 196.51 1.54 1.57 3.93 2.72 1.73 54.82 -7.85 0.57
Car 0.00 0 -3.26 687.24 163.89 756.19 191.69 1.92 1.77 4.62 7.80 1.30 50.83 -3.11 0.45
Car 0.00 0 -5.08 830.89 162.25 875.52 186.24 1.75 1.76 4.41 18.42 0.98 54.93 -4.75 0.31
Car 0.00 0 -3.21 698.06 171.76 766.02 195.63 1.55 1.67 4.33 8.01 1.48 47.85 -3.05 0.28
Car 0.00 0 -8.50 1170.87 139.97 1241.00 168.76 1.51 1.57 3.43 33.29 -0.24 40.20 -7.81 0.27
Car 0.00 0 -4.79 551.82 176.07 576.59 197.94 1.61 1.59 3.89 -3.60 1.87 55.75 -4.86 0.26
Pedestrian 0.00 0 -5.70 282.60 167.83 295.54 209.74 1.85 0.47 0.32 -14.36 1.63 32.19 -6.12 0.25
Car 0.00 0 -8.39 992.02 146.58 1053.01 176.42 1.85 1.67 3.89 26.56 0.22 46.65 -7.87 0.23
Car 0.00 0 -6.29 643.78 174.99 697.88 197.53 1.48 1.63 3.57 4.06 1.63 48.65 -6.21 0.22
Car 0.00 0 -4.85 1138.44 139.60 1184.79 168.29 1.56 1.62 3.95 31.98 -0.28 41.96 -4.20 0.17
Car 0.00 0 -8.18 850.18 157.01 888.37 180.21 1.80 1.71 3.96 20.73 0.57 57.90 -7.83 0.16
Cyclist 0.00 0 -3.24 322.47 174.32 355.66 206.08 1.89 0.73 1.82 -16.47 1.98 43.77 -3.60 0.16
Car 0.00 0 -7.88 685.19 171.35 706.97 192.27 1.62 1.61 4.11 6.87 1.51 58.07 -7.77 0.15
Car 0.00 0 -4.86 396.81 180.28 449.99 220.57 1.52 1.60 3.75 -7.86 1.85 30.02 -5.11 0.13
Car 0.00 0 -4.69 552.20 174.62 578.69 200.40 1.67 1.70 4.17 -3.02 1.79 49.02 -4.75 0.12
Cyclist 0.00 0 -8.62 847.13 171.71 879.25 207.81 1.64 0.47 1.54 11.73 1.59 33.57 -8.28 0.12
Cyclist 0.00 0 -4.89 1181.10 163.17 1204.39 200.72 1.69 0.55 1.65 26.86 1.25 33.32 -4.21 0.12
Pedestrian 0.00 0 -4.28 989.43 148.66 1047.88 250.87 1.92 0.66 0.95 7.93 1.46 14.09 -3.77 0.12
Pedestrian 0.00 0 -5.96 301.14 165.97 318.12 206.25 1.91 0.59 0.59 -14.39 1.58 34.48 -6.35 0.11
