Car 0.00 0 -8.02 669.87 179.06 763.73 255.57 1.65 1.68 3.66 2.46 1.82 17.71 -7.88 0.98
Car 0.00 0 -3.89 0.00 213.77 320.96 374.00 1.54 1.71 4.27 -2.72 1.80 2.44 -4.73 0.95
Car 0.00 0 -4.53 440.41 191.19 533.64 263.27 1.46 1.57 3.45 -2.87 1.94 17.21 -4.69 0.93
Car 0.00 0 -5.44 903.22 191.29 1241.00 374.00 1.58 1.57 3.50 2.79 1.71 3.26 -4.73 0.90
Car 0.00 0 -8.00 656.63 185.92 723.73 239.72 1.47 1.56 3.49 2.36 1.91 22.36 -7.89 0.85
Car 0.00 0 -7.96 646.81 181.48 704.20 230.58 1.67 1.71 4.19 2.37 2.03 27.47 -7.88 0.83
Cyclist 0.00 0 -8.12 793.89 182.57 841.73 263.67 1.58 0.52 1.71 4.28 1.80 15.12 -7.85 0.64
Car 0.00 0 -4.64 535.62 186.82 567.11 215.40 1.50 1.56 3.73 -3.37 2.34 41.52 -4.73 0.61
Car 0.00 0 -4.46 518.72 183.17 546.93 203.40 1.54 1.50 3.32 -6.23 2.39 58.29 -4.57 0.51
Car 0.00 0 -7.95 638.58 178.23 675.27 211.26 1.79 1.71 4.13 2.64 2.12 41.87 -7.89 0.36
Pedestrian 0.00 0 -8.10 432.94 183.12 450.13 227.09 1.74 0.57 0.50 -6.82 2.15 29.01 -8.34 0.27
Pedestrian 0.00 0 -5.03 846.44 164.89 896.85 260.19 1.89 0.72 0.91 5.29 1.73 14.77 -4.68 0.26
Pedestrian 0.00 0 -3.77 1173.98 125.62 1241.00 374.00 2.03 0.54 1.11 5.04 1.69 5.52 -3.03 0.19
Car 0.00 0 -8.06 697.04 177.74 745.97 214.16 1.68 1.62 3.97 5.44 1.94 35.85 -7.91 0.15
Pedestrian 0.00 0 -6.30 524.53 184.09 535.98 207.79 1.74 0.54 0.84 -5.97 2.59 53.74 -6.41 0.14
Cyclist 0.00 0 -7.20 501.82 184.62 524.56 212.04 1.71 0.50 1.73 -6.27 2.48 46.55 -7.33 0.12
Car 0.00 0 -4.83 627.24 182.30 657.56 207.77 1.62 1.61 4.03 2.16 2.30 49.58 -4.79 0.11
Pedestrian 0.00 0 -4.33 104.02 180.12 153.26 270.18 1.88 0.64 0.77 -10.41 2.04 15.55 -4.92 0.11
Pedestrian 0.00 0 -3.66 402.66 179.01 433.34 240.20 1.84 0.65 0.68 -5.96 2.03 22.23 -3.92 0.10
