Car 0.00 0 -8.12 707.50 174.39 847.89 277.43 1.56 1.54 3.34 2.73 1.59 12.66 -7.90 0.97
Car 0.00 0 -8.52 857.26 188.24 1241.00 374.00 1.54 1.63 4.36 2.77 1.67 3.63 -7.87 0.96
Car 0.00 0 -5.73 49.78 179.71 374.14 283.25 1.48 1.59 4.26 -6.15 1.59 11.32 -6.23 0.96
Car 0.00 0 -7.96 660.23 178.88 712.92 219.99 1.37 1.54 3.52 2.69 1.61 26.40 -7.86 0.95
Car 0.00 0 -5.83 166.94 180.11 406.95 260.60 1.44 1.53 3.96 -6.18 1.59 13.93 -6.25 0.91
Car 0.00 0 -6.01 371.78 175.59 496.83 220.47 1.44 1.52 3.77 -5.83 1.53 24.01 -6.25 0.88
Car 0.00 0 -6.44 703.58 171.07 803.21 209.75 1.64 1.68 4.06 6.16 1.57 31.54 -6.25 0.86
Car 0.00 0 -2.76 193.83 160.25 395.37 243.18 1.78 1.70 3.84 -7.10 1.51 16.41 -3.17 0.85
Car 0.00 0 -6.01 325.10 180.22 476.83 227.73 1.36 1.54 4.11 -6.24 1.59 21.67 -6.29 0.82
Car 0.00 0 -5.96 393.57 172.87 510.73 212.50 1.52 1.60 4.27 -6.29 1.52 28.76 -6.17 0.79
Car 0.00 0 -2.73 402.69 174.07 495.86 208.23 1.44 1.51 3.69 -7.05 1.49 31.58 -2.95 0.43
Car 0.00 0 -6.01 381.78 172.98 490.13 214.61 1.48 1.49 3.59 -6.37 1.48 26.44 -6.24 0.35
Car 0.00 0 -2.65 252.39 177.33 421.23 235.20 1.43 1.54 3.90 -7.20 1.56 19.04 -3.01 0.35
Car 0.00 0 -4.78 385.40 153.34 412.06 175.10 1.57 1.64 4.03 -15.93 0.16 54.22 -5.07 0.33
Car 0.00 0 -7.95 627.18 173.68 650.17 192.25 1.49 1.57 3.64 2.33 1.56 60.02 -7.91 0.29
Pedestrian 0.00 0 -5.91 572.67 171.16 584.22 191.94 1.84 0.46 0.92 -2.83 1.69 64.33 -5.96 0.23
Car 0.00 0 -3.00 448.01 173.40 523.81 201.23 1.53 1.64 4.01 -6.97 1.56 40.60 -3.17 0.21
Car 0.00 0 -4.60 479.10 173.90 518.53 208.38 1.56 1.48 3.63 -5.33 1.62 34.68 -4.76 0.21
Car 0.00 0 -5.43 0.00 156.48 120.18 349.06 1.68 1.60 4.25 -7.57 1.54 7.17 -6.25 0.20
Car 0.00 0 -6.20 505.66 170.60 559.51 192.84 1.66 1.66 3.93 -5.86 1.49 54.67 -6.30 0.18
Car 0.00 0 -6.45 668.38 167.91 731.07 195.35 1.75 1.68 3.83 5.79 1.44 47.05 -6.33 0.18
Car 0.00 0 -7.86 436.85 162.83 457.74 185.17 1.94 1.77 4.23 -14.65 1.07 64.87 -8.08 0.17
Cyclist 0.00 0 -7.61 521.26 175.63 534.48 202.82 1.58 0.42 1.56 -4.92 1.75 42.99 -7.72 0.17
Pedestrian 0.00 0 -4.80 190.16 163.53 205.54 203.28 1.89 0.60 0.46 -19.85 1.45 34.69 -5.32 0.14
Cyclist 0.00 0 -2.52 258.70 148.82 299.82 188.54 1.89 0.60 1.79 -16.00 0.75 34.82 -2.95 0.13
Cyclist 0.00 0 -7.17 527.11 177.56 547.30 203.17 1.58 0.45 1.46 -4.62 1.88 45.57 -7.27 0.12
Car 0.00 0 -4.19 351.87 158.94 396.39 181.72 1.79 1.71 3.96 -19.21 0.70 58.86 -4.51 0.11
Pedestrian 0.00 0 -7.29 1237.69 147.46 1241.00 250.31 1.87 0.59 0.62 12.25 1.41 13.50 -6.55 0.11
Pedestrian 0.00 0 -7.54 86.90 180.45 203.63 374.00 1.63 0.67 0.69 -4.05 1.70 6.25 -8.11 0.10
