Car 0.00 0 -8.09 708.23 173.85 826.85 257.35 1.52 1.57 3.64 3.07 1.54 14.98 -7.88 0.98
Car 0.00 0 -3.91 0.00 201.00 209.86 374.00 1.50 1.67 4.28 -5.63 1.83 6.20 -4.64 0.96
Car 0.00 0 -8.39 816.97 187.90 1241.00 374.00 1.43 1.63 3.99 3.25 1.61 6.31 -7.91 0.96
Car 0.00 0 -4.44 365.24 179.92 454.73 239.24 1.54 1.57 3.69 -5.77 1.77 21.06 -4.71 0.95
Car 0.00 0 -4.50 423.17 180.83 484.26 224.12 1.43 1.47 3.47 -5.64 1.74 26.19 -4.71 0.92
Car 0.00 0 -8.11 685.10 171.57 768.25 233.75 1.61 1.51 3.26 3.16 1.58 20.36 -7.96 0.85
Car 0.00 0 -5.79 60.92 178.49 213.01 228.34 1.49 1.53 3.72 -14.84 1.68 22.71 -6.37 0.71
Car 0.00 0 -7.73 381.97 174.73 413.01 198.89 1.53 1.52 3.78 -14.12 1.66 47.97 -8.01 0.35
Car 0.00 0 -4.62 207.65 182.51 257.23 218.79 1.37 1.51 3.90 -15.90 1.81 30.45 -5.10 0.32
Car 0.00 0 -4.95 677.26 175.55 745.47 219.96 1.44 1.52 3.82 3.46 1.54 25.54 -4.82 0.28
Cyclist 0.00 0 -3.29 351.66 172.03 388.08 210.58 1.91 0.64 1.67 -12.15 1.87 36.39 -3.61 0.27
Pedestrian 0.00 0 -7.75 727.59 159.11 746.86 207.87 1.91 0.68 0.76 5.02 1.37 28.66 -7.58 0.22
Cyclist 0.00 0 -7.92 356.30 175.30 372.80 220.50 1.67 0.48 1.61 -9.45 1.77 27.63 -8.25 0.21
Pedestrian 0.00 0 -3.16 297.34 167.80 300.73 191.40 1.81 0.51 0.23 -23.99 1.42 55.60 -3.57 0.20
Car 0.00 0 -7.93 699.00 163.58 723.00 183.66 1.66 1.73 3.85 8.56 0.89 61.54 -7.79 0.18
Cyclist 0.00 0 -7.38 360.58 175.82 389.88 215.69 1.60 0.45 1.65 -9.78 1.73 29.98 -7.69 0.18
Pedestrian 0.00 0 -8.03 746.10 158.28 767.73 207.77 1.91 0.70 0.81 5.70 1.35 28.23 -7.83 0.16
Car 0.00 0 -3.03 415.40 174.41 479.11 198.03 1.62 1.65 4.19 -11.39 1.73 50.55 -3.25 0.15
Pedestrian 0.00 0 -3.19 282.40 165.03 295.97 217.77 1.91 0.55 0.43 -11.82 1.63 26.48 -3.61 0.15
Car 0.00 0 -8.30 1068.17 179.58 1241.00 339.45 1.41 1.59 4.40 7.32 1.52 8.90 -7.61 0.15
Pedestrian 0.00 0 -3.73 677.44 162.01 695.79 204.02 1.86 0.56 0.61 3.40 1.38 32.39 -3.62 0.12
Car 0.00 0 -5.61 0.00 182.48 163.86 236.97 1.44 1.56 4.00 -15.05 1.73 20.27 -6.25 0.10
