Car 0.00 0 -4.29 283.80 187.54 432.77 264.47 1.45 1.63 4.21 -5.65 1.84 16.64 -4.61 0.97
Car 0.00 0 -4.04 0.00 199.99 235.29 374.00 1.51 1.56 3.66 -5.77 1.87 7.60 -4.69 0.97
Car 0.00 0 -5.06 750.22 182.76 938.94 299.49 1.46 1.55 3.68 3.35 1.64 11.20 -4.77 0.97
Car 0.00 0 -8.04 667.72 177.08 731.58 223.19 1.49 1.59 3.61 3.05 1.65 25.50 -7.92 0.96
Car 0.00 0 -8.09 702.15 178.76 812.51 252.14 1.49 1.62 4.02 3.27 1.64 17.01 -7.90 0.93
Car 0.00 0 -4.52 454.00 178.75 505.70 216.94 1.55 1.58 3.49 -5.68 1.82 31.60 -4.69 0.89
Car 0.00 0 -5.61 0.00 184.83 170.20 238.28 1.43 1.63 3.79 -15.01 1.79 20.65 -6.24 0.55
Car 0.00 0 -8.06 661.66 176.85 710.94 215.07 1.54 1.47 3.20 3.19 1.72 31.01 -7.96 0.55
Car 0.00 0 -2.47 0.00 188.28 50.36 262.94 1.49 1.62 3.90 -14.93 1.85 15.79 -3.23 0.43
Cyclist 0.00 0 -8.13 510.03 175.63 519.31 196.44 1.60 0.32 1.50 -7.46 1.82 56.27 -8.26 0.25
Car 0.00 0 -4.45 478.56 180.70 523.88 211.24 1.45 1.50 3.28 -5.54 1.87 36.83 -4.60 0.22
Car 0.00 0 -4.52 316.71 180.07 357.48 207.48 1.45 1.51 3.70 -15.54 1.88 41.14 -4.88 0.20
Car 0.00 0 -7.65 453.58 172.14 482.17 192.48 1.70 1.65 4.05 -12.29 1.64 62.49 -7.85 0.14
Car 0.00 0 -2.42 307.50 173.23 369.23 198.56 1.50 1.55 3.33 -16.63 1.52 44.09 -2.79 0.12
Car 0.00 0 -4.54 209.07 176.18 264.22 212.79 1.50 1.51 4.10 -16.63 1.66 32.23 -5.02 0.12
Car 0.00 0 -4.32 87.65 179.82 198.50 228.91 1.45 1.62 4.21 -15.53 1.71 24.19 -4.89 0.11
Pedestrian 0.00 0 -3.52 806.59 159.44 823.09 193.67 1.94 0.57 0.75 11.65 1.18 41.16 -3.25 0.11
Car 0.00 0 -5.05 829.58 177.81 915.44 223.05 1.44 1.62 3.94 9.07 1.63 25.37 -4.70 0.10
