Car 0.00 0 -8.02 669.23 176.78 740.14 230.26 1.52 1.59 3.80 2.85 1.66 22.73 -7.90 0.95
Car 0.00 0 -4.40 320.86 190.71 426.79 255.71 1.47 1.56 3.83 -6.22 2.00 19.29 -4.71 0.86
Car 0.00 0 -8.22 1205.21 142.16 1241.00 182.73 1.74 1.60 3.95 29.02 0.42 33.02 -7.50 0.47
Car 0.00 0 -5.24 1127.42 142.26 1228.38 184.15 1.73 1.76 3.92 24.92 0.47 31.89 -4.58 0.33
Car 0.00 0 -6.39 782.60 160.14 845.47 183.43 1.63 1.68 4.18 14.57 0.74 51.81 -6.12 0.20
Car 0.00 0 -8.19 905.83 152.16 942.29 172.46 1.64 1.61 3.93 26.25 -0.03 60.48 -7.78 0.16
Car 0.00 0 -4.67 460.78 181.44 501.50 218.48 1.54 1.65 4.35 -5.94 1.97 33.37 -4.84 0.14
Car 0.00 0 -4.47 397.27 189.27 469.24 237.09 1.42 1.50 3.87 -5.99 2.02 24.66 -4.71 0.13
Car 0.00 0 -2.34 491.23 179.30 588.58 218.81 1.55 1.68 4.23 -3.10 1.84 30.95 -2.44 0.11
Pedestrian 0.00 0 -3.38 755.10 167.12 769.53 203.39 1.87 0.61 0.60 7.86 1.57 37.42 -3.18 0.11
Pedestrian 0.00 0 -5.99 1082.30 142.93 1139.19 241.39 1.82 0.62 0.75 9.55 1.27 13.84 -5.39 0.10
