Car 0.00 0 -7.94 595.97 174.50 626.83 200.15 1.56 1.64 3.81 0.02 1.67 46.09 -7.94 0.79
Car 0.00 0 -4.44 409.00 180.48 454.33 206.85 1.49 1.67 4.00 -10.81 1.97 43.86 -4.68 0.53
Pedestrian 0.00 0 -4.32 742.00 164.28 765.15 214.33 1.85 0.59 0.81 5.36 1.53 27.14 -4.12 0.44
Car 0.00 0 -8.02 1081.33 158.17 1135.94 190.93 1.60 1.68 3.94 25.75 0.88 37.43 -7.42 0.26
Car 0.00 0 -5.76 206.68 176.19 352.14 228.38 1.62 1.67 4.04 -10.80 1.74 23.60 -6.19 0.20
Pedestrian 0.00 0 -4.63 1091.80 170.49 1123.36 241.52 1.55 0.53 0.78 11.13 1.50 16.20 -4.03 0.17
Car 0.00 0 -7.17 0.00 188.08 92.43 256.90 1.43 1.64 4.18 -15.26 1.85 18.00 -7.87 0.17
Pedestrian 0.00 0 -6.54 687.23 167.78 699.76 193.35 1.79 0.69 0.72 5.85 1.43 50.81 -6.43 0.16
Pedestrian 0.00 0 -8.13 927.83 158.90 956.86 220.09 1.82 0.62 0.75 10.04 1.41 21.91 -7.70 0.13
Pedestrian 0.00 0 -5.19 866.26 155.34 897.02 216.15 1.87 0.59 0.83 8.48 1.33 22.65 -4.83 0.12
Car 0.00 0 -2.67 389.26 177.44 485.83 213.25 1.57 1.67 3.99 -7.94 1.78 33.13 -2.91 0.12
Pedestrian 0.00 0 -8.48 1072.36 146.61 1110.29 210.44 1.91 0.68 0.70 14.57 1.12 21.92 -7.89 0.12
Pedestrian 0.00 0 -4.19 953.69 156.26 974.61 203.79 1.85 0.60 0.44 13.92 1.20 28.44 -3.74 0.12
Car 0.00 0 -7.67 461.15 175.01 503.59 206.50 1.60 1.60 3.67 -6.82 1.72 38.64 -7.85 0.10
Pedestrian 0.00 0 -3.53 1120.68 160.20 1164.82 227.01 1.73 0.57 0.78 13.98 1.40 19.01 -2.89 0.10
