Car 0.00 0 -4.14 0.00 191.68 214.19 296.80 1.42 1.67 4.23 -8.92 1.81 12.67 -4.76 0.90
Car 0.00 0 -4.48 380.18 178.01 438.80 212.13 1.47 1.70 4.41 -9.37 1.72 33.91 -4.75 0.89
Car 0.00 0 -7.86 587.06 172.04 613.45 196.47 1.54 1.66 4.31 -0.69 1.49 47.64 -7.88 0.72
Car 0.00 0 -4.60 459.32 173.00 486.06 194.43 1.62 1.63 3.93 -10.73 1.63 56.45 -4.79 0.63
Pedestrian 0.00 0 -5.84 952.91 164.27 996.22 248.54 1.51 0.49 0.56 6.66 1.36 13.29 -5.37 0.21
Pedestrian 0.00 0 -6.51 362.23 175.81 373.26 202.86 1.65 0.58 0.53 -14.97 1.83 44.47 -6.83 0.15
Pedestrian 0.00 0 -3.48 1113.41 153.15 1136.12 194.00 1.87 0.62 0.69 23.85 0.97 33.49 -2.86 0.15
Cyclist 0.00 0 -8.32 692.12 165.92 730.59 217.55 1.70 0.56 1.78 3.41 1.47 24.70 -8.18 0.14
Cyclist 0.00 0 -8.63 1159.21 153.14 1204.94 195.53 1.76 0.49 1.68 24.36 0.94 30.80 -7.96 0.14
Car 0.00 0 -4.44 254.79 183.28 374.41 252.94 1.47 1.67 4.32 -7.28 1.76 18.12 -4.83 0.13
Cyclist 0.00 0 -2.78 169.75 177.07 201.07 205.27 1.75 0.62 1.58 -26.69 2.02 45.32 -3.32 0.13
Pedestrian 0.00 0 -7.31 1073.64 155.15 1130.52 242.01 1.58 0.56 0.78 9.20 1.26 13.57 -6.71 0.12
Pedestrian 0.00 0 -3.34 642.29 165.98 653.04 189.62 1.79 0.53 0.73 2.84 1.27 54.95 -3.29 0.12
Car 0.00 0 -4.48 411.11 178.03 467.74 215.58 1.48 1.52 3.78 -7.28 1.72 30.94 -4.71 0.10
