Car 0.00 0 -8.09 756.87 175.76 900.44 267.32 1.38 1.57 3.70 3.66 1.44 12.86 -7.81 0.97
Car 0.00 0 -8.03 740.63 166.62 840.24 236.87 1.55 1.66 4.12 4.30 1.41 17.97 -7.80 0.84
Car 0.00 0 -7.90 743.86 163.30 805.34 222.15 1.71 1.70 4.33 5.15 1.43 23.19 -7.68 0.46
Pedestrian 0.00 0 -6.11 475.84 162.50 525.72 244.56 1.72 0.55 0.97 -2.37 1.50 15.39 -6.26 0.25
Pedestrian 0.00 0 -4.89 576.90 169.93 595.10 211.64 1.71 0.63 0.80 -1.04 1.59 29.99 -4.92 0.24
Pedestrian 0.00 0 -7.93 820.35 167.03 838.09 207.58 1.64 0.65 0.56 8.95 1.41 29.59 -7.64 0.22
Pedestrian 0.00 0 -8.39 1223.08 153.18 1241.00 276.44 1.56 0.60 0.61 8.55 1.31 9.49 -7.66 0.14
Pedestrian 0.00 0 -6.56 1165.95 140.30 1193.98 216.39 1.80 0.53 0.40 13.72 1.03 17.43 -5.89 0.13
Pedestrian 0.00 0 -4.98 1147.60 147.75 1217.30 276.87 1.66 0.59 0.61 7.59 1.34 9.65 -4.32 0.11
Pedestrian 0.00 0 -5.36 416.72 169.99 463.81 262.55 1.61 0.50 0.70 -3.11 1.56 12.97 -5.60 0.11
