Car 0.00 0 -8.08 698.73 174.35 850.49 290.57 1.67 1.68 3.66 2.55 1.70 12.23 -7.87 0.98
Car 0.00 0 -4.47 359.30 182.97 508.38 295.26 1.55 1.62 3.36 -2.79 1.74 11.93 -4.70 0.94
Car 0.00 0 -7.98 680.77 181.98 767.08 254.27 1.47 1.54 3.53 2.52 1.71 16.93 -7.83 0.91
Car 0.00 0 -8.00 653.88 171.91 731.97 235.26 1.76 1.75 4.37 2.39 1.73 22.21 -7.89 0.89
Car 0.00 0 -4.59 525.44 180.10 567.04 212.49 1.49 1.59 4.16 -3.18 1.88 36.23 -4.68 0.86
Cyclist 0.00 0 -8.24 832.39 180.62 901.68 278.13 1.55 0.57 1.55 4.33 1.70 12.41 -7.91 0.80
Car 0.00 0 -7.97 644.12 172.78 687.55 209.80 1.75 1.66 4.42 2.71 1.75 36.36 -7.90 0.71
Pedestrian 0.00 0 -5.50 515.88 177.13 530.55 203.71 1.76 0.56 0.82 -5.84 2.05 48.31 -5.62 0.45
Pedestrian 0.00 0 -7.76 398.12 178.24 420.19 229.57 1.67 0.67 0.41 -6.66 1.85 23.76 -8.04 0.40
Pedestrian 0.00 0 -5.56 509.50 176.72 525.47 205.18 1.76 0.58 0.81 -5.84 2.01 45.29 -5.69 0.29
Pedestrian 0.00 0 -8.25 1127.13 152.06 1220.06 301.10 1.83 0.66 0.87 7.22 1.57 9.35 -7.59 0.24
Car 0.00 0 -4.84 633.51 175.86 667.43 203.75 1.61 1.58 4.00 2.40 1.80 44.12 -4.78 0.23
Pedestrian 0.00 0 -7.71 492.45 180.59 506.22 211.76 1.60 0.62 0.69 -5.81 2.01 37.65 -7.86 0.23
Pedestrian 0.00 0 -4.86 1005.71 154.79 1076.34 308.99 1.84 0.64 0.87 5.37 1.62 9.12 -4.32 0.17
