Car 0.00 0 -4.45 430.46 188.59 540.78 264.53 1.43 1.55 3.63 -2.71 1.82 16.20 -4.62 0.96
Cyclist 0.00 0 -7.93 746.97 170.48 798.76 275.65 1.75 0.76 1.84 2.84 1.71 12.94 -7.71 0.89
Car 0.00 0 -4.51 618.94 179.23 665.27 209.24 1.52 1.70 4.35 1.80 1.90 39.90 -4.46 0.89
Cyclist 0.00 0 -7.95 738.16 174.63 769.03 253.59 1.68 0.51 1.79 3.18 1.73 16.34 -7.76 0.70
Car 0.00 0 -7.81 769.86 176.66 795.27 199.50 1.52 1.58 3.81 12.10 1.79 50.59 -7.58 0.56
Car 0.00 0 -2.84 453.96 179.22 537.59 210.42 1.48 1.55 3.80 -5.66 1.80 35.68 -3.00 0.53
Pedestrian 0.00 0 -4.33 1107.25 137.14 1202.64 292.36 1.81 0.64 0.95 6.70 1.40 8.95 -3.68 0.36
Car 0.00 0 -4.50 668.48 179.63 699.08 201.11 1.47 1.49 3.57 5.37 1.98 52.44 -4.40 0.32
Car 0.00 0 -4.49 641.18 177.86 680.22 206.17 1.61 1.56 3.90 3.10 1.93 43.96 -4.42 0.25
Car 0.00 0 -4.15 839.88 179.80 907.76 212.38 1.45 1.48 3.38 12.60 1.80 34.50 -3.80 0.22
Pedestrian 0.00 0 -7.58 435.07 190.53 460.49 239.79 1.46 0.64 0.51 -4.97 2.01 21.90 -7.80 0.19
Pedestrian 0.00 0 -4.38 221.28 192.51 264.23 272.21 1.51 0.59 0.60 -7.26 1.91 14.18 -4.86 0.15
Car 0.00 0 -7.84 777.81 172.66 800.50 195.63 1.72 1.65 4.14 13.99 1.71 56.32 -7.59 0.10
