Car 0.00 0 -8.00 644.43 177.80 723.95 233.93 1.39 1.60 4.31 1.94 1.55 20.46 -7.91 0.98
Car 0.00 0 -7.20 1073.99 193.05 1241.00 374.00 1.41 1.60 4.10 5.49 1.57 4.69 -6.34 0.96
Car 0.00 0 -2.70 124.45 183.58 377.52 257.29 1.39 1.60 4.34 -7.20 1.62 14.66 -3.16 0.92
Car 0.00 0 -2.80 238.04 181.89 426.18 245.00 1.41 1.50 3.91 -6.57 1.64 17.19 -3.17 0.91
Car 0.00 0 -6.99 955.42 161.95 1241.00 349.23 1.62 1.69 3.95 5.75 1.53 7.17 -6.32 0.87
Car 0.00 0 -5.92 311.11 174.55 441.92 227.57 1.58 1.56 3.55 -7.26 1.64 22.47 -6.23 0.79
Car 0.00 0 -7.93 624.56 172.71 662.26 204.65 1.49 1.57 3.63 1.56 1.49 35.54 -7.89 0.78
Cyclist 0.00 0 -4.38 256.96 179.79 369.34 351.40 1.61 0.56 1.78 -3.17 1.69 7.75 -4.77 0.78
Car 0.00 0 -7.15 0.00 154.42 51.31 361.76 1.75 1.66 4.18 -8.71 1.59 8.24 -7.96 0.65
Car 0.00 0 -3.04 411.69 172.31 497.20 203.45 1.62 1.71 4.31 -8.28 1.59 38.54 -3.25 0.60
Car 0.00 0 -7.95 619.71 169.86 655.09 200.44 1.64 1.64 3.72 1.47 1.48 40.67 -7.91 0.54
Car 0.00 0 -5.90 396.15 176.47 495.47 210.23 1.43 1.58 3.96 -7.24 1.59 31.78 -6.13 0.44
Pedestrian 0.00 0 -7.80 772.99 169.27 783.39 198.83 1.94 0.63 0.74 11.13 1.71 47.86 -7.57 0.28
Car 0.00 0 -4.45 263.81 179.26 361.46 236.89 1.39 1.54 3.81 -8.11 1.59 19.88 -4.84 0.28
Pedestrian 0.00 0 -4.07 103.98 149.51 137.43 211.54 1.95 0.68 0.57 -15.61 1.22 22.96 -4.67 0.23
Pedestrian 0.00 0 -3.74 686.27 166.32 702.51 199.75 1.82 0.55 0.70 4.60 1.46 39.61 -3.63 0.20
Pedestrian 0.00 0 -7.73 754.66 172.70 770.55 212.71 1.57 0.55 0.59 6.04 1.57 28.75 -7.52 0.20
Pedestrian 0.00 0 -6.55 492.77 171.02 507.15 199.70 1.72 0.64 0.72 -6.70 1.61 43.70 -6.70 0.20
Pedestrian 0.00 0 -5.78 73.18 160.85 92.89 206.20 1.84 0.56 0.44 -21.69 1.36 29.64 -6.41 0.20
Car 0.00 0 -2.89 470.98 172.24 533.30 193.11 1.46 1.63 4.12 -7.69 1.42 51.43 -3.04 0.19
Car 0.00 0 -4.75 492.73 170.68 519.36 196.82 1.65 1.58 4.14 -6.93 1.51 47.65 -4.89 0.18
Car 0.00 0 -6.58 772.03 163.26 844.54 190.94 1.59 1.68 3.79 11.60 1.04 42.46 -6.31 0.17
Cyclist 0.00 0 -7.20 33.50 171.67 103.81 238.39 1.64 0.47 1.77 -13.99 1.61 18.63 -7.84 0.15
Pedestrian 0.00 0 -5.14 216.67 159.57 241.68 207.97 1.86 0.67 0.60 -14.89 1.35 28.12 -5.63 0.14
Cyclist 0.00 0 -2.31 42.95 164.26 100.65 216.70 1.79 0.65 1.68 -18.79 1.50 25.14 -2.95 0.14
Car 0.00 0 -7.70 435.82 173.38 487.77 214.35 1.54 1.52 3.49 -5.93 1.56 28.97 -7.90 0.14
Car 0.00 0 -7.99 652.78 169.62 677.73 188.94 1.61 1.62 3.92 4.72 1.35 62.32 -7.92 0.13
Car 0.00 0 -2.82 326.80 170.69 447.60 213.23 1.62 1.67 4.22 -8.73 1.54 28.34 -3.12 0.12
Car 0.00 0 -5.97 1101.49 161.22 1241.00 231.38 1.47 1.59 3.77 14.11 1.23 17.16 -5.29 0.11
Pedestrian 0.00 0 -4.87 712.90 163.10 726.75 197.55 1.99 0.70 0.67 6.35 1.42 41.96 -4.72 0.11
Cyclist 0.00 0 -7.94 617.58 170.11 624.96 192.66 1.63 0.41 1.59 0.79 1.43 52.89 -7.92 0.10
Cyclist 0.00 0 -7.42 96.22 168.41 130.16 210.34 1.66 0.50 1.65 -20.29 1.49 29.43 -8.03 0.10
