Car 0.00 0 -4.75 662.70 183.01 694.73 213.56 1.51 1.58 3.73 3.62 2.08 38.85 -4.65 0.70
Pedestrian 0.00 0 -4.52 468.73 172.14 498.57 242.05 1.92 0.66 0.95 -3.58 1.90 20.25 -4.70 0.33
Pedestrian 0.00 0 -4.70 799.71 167.26 848.50 282.32 1.79 0.73 0.92 3.44 1.70 11.78 -4.42 0.29
Car 0.00 0 -2.64 6.39 187.30 373.32 296.40 1.41 1.52 4.35 -5.86 1.63 10.31 -3.16 0.26
Cyclist 0.00 0 -7.85 1104.50 175.36 1136.24 273.33 1.66 0.45 1.68 9.22 1.71 13.11 -7.24 0.18
Pedestrian 0.00 0 -3.67 672.67 171.12 685.46 197.02 1.96 0.53 0.82 5.24 1.83 55.07 -3.57 0.17
Pedestrian 0.00 0 -4.81 706.61 170.77 721.61 214.10 1.95 0.61 0.75 4.69 1.85 32.82 -4.66 0.15
Pedestrian 0.00 0 -5.37 1164.53 203.36 1208.22 288.80 1.29 0.38 0.38 8.91 1.77 11.22 -4.70 0.14
Cyclist 0.00 0 -7.93 692.11 179.01 701.89 211.57 1.73 0.40 1.66 4.72 2.08 39.51 -7.81 0.13
Pedestrian 0.00 0 -5.57 59.04 138.89 204.67 347.06 1.86 0.63 0.96 -4.54 1.55 6.81 -6.16 0.13
Pedestrian 0.00 0 -6.24 1206.98 130.80 1241.00 374.00 1.86 0.66 0.75 4.02 1.64 4.29 -5.49 0.13
Car 0.00 0 -4.73 669.36 173.12 687.42 190.95 1.58 1.58 3.79 6.20 1.60 65.82 -4.63 0.11
