Car 0.00 0 -7.63 397.51 181.52 500.04 251.24 1.50 1.63 3.62 -3.73 1.42 17.25 -7.84 0.97
Car 0.00 0 -7.18 0.00 201.16 326.13 375.00 1.54 1.63 4.28 -3.07 1.67 3.62 -7.88 0.96
Car 0.00 0 -7.87 575.14 176.23 616.12 214.59 1.56 1.67 3.28 -0.59 1.20 30.94 -7.89 0.95
Car 0.00 0 -7.47 244.48 175.57 368.06 242.45 1.62 1.63 4.14 -8.04 1.39 19.48 -7.86 0.93
Car 0.00 0 -7.30 29.93 190.18 246.17 281.09 1.43 1.55 3.86 -8.53 1.53 13.42 -7.87 0.93
Car 0.00 0 -7.75 494.66 179.77 543.66 217.03 1.43 1.58 3.97 -3.61 1.22 29.57 -7.87 0.91
Car 0.00 0 -3.96 0.00 186.63 89.52 273.73 1.46 1.50 3.51 -12.14 1.50 13.92 -4.68 0.75
Car 0.00 0 -7.46 353.18 182.31 426.81 224.61 1.43 1.51 2.96 -7.79 1.33 25.82 -7.75 0.72
Car 0.00 0 -7.70 461.87 176.71 495.94 201.80 1.48 1.52 3.63 -7.91 0.98 44.20 -7.88 0.65
Car 0.00 0 -7.72 320.27 179.70 364.67 210.98 1.43 1.53 3.64 -12.78 1.18 34.71 -8.07 0.59
Car 0.00 0 -7.36 125.57 184.26 254.05 236.68 1.42 1.58 4.03 -12.33 1.39 21.44 -7.88 0.51
Car 0.00 0 -4.63 475.34 174.14 500.55 195.75 1.57 1.57 3.97 -9.04 0.77 54.34 -4.80 0.28
Car 0.00 0 -7.96 638.03 177.93 679.96 211.10 1.52 1.60 3.91 2.40 1.19 34.90 -7.90 0.25
Car 0.00 0 -3.93 416.25 180.09 499.62 213.19 1.44 1.55 3.79 -6.91 1.22 33.30 -4.13 0.23
Car 0.00 0 -4.82 440.50 174.83 465.02 193.19 1.47 1.56 3.97 -12.93 0.64 59.79 -5.04 0.16
Pedestrian 0.00 0 -7.73 74.35 183.82 90.76 219.19 1.68 0.59 0.45 -25.16 1.61 34.40 -8.36 0.15
Car 0.00 0 -7.84 591.82 175.84 620.36 203.68 1.59 1.63 3.87 -0.11 1.06 43.04 -7.85 0.11
