Car 0.00 0 -7.99 682.91 177.58 782.77 258.95 1.62 1.68 4.09 2.64 1.74 16.64 -7.83 0.96
Car 0.00 0 -8.33 801.64 192.00 1241.00 374.00 1.54 1.64 3.86 2.81 1.74 5.66 -7.87 0.95
Car 0.00 0 -2.52 0.00 166.30 299.87 324.60 1.80 1.70 4.33 -6.47 1.72 9.05 -3.14 0.95
Car 0.00 0 -2.81 231.19 183.15 434.04 253.99 1.53 1.62 4.09 -6.36 1.79 16.74 -3.17 0.92
Car 0.00 0 -7.99 663.87 181.55 736.57 237.01 1.53 1.69 4.18 2.68 1.83 22.65 -7.87 0.90
Car 0.00 0 -5.81 174.61 189.45 403.27 270.67 1.45 1.56 3.80 -6.22 1.79 14.11 -6.22 0.90
Car 0.00 0 -7.93 649.24 177.24 693.74 218.08 1.67 1.65 3.63 2.60 1.87 31.68 -7.85 0.81
Car 0.00 0 -2.95 416.79 174.02 504.99 212.23 1.82 1.77 3.97 -7.29 1.88 35.36 -3.15 0.69
Car 0.00 0 -6.12 470.47 180.59 544.56 207.56 1.55 1.69 4.15 -6.09 2.02 42.92 -6.26 0.63
Car 0.00 0 -2.85 334.15 178.19 468.25 225.08 1.62 1.66 4.35 -7.49 1.82 25.99 -3.13 0.62
Car 0.00 0 -6.05 406.30 183.12 511.07 219.20 1.44 1.67 4.02 -6.32 1.88 30.22 -6.25 0.59
Car 0.00 0 -5.79 50.05 194.58 350.81 292.45 1.42 1.50 3.98 -6.48 1.79 11.60 -6.30 0.53
Car 0.00 0 -7.92 671.73 175.20 699.50 199.78 1.67 1.71 4.13 5.34 1.85 51.62 -7.81 0.50
Car 0.00 0 -7.99 632.36 180.18 664.16 204.73 1.45 1.52 3.44 2.34 1.93 45.35 -7.94 0.47
Car 0.00 0 -8.39 1036.37 179.39 1241.00 367.93 1.58 1.63 3.96 6.58 1.67 8.25 -7.72 0.43
Car 0.00 0 -5.82 273.58 186.27 441.47 245.00 1.45 1.53 3.98 -6.76 1.83 19.34 -6.16 0.27
Pedestrian 0.00 0 -5.60 1048.34 155.02 1129.16 278.01 1.94 0.63 0.92 7.84 1.66 11.92 -5.02 0.22
Pedestrian 0.00 0 -7.95 469.81 177.06 492.37 229.57 1.79 0.70 0.82 -4.54 1.94 25.11 -8.12 0.22
Car 0.00 0 -5.99 458.19 183.03 536.13 210.54 1.49 1.56 4.08 -6.39 2.08 40.80 -6.15 0.21
Car 0.00 0 -2.47 424.64 179.31 515.54 215.42 1.53 1.60 3.90 -6.42 1.84 32.84 -2.67 0.21
Pedestrian 0.00 0 -4.28 836.95 162.06 872.76 227.75 1.99 0.70 1.00 7.58 1.66 22.47 -3.96 0.19
Pedestrian 0.00 0 -7.29 860.06 163.24 879.03 205.17 1.88 0.69 0.43 11.75 1.45 32.77 -6.95 0.18
Pedestrian 0.00 0 -6.11 1030.78 168.94 1074.19 256.42 1.75 0.67 0.66 9.10 1.67 14.91 -5.57 0.16
Pedestrian 0.00 0 -8.22 1132.05 158.07 1203.10 273.45 1.89 0.66 0.96 9.47 1.65 12.36 -7.57 0.15
Car 0.00 0 -4.75 521.69 179.41 546.40 204.25 1.60 1.53 3.71 -5.26 2.07 49.44 -4.86 0.15
Pedestrian 0.00 0 -3.71 981.63 157.45 1051.96 260.71 1.94 0.62 1.01 7.78 1.65 13.92 -3.20 0.15
Car 0.00 0 -7.95 813.30 162.08 849.28 192.43 1.75 1.72 3.62 13.31 1.13 43.66 -7.66 0.14
Car 0.00 0 -4.79 749.38 180.47 800.44 222.66 1.47 1.60 4.06 6.29 1.79 28.04 -4.57 0.12
Car 0.00 0 -6.46 815.51 179.80 902.45 210.93 1.52 1.60 3.95 12.56 1.88 36.69 -6.13 0.10
Pedestrian 0.00 0 -5.49 1165.09 151.68 1224.57 239.19 1.91 0.67 0.79 13.04 1.45 16.17 -4.81 0.10
