Car 0.00 0 -4.65 481.38 179.02 507.73 202.03 1.53 1.60 3.75 -8.13 1.98 50.84 -4.81 0.70
Cyclist 0.00 0 -4.92 917.12 175.14 982.72 298.37 1.71 0.55 1.67 5.05 1.75 10.92 -4.49 0.53
Car 0.00 0 -2.22 0.00 180.95 114.67 233.68 1.70 1.69 3.76 -19.46 2.00 24.99 -2.88 0.25
Pedestrian 0.00 0 -5.66 472.34 176.55 485.41 199.27 1.77 0.48 0.90 -10.32 2.06 56.65 -5.84 0.18
Car 0.00 0 -7.74 231.39 184.82 270.85 214.42 1.49 1.54 3.59 -19.83 2.19 39.89 -8.20 0.16
Pedestrian 0.00 0 -4.60 39.14 200.01 61.77 243.36 1.30 0.49 0.60 -17.50 2.16 22.51 -5.26 0.16
Pedestrian 0.00 0 -6.27 375.71 174.72 385.41 199.05 1.84 0.57 0.70 -17.50 1.98 54.95 -6.58 0.14
Pedestrian 0.00 0 -4.72 1005.97 181.79 1067.39 337.00 1.63 0.57 0.70 4.71 1.74 8.08 -4.19 0.13
Pedestrian 0.00 0 -4.55 1076.80 174.51 1155.93 352.24 1.79 0.60 0.66 5.36 1.81 7.71 -3.94 0.12
Car 0.00 0 -4.85 612.33 173.89 639.94 197.65 1.82 1.64 4.13 1.22 1.90 57.50 -4.83 0.12
Cyclist 0.00 0 -7.89 157.54 173.71 184.64 251.52 1.86 0.51 1.78 -11.10 1.88 18.15 -8.44 0.11
Cyclist 0.00 0 -7.85 685.58 174.33 692.71 206.44 1.74 0.38 1.72 4.36 1.82 40.02 -7.74 0.11
Pedestrian 0.00 0 -3.39 1128.16 166.54 1212.11 324.18 1.82 0.51 0.69 6.67 1.74 8.69 -2.73 0.11
Cyclist 0.00 0 -4.67 404.73 177.20 416.98 212.73 1.78 0.54 1.80 -10.33 2.01 37.31 -4.94 0.11
Pedestrian 0.00 0 -7.88 1176.19 178.70 1241.00 356.24 1.74 0.61 0.55 6.21 1.80 7.49 -7.19 0.10
