Car 0.00 0 -3.55 847.55 147.55 1029.44 205.58 1.57 1.70 4.36 9.13 0.89 20.40 -3.13 0.91
Car 0.00 0 -4.17 0.00 196.80 224.80 374.00 1.51 1.55 3.68 -5.99 1.84 8.10 -4.81 0.88
Car 0.00 0 -4.39 312.36 191.62 426.09 256.65 1.39 1.61 3.91 -6.08 1.92 18.52 -4.71 0.86
Car 0.00 0 -8.01 666.57 174.41 729.04 219.61 1.52 1.65 4.04 3.09 1.58 26.46 -7.89 0.80
Car 0.00 0 -4.40 386.79 188.41 474.73 235.93 1.37 1.62 4.46 -6.02 1.95 24.60 -4.64 0.61
Car 0.00 0 -6.73 840.41 151.72 979.50 200.70 1.50 1.57 3.78 9.44 0.85 22.96 -6.34 0.57
Car 0.00 0 -8.44 999.96 142.08 1091.18 177.62 1.48 1.63 3.78 19.16 0.20 31.99 -7.90 0.46
Car 0.00 0 -7.19 1185.70 135.69 1241.00 180.23 1.52 1.68 4.12 23.08 0.25 25.79 -6.46 0.43
Pedestrian 0.00 0 -4.76 1006.52 140.16 1024.54 179.70 1.74 0.67 0.62 18.06 0.30 32.21 -4.25 0.41
Car 0.00 0 -7.95 657.40 175.09 703.62 212.15 1.52 1.63 4.25 3.03 1.63 32.06 -7.86 0.37
Car 0.00 0 -7.21 1141.43 137.98 1241.00 178.28 1.51 1.65 4.17 23.26 0.20 28.30 -6.52 0.36
Car 0.00 0 -6.62 763.57 167.19 882.08 207.30 1.51 1.58 4.13 8.18 1.30 28.08 -6.34 0.34
Car 0.00 0 -6.57 807.48 158.37 934.82 200.74 1.43 1.57 3.90 9.01 0.94 25.24 -6.22 0.33
Pedestrian 0.00 0 -6.82 739.94 172.39 758.29 205.84 1.71 0.59 0.73 7.17 1.69 37.38 -6.63 0.33
Car 0.00 0 -4.96 642.22 176.33 683.68 204.12 1.51 1.58 3.49 2.97 1.72 41.57 -4.88 0.31
Car 0.00 0 -8.22 824.12 148.87 892.96 186.02 1.66 1.68 4.22 11.69 0.59 34.33 -7.89 0.26
Cyclist 0.00 0 -4.43 462.15 175.05 472.58 195.71 1.57 0.38 1.51 -11.01 1.74 55.61 -4.63 0.25
Pedestrian 0.00 0 -4.66 1016.96 136.50 1034.62 174.88 1.80 0.69 0.80 19.76 0.10 34.36 -4.13 0.23
Car 0.00 0 -7.76 454.96 184.70 498.66 220.80 1.43 1.54 4.07 -5.88 1.99 32.00 -7.94 0.22
Pedestrian 0.00 0 -8.12 1120.20 135.62 1142.22 173.52 1.77 0.66 0.79 24.65 0.03 34.18 -7.49 0.21
Pedestrian 0.00 0 -4.71 0.00 184.17 11.86 303.75 1.77 0.63 0.74 -9.82 1.96 11.28 -5.42 0.21
Car 0.00 0 -5.09 482.25 180.69 528.71 205.15 1.47 1.60 4.08 -6.86 2.00 46.85 -5.23 0.19
Pedestrian 0.00 0 -5.21 1074.80 136.04 1100.66 174.76 1.82 0.69 0.88 22.72 0.09 34.39 -4.63 0.16
Car 0.00 0 -4.50 195.58 191.90 284.54 248.66 1.43 1.59 3.93 -11.03 2.06 21.67 -4.97 0.16
Car 0.00 0 -4.63 533.75 179.80 555.87 196.95 1.39 1.56 4.18 -5.62 2.01 62.29 -4.72 0.14
Cyclist 0.00 0 -3.97 416.80 177.66 445.44 208.48 1.68 0.56 1.71 -10.07 1.96 40.53 -4.22 0.14
Pedestrian 0.00 0 -7.79 1094.01 138.01 1114.05 178.00 1.70 0.67 0.74 21.31 0.22 31.18 -7.19 0.13
Cyclist 0.00 0 -5.48 1154.91 134.55 1197.56 173.76 1.64 0.58 1.47 24.18 0.04 30.88 -4.82 0.12
