Car 0.00 0 -4.05 0.00 195.45 51.08 355.29 1.46 1.71 4.47 -9.81 1.83 9.56 -4.85 0.91
Car 0.00 0 -4.39 215.30 189.62 309.15 243.10 1.40 1.51 3.58 -10.51 1.96 21.95 -4.84 0.56
Car 0.00 0 -4.78 558.97 177.69 578.15 193.68 1.47 1.59 3.63 -4.02 1.94 69.26 -4.84 0.31
Car 0.00 0 -5.42 947.48 184.40 1061.70 226.71 1.46 1.62 4.13 15.25 1.94 28.24 -4.92 0.29
Pedestrian 0.00 0 -4.10 942.06 180.01 991.72 272.80 1.51 0.55 0.52 5.96 1.63 12.16 -3.64 0.24
Car 0.00 0 -7.43 52.37 189.72 207.16 263.43 1.44 1.60 3.85 -11.20 1.89 17.08 -8.01 0.21
Pedestrian 0.00 0 -2.08 173.66 211.15 320.27 374.00 1.60 0.54 0.72 -2.35 1.86 4.56 -2.56 0.12
Car 0.00 0 -8.39 1225.55 192.97 1241.00 243.37 1.45 1.59 3.54 22.60 2.18 24.18 -7.63 0.11
Car 0.00 0 -4.61 827.72 180.43 857.32 204.66 1.59 1.61 3.63 16.26 2.14 50.47 -4.30 0.11
Pedestrian 0.00 0 -8.88 1122.30 165.58 1162.72 230.02 1.75 0.57 0.71 14.73 1.55 20.03 -8.24 0.11
Car 0.00 0 -4.86 629.19 176.45 658.32 197.99 1.53 1.61 3.98 2.45 1.80 53.85 -4.81 0.10
Pedestrian 0.00 0 -7.75 1069.08 174.32 1089.68 220.66 1.80 0.64 0.42 18.42 1.86 28.38 -7.17 0.10
