Pedestrian 0.00 0 -2.92 619.59 155.03 725.94 326.55 1.78 0.67 1.05 0.71 1.52 7.81 -2.83 0.84
Pedestrian 0.00 0 -3.64 660.90 162.26 712.38 257.84 1.73 0.66 0.73 1.48 1.40 13.21 -3.53 0.41
Pedestrian 0.00 0 -8.17 837.11 168.98 869.80 234.03 1.61 0.61 0.63 6.21 1.32 17.79 -7.83 0.21
Pedestrian 0.00 0 -5.44 627.95 169.46 674.43 258.98 1.58 0.50 0.71 0.80 1.39 12.91 -5.38 0.20
Pedestrian 0.00 0 -4.94 990.80 229.23 1069.27 369.00 1.15 0.37 0.64 3.15 1.55 5.36 -4.41 0.17
Pedestrian 0.00 0 -3.94 1169.81 166.13 1223.00 260.97 1.57 0.59 0.67 10.12 1.33 12.00 -3.24 0.16
Pedestrian 0.00 0 -4.27 0.00 173.46 56.13 258.61 1.65 0.67 0.85 -11.67 1.52 14.20 -4.96 0.16
Pedestrian 0.00 0 -5.02 940.49 163.10 995.49 267.80 1.66 0.60 0.75 5.90 1.38 11.61 -4.55 0.14
Car 0.00 0 -7.76 654.01 139.98 688.70 169.24 1.56 1.67 3.77 3.91 -0.69 41.25 -7.67 0.14
Pedestrian 0.00 0 -4.76 691.66 161.54 724.60 250.27 1.76 0.62 0.83 2.06 1.39 14.48 -4.62 0.14
Car 0.00 0 -5.53 0.00 181.25 118.52 225.33 1.52 1.67 4.28 -20.16 1.55 25.40 -6.20 0.13
Pedestrian 0.00 0 -4.36 843.37 150.92 895.40 262.61 1.89 0.63 0.79 4.62 1.39 12.46 -4.01 0.12
Pedestrian 0.00 0 -4.76 1083.99 149.40 1133.42 262.83 1.78 0.61 0.81 8.18 1.29 11.57 -4.15 0.12
Car 0.00 0 -8.70 1109.47 185.38 1223.00 369.00 1.47 1.56 3.47 5.27 1.51 4.62 -7.85 0.11
Pedestrian 0.00 0 -7.92 899.13 160.59 942.08 266.72 1.71 0.61 0.74 5.24 1.39 11.86 -7.50 0.11
Pedestrian 0.00 0 -8.81 1012.93 158.08 1085.26 268.10 1.73 0.57 0.83 7.25 1.38 11.63 -8.25 0.11
