Car 0.00 0 -6.79 1093.46 166.87 1241.00 286.75 1.68 1.76 4.36 10.46 1.60 11.46 -6.05 0.94
Car 0.00 0 -5.43 148.49 184.82 336.34 259.00 1.40 1.47 3.77 -7.94 1.68 15.48 -5.90 0.43
Car 0.00 0 -3.93 0.00 203.95 69.79 374.00 1.34 1.51 4.11 -7.29 1.72 6.71 -4.76 0.40
Pedestrian 0.00 0 -7.85 908.74 174.80 929.26 221.97 1.61 0.65 0.62 10.67 1.68 25.03 -7.45 0.14
Car 0.00 0 -8.10 1092.83 176.45 1236.30 254.24 1.52 1.64 3.89 12.32 1.61 16.37 -7.46 0.14
Pedestrian 0.00 0 -4.52 355.55 146.21 424.20 312.41 1.95 0.65 0.98 -2.77 1.64 8.97 -4.82 0.12
Cyclist 0.00 0 -5.61 894.36 170.01 925.40 200.11 1.75 0.55 1.73 17.75 1.58 42.81 -5.22 0.12
Pedestrian 0.00 0 -6.97 591.55 171.52 603.20 194.04 1.85 0.55 0.80 -1.07 1.74 59.85 -6.98 0.12
Pedestrian 0.00 0 -6.42 964.73 170.32 979.88 205.29 1.78 0.60 0.62 18.57 1.65 37.06 -5.96 0.10
Pedestrian 0.00 0 -7.30 82.65 183.09 95.16 210.43 1.65 0.54 0.30 -31.67 2.27 43.80 -7.93 0.10
