Car 0.00 0 -4.49 394.86 195.57 516.28 278.10 1.35 1.61 3.99 -3.08 1.89 14.94 -4.70 0.97
Car 0.00 0 -8.26 768.65 187.02 1206.36 374.00 1.57 1.64 4.23 2.68 1.74 6.44 -7.87 0.96
Car 0.00 0 -8.12 689.92 191.71 862.91 307.94 1.41 1.59 4.09 2.37 1.77 11.54 -7.92 0.91
Car 0.00 0 -7.88 634.08 181.98 663.74 209.47 1.47 1.62 3.95 2.19 2.03 41.98 -7.83 0.82
Car 0.00 0 -4.72 522.95 185.79 556.81 217.43 1.43 1.61 4.07 -3.61 2.12 36.49 -4.82 0.65
Car 0.00 0 -4.54 501.79 186.39 530.74 208.43 1.49 1.51 3.42 -6.82 2.51 52.56 -4.66 0.48
Cyclist 0.00 0 -5.88 331.75 183.46 391.92 246.43 1.78 0.53 1.56 -7.22 2.10 20.87 -6.21 0.28
Car 0.00 0 -7.91 553.57 182.86 577.56 205.17 1.58 1.60 3.75 -3.43 2.37 54.77 -7.97 0.26
Car 0.00 0 -4.43 385.43 191.21 443.85 225.55 1.41 1.64 3.80 -9.08 2.32 33.69 -4.69 0.18
Car 0.00 0 -4.66 563.20 185.74 583.20 203.02 1.46 1.62 3.57 -3.33 2.66 65.31 -4.71 0.18
Pedestrian 0.00 0 -4.82 223.09 196.09 255.85 276.49 1.68 0.56 0.77 -8.19 2.21 15.83 -5.30 0.17
Car 0.00 0 -8.31 587.21 180.24 635.88 205.85 1.64 1.68 4.14 0.03 2.17 49.58 -8.31 0.16
Pedestrian 0.00 0 -2.12 165.97 205.42 210.29 288.05 1.37 0.42 0.59 -7.40 1.96 12.57 -2.65 0.15
Pedestrian 0.00 0 -4.37 225.81 176.02 280.86 279.13 1.84 0.66 0.87 -6.65 1.90 13.38 -4.84 0.14
Car 0.00 0 -4.55 513.71 182.11 540.33 202.20 1.63 1.63 4.15 -7.19 2.46 62.66 -4.66 0.12
Car 0.00 0 -7.91 629.16 178.76 658.27 205.98 1.76 1.74 4.31 2.25 2.18 49.63 -7.87 0.11
Pedestrian 0.00 0 -3.98 52.09 230.30 103.06 321.87 1.12 0.35 0.40 -6.92 1.88 9.30 -4.62 0.10
Car 0.00 0 -7.49 319.20 175.35 409.67 229.81 1.84 1.74 4.40 -9.05 1.95 26.86 -7.82 0.10
