Car 0.00 0 -7.61 371.02 183.53 465.05 244.63 1.38 1.51 3.28 -4.66 1.34 17.88 -7.87 0.97
Car 0.00 0 -7.47 277.25 180.90 379.42 232.43 1.43 1.62 3.72 -8.41 1.31 21.85 -7.84 0.96
Car 0.00 0 -7.36 129.44 185.80 248.61 234.53 1.38 1.55 3.84 -12.88 1.40 22.31 -7.88 0.94
Car 0.00 0 -7.89 574.67 176.22 653.98 250.23 1.51 1.63 3.52 0.04 1.33 16.48 -7.88 0.94
Car 0.00 0 -7.73 453.04 179.34 513.91 221.99 1.42 1.64 4.27 -4.47 1.23 26.12 -7.90 0.92
Car 0.00 0 -7.22 0.00 185.47 271.41 375.00 1.60 1.58 3.45 -4.18 1.61 5.46 -7.88 0.90
Car 0.00 0 -7.08 0.00 192.71 70.22 368.09 1.50 1.65 3.93 -8.51 1.61 8.29 -7.88 0.87
Car 0.00 0 -4.01 0.00 188.24 96.96 277.92 1.50 1.59 4.13 -12.41 1.57 14.25 -4.73 0.51
Car 0.00 0 -4.64 512.93 174.08 550.21 203.48 1.48 1.65 4.50 -4.06 0.92 38.53 -4.74 0.34
Car 0.00 0 -4.75 624.47 174.38 647.40 196.37 1.62 1.60 3.80 2.10 0.82 54.72 -4.71 0.34
Car 0.00 0 -7.86 579.53 176.04 617.11 210.90 1.49 1.61 3.55 -0.48 1.10 32.48 -7.87 0.29
Car 0.00 0 -4.43 522.25 175.07 564.00 200.42 1.49 1.59 3.68 -3.95 0.89 44.20 -4.52 0.21
Car 0.00 0 -4.44 435.05 172.32 479.89 198.76 1.47 1.54 4.03 -8.76 0.75 42.04 -4.65 0.20
Car 0.00 0 -7.69 371.23 166.82 413.67 198.80 1.76 1.73 3.83 -12.39 0.75 41.47 -7.98 0.14
Car 0.00 0 -2.91 439.16 171.12 539.75 208.35 1.71 1.77 4.43 -5.60 1.07 34.11 -3.08 0.13
Car 0.00 0 -7.72 468.58 172.83 496.34 195.25 1.64 1.57 3.84 -9.46 0.73 54.40 -7.89 0.13
Car 0.00 0 -7.70 647.39 179.82 681.09 204.13 1.54 1.61 4.06 3.76 1.20 47.55 -7.62 0.12
Pedestrian 0.00 0 -8.48 767.54 169.37 793.20 222.50 1.69 0.56 0.60 5.52 1.18 23.19 -8.24 0.11
