Car 0.00 0 -6.16 20.35 178.51 223.84 243.53 1.61 1.74 4.41 -12.80 1.53 19.50 -6.74 0.88
Car 0.00 0 -7.72 560.21 170.57 595.58 197.31 1.52 1.63 3.64 -1.35 0.90 42.62 -7.75 0.85
Car 0.00 0 -6.82 378.53 175.67 502.65 221.74 1.46 1.55 3.93 -5.50 1.28 24.74 -7.04 0.64
Car 0.00 0 -2.60 287.96 184.15 372.89 212.72 1.43 1.60 3.87 -14.08 1.58 37.36 -2.96 0.29
Car 0.00 0 -5.24 961.45 123.30 1050.14 163.46 1.50 1.64 3.66 16.95 -0.81 30.33 -4.73 0.22
Car 0.00 0 -7.75 604.72 167.56 629.03 188.12 1.72 1.68 4.14 1.40 0.55 62.32 -7.72 0.20
Pedestrian 0.00 0 -7.62 550.60 171.28 561.38 195.45 1.78 0.63 0.82 -3.35 1.03 53.25 -7.69 0.19
Car 0.00 0 -7.74 483.14 177.85 522.47 207.40 1.37 1.51 3.64 -4.79 1.20 35.18 -7.88 0.17
Pedestrian 0.00 0 -3.78 1091.97 135.76 1196.14 283.21 1.73 0.62 0.80 6.53 1.19 8.73 -3.14 0.12
Pedestrian 0.00 0 -8.62 666.90 170.23 688.22 209.92 1.65 0.64 0.63 3.19 1.18 30.28 -8.51 0.12
Car 0.00 0 -7.79 377.33 175.31 421.09 211.85 1.48 1.58 3.77 -8.69 1.23 31.03 -8.06 0.12
Cyclist 0.00 0 -8.46 1231.31 110.33 1237.00 163.68 1.75 0.55 1.65 22.80 -0.64 24.99 -7.72 0.12
Pedestrian 0.00 0 -3.85 1007.11 145.08 1079.04 262.99 1.73 0.63 0.68 6.63 1.19 10.88 -3.30 0.11
Car 0.00 0 -5.14 1135.06 121.28 1221.55 159.58 1.48 1.62 3.68 25.64 -1.04 32.09 -4.47 0.11
Pedestrian 0.00 0 -3.31 977.89 150.49 1042.17 259.93 1.71 0.59 0.82 6.55 1.23 11.62 -2.79 0.11
