Cyclist 0.00 0 -8.30 957.16 148.25 1048.94 276.97 1.82 0.54 1.73 5.93 1.47 11.09 -7.81 0.93
Car 0.00 0 -5.12 936.76 181.91 989.05 205.26 1.50 1.66 4.44 24.57 2.17 50.45 -4.66 0.70
Pedestrian 0.00 0 -8.22 786.80 167.42 812.17 216.34 1.86 0.69 0.85 7.27 1.65 27.88 -7.96 0.70
Car 0.00 0 -3.63 900.25 185.59 982.52 211.79 1.49 1.56 4.18 19.53 2.26 42.67 -3.20 0.65
Pedestrian 0.00 0 -8.24 1010.75 151.78 1065.26 249.18 1.74 0.60 0.81 7.86 1.37 13.36 -7.71 0.51
Car 0.00 0 -3.46 800.29 173.82 883.50 200.33 1.54 1.59 4.42 13.67 1.60 42.79 -3.15 0.35
Pedestrian 0.00 0 -8.21 1053.00 153.94 1106.79 248.53 1.68 0.60 0.76 8.56 1.34 13.25 -7.64 0.30
Cyclist 0.00 0 -3.94 412.27 177.35 435.53 205.76 1.79 0.51 1.57 -12.05 2.09 46.65 -4.20 0.25
Car 0.00 0 -3.74 1233.74 181.16 1241.00 208.37 1.55 1.64 4.25 40.00 2.06 42.88 -2.99 0.20
Car 0.00 0 -4.78 1196.44 178.51 1231.74 202.62 1.54 1.57 4.09 41.18 1.95 49.28 -4.08 0.19
Pedestrian 0.00 0 -4.97 910.88 175.20 935.24 225.82 1.56 0.51 0.79 9.78 1.63 22.65 -4.57 0.17
Car 0.00 0 -3.49 840.73 180.24 918.13 203.95 1.54 1.75 4.55 18.02 2.05 48.46 -3.13 0.16
Cyclist 0.00 0 -8.12 731.33 165.63 752.82 206.59 1.89 0.56 1.76 6.21 1.56 34.23 -7.94 0.16
Car 0.00 0 -4.65 1088.93 173.66 1116.51 193.16 1.56 1.63 4.08 41.00 1.63 60.04 -4.05 0.15
Pedestrian 0.00 0 -6.11 662.71 172.12 673.30 192.86 1.76 0.48 0.83 4.92 1.70 61.50 -6.03 0.13
Pedestrian 0.00 0 -6.35 679.58 168.52 690.45 195.77 1.93 0.55 0.73 5.30 1.62 51.27 -6.25 0.13
Car 0.00 0 -7.79 462.73 181.17 504.08 217.69 1.49 1.59 3.78 -5.65 1.89 32.32 -7.96 0.12
Pedestrian 0.00 0 -6.95 1043.12 176.38 1061.41 206.97 1.77 0.64 0.66 25.82 1.98 42.18 -6.40 0.11
Car 0.00 0 -4.80 1065.38 172.29 1092.74 191.16 1.55 1.59 4.11 39.94 1.51 61.54 -4.23 0.11
Pedestrian 0.00 0 -3.80 775.80 170.27 785.48 191.93 1.87 0.47 0.68 14.82 1.65 62.76 -3.57 0.10
