Car 0.00 0 -3.88 0.00 225.44 80.10 374.00 1.45 1.69 3.98 -5.93 1.96 4.94 -4.76 0.94
Car 0.00 0 -8.02 672.73 175.50 749.88 227.77 1.50 1.73 4.44 3.09 1.59 23.18 -7.88 0.94
Car 0.00 0 -4.38 243.36 195.86 385.37 280.81 1.42 1.58 3.71 -6.00 1.96 14.98 -4.76 0.93
Car 0.00 0 -4.19 18.18 200.02 309.15 343.34 1.48 1.65 4.09 -6.01 1.95 10.30 -4.72 0.93
Car 0.00 0 -3.63 894.68 145.45 1111.74 212.74 1.51 1.64 4.22 9.09 0.89 17.00 -3.14 0.92
Car 0.00 0 -4.47 352.48 192.19 443.32 248.63 1.38 1.62 4.01 -6.10 1.99 21.01 -4.75 0.91
Car 0.00 0 -4.48 427.83 187.93 490.59 227.32 1.37 1.56 4.00 -5.95 2.01 28.67 -4.69 0.90
Car 0.00 0 -6.80 883.87 150.57 1057.92 208.36 1.49 1.58 3.93 9.61 0.91 19.46 -6.34 0.75
Car 0.00 0 -3.60 783.87 162.14 920.23 210.23 1.58 1.62 4.16 8.24 1.23 24.84 -3.28 0.70
Car 0.00 0 -8.00 661.44 177.15 716.73 218.56 1.49 1.61 3.76 2.99 1.68 28.34 -7.89 0.68
Car 0.00 0 -4.43 490.57 182.57 533.50 210.12 1.53 1.54 3.89 -5.88 2.14 43.46 -4.56 0.67
Car 0.00 0 -3.56 832.22 156.72 986.60 207.26 1.47 1.59 4.03 8.97 1.00 21.91 -3.17 0.65
Car 0.00 0 -5.36 1044.78 133.64 1157.82 174.80 1.51 1.64 3.93 19.21 0.07 28.49 -4.77 0.46
Car 0.00 0 -7.05 1214.74 138.67 1241.00 183.97 1.49 1.60 4.14 23.25 0.37 24.53 -6.30 0.45
Pedestrian 0.00 0 -5.57 1137.70 132.43 1169.51 175.53 1.82 0.66 0.86 23.23 0.11 30.89 -4.92 0.44
Car 0.00 0 -4.42 462.38 184.97 513.96 218.38 1.45 1.50 3.48 -5.80 2.06 34.48 -4.59 0.43
Car 0.00 0 -8.25 844.29 145.58 923.97 184.97 1.57 1.70 4.23 11.62 0.48 30.98 -7.89 0.28
Car 0.00 0 -3.85 0.00 228.56 212.94 374.00 1.54 1.65 3.80 -3.37 1.90 2.71 -4.75 0.21
Car 0.00 0 -6.66 724.34 171.07 802.87 198.23 1.59 1.66 4.31 9.17 1.48 43.35 -6.45 0.18
Cyclist 0.00 0 -2.37 197.50 174.43 239.34 214.68 1.75 0.57 1.71 -17.33 1.82 31.85 -2.87 0.18
Car 0.00 0 -8.17 766.17 153.05 840.36 199.02 1.85 1.79 4.54 8.23 1.05 31.30 -7.91 0.16
Car 0.00 0 -6.87 637.82 178.18 710.91 204.40 1.51 1.68 4.22 3.91 1.85 44.04 -6.78 0.15
Pedestrian 0.00 0 -7.74 731.61 171.20 759.23 237.03 1.61 0.63 0.43 3.33 1.57 17.99 -7.56 0.15
Car 0.00 0 -5.07 642.86 177.58 695.19 208.19 1.50 1.56 3.67 3.02 1.77 38.05 -4.99 0.14
Pedestrian 0.00 0 -8.08 1182.70 133.96 1205.94 176.03 1.77 0.63 0.70 24.90 0.13 30.81 -7.40 0.14
Cyclist 0.00 0 -8.27 596.98 172.93 634.60 228.35 1.72 0.57 1.71 0.12 1.72 23.29 -8.26 0.13
Car 0.00 0 -5.30 487.83 184.02 584.47 226.61 1.47 1.70 4.24 -3.01 1.94 28.25 -5.40 0.13
Cyclist 0.00 0 -3.94 423.01 181.16 449.50 210.42 1.71 0.57 1.64 -10.48 2.22 43.43 -4.18 0.12
Cyclist 0.00 0 -2.45 418.36 178.49 448.35 207.32 1.76 0.74 1.76 -11.08 2.12 45.10 -2.69 0.12
Cyclist 0.00 0 -3.78 82.54 188.08 179.56 283.17 1.73 0.52 1.59 -9.43 2.04 14.20 -4.36 0.11
Car 0.00 0 -7.24 511.40 178.05 556.21 199.78 1.58 1.63 3.61 -5.84 1.99 55.38 -7.34 0.10
