Pedestrian 0.00 0 -3.82 1048.84 137.47 1174.32 312.77 1.86 0.59 0.98 5.53 1.40 7.82 -3.20 0.83
Pedestrian 0.00 0 -8.14 837.12 169.47 869.98 234.06 1.60 0.63 0.64 6.21 1.32 17.79 -7.80 0.19
Car 0.00 0 -5.44 0.00 182.65 124.34 225.54 1.47 1.67 4.38 -20.04 1.56 25.62 -6.10 0.18
Pedestrian 0.00 0 -4.38 0.00 175.28 47.17 259.97 1.64 0.59 0.73 -11.72 1.54 14.16 -5.07 0.17
Car 0.00 0 -8.97 1087.74 192.26 1223.00 369.00 1.49 1.55 3.22 4.99 1.59 4.32 -8.11 0.17
Pedestrian 0.00 0 -4.91 635.93 172.40 672.75 261.95 1.58 0.52 0.82 0.85 1.44 12.93 -4.84 0.17
Pedestrian 0.00 0 -5.00 988.30 231.11 1075.21 369.00 1.17 0.38 0.68 3.16 1.58 5.36 -4.47 0.16
Car 0.00 0 -3.99 0.00 183.57 72.18 235.43 1.47 1.65 4.10 -19.25 1.58 22.34 -4.70 0.16
Pedestrian 0.00 0 -4.98 1098.86 146.47 1161.44 263.89 1.84 0.62 0.84 8.53 1.31 11.57 -4.34 0.16
Cyclist 0.00 0 -7.70 498.69 164.12 547.64 264.89 1.72 0.64 1.83 -1.52 1.45 13.02 -7.82 0.16
Pedestrian 0.00 0 -7.99 260.20 161.53 304.35 257.25 1.78 0.66 0.92 -6.32 1.43 13.74 -8.42 0.15
Pedestrian 0.00 0 -4.23 852.64 159.01 909.03 266.74 1.75 0.60 0.77 4.62 1.40 11.95 -3.86 0.13
Pedestrian 0.00 0 -3.00 1017.88 158.06 1080.03 268.21 1.74 0.58 0.80 7.26 1.39 11.64 -2.45 0.12
Pedestrian 0.00 0 -5.11 683.85 162.29 727.74 251.43 1.77 0.63 0.80 2.02 1.41 14.50 -4.97 0.11
Pedestrian 0.00 0 -4.05 660.57 141.11 678.46 173.38 1.78 0.63 0.83 3.63 -0.40 39.83 -3.96 0.11
Cyclist 0.00 0 -4.85 670.53 166.81 688.97 208.25 1.63 0.52 1.56 2.98 1.09 28.53 -4.75 0.11
