Car 0.00 0 -7.97 805.44 182.28 966.71 328.37 1.57 1.60 3.50 3.51 1.72 9.86 -7.62 0.93
Car 0.00 0 -4.56 597.36 183.61 654.26 225.75 1.55 1.72 4.12 0.68 2.02 29.78 -4.53 0.88
Car 0.00 0 -4.80 749.50 182.21 786.75 212.95 1.52 1.64 3.74 8.45 2.06 38.95 -4.58 0.87
Car 0.00 0 -7.86 794.34 186.81 881.92 270.64 1.48 1.58 3.60 4.78 1.82 15.35 -7.55 0.68
Car 0.00 0 -4.56 650.95 184.64 686.39 210.21 1.50 1.66 4.23 3.81 2.30 46.70 -4.48 0.62
Car 0.00 0 -7.03 854.83 184.29 979.78 231.09 1.49 1.63 3.94 10.64 1.91 25.11 -6.62 0.33
Car 0.00 0 -4.20 637.36 182.52 686.95 206.39 1.57 1.66 4.23 3.73 2.28 51.34 -4.13 0.28
Car 0.00 0 -4.79 744.20 180.89 775.16 207.65 1.58 1.62 4.05 9.48 2.12 46.08 -4.59 0.19
Pedestrian 0.00 0 -8.24 1236.75 127.37 1241.00 189.60 1.82 0.63 0.48 19.11 0.49 21.47 -7.51 0.15
Pedestrian 0.00 0 -4.35 1219.64 144.05 1234.45 183.74 1.90 0.48 0.26 29.70 0.52 34.77 -3.64 0.14
Cyclist 0.00 0 -4.87 833.54 180.06 851.77 217.73 1.66 0.55 1.58 10.55 1.99 32.88 -4.56 0.13
Cyclist 0.00 0 -7.03 362.46 177.44 416.33 236.07 1.75 0.56 1.67 -6.91 1.90 22.53 -7.32 0.12
Pedestrian 0.00 0 -4.77 1172.40 125.79 1199.00 179.04 1.80 0.68 0.64 19.75 0.21 24.81 -4.10 0.11
Car 0.00 0 -7.97 796.41 180.79 836.84 213.19 1.58 1.64 3.56 10.77 2.02 37.93 -7.69 0.11
Car 0.00 0 -4.38 783.15 180.49 828.91 206.73 1.57 1.60 4.12 12.66 2.09 46.58 -4.12 0.10
