Car 0.00 0 -7.52 329.07 181.43 428.15 237.06 1.51 1.65 4.06 -7.05 1.80 22.26 -7.82 0.26
Pedestrian 0.00 0 -6.46 645.82 172.29 659.54 197.47 1.84 0.51 0.93 3.11 1.80 53.00 -6.40 0.24
Car 0.00 0 -7.31 611.21 175.06 646.55 190.96 1.43 1.56 3.81 1.77 1.64 67.35 -7.29 0.24
Cyclist 0.00 0 -6.79 237.62 178.72 264.26 203.77 1.67 0.59 1.54 -24.60 2.08 49.40 -7.25 0.17
Car 0.00 0 -3.63 0.00 222.75 289.85 374.00 1.54 1.60 3.96 -3.32 1.89 2.86 -4.49 0.15
Car 0.00 0 -3.16 461.55 176.36 548.51 208.96 1.61 1.70 4.32 -5.42 1.79 37.03 -3.30 0.15
Car 0.00 0 -4.89 726.94 175.74 757.76 197.47 1.59 1.67 3.81 10.09 1.82 55.37 -4.71 0.13
Car 0.00 0 -4.12 1215.37 180.51 1241.00 208.73 1.56 1.64 4.22 37.69 2.02 42.00 -3.39 0.13
Pedestrian 0.00 0 -6.03 606.84 173.53 617.36 198.22 1.70 0.66 0.59 0.12 1.75 50.15 -6.03 0.12
Cyclist 0.00 0 -8.30 1216.72 184.64 1241.00 233.42 1.67 0.48 1.72 22.65 2.12 26.09 -7.59 0.10
