Car 0.00 0 -5.18 848.14 201.60 1241.00 374.00 1.44 1.66 4.33 3.94 1.83 7.50 -4.70 0.96
Car 0.00 0 -8.08 755.28 195.61 894.31 289.99 1.36 1.55 4.05 3.76 1.85 13.47 -7.81 0.95
Car 0.00 0 -8.05 727.40 190.59 813.31 254.39 1.43 1.56 3.18 4.01 1.93 18.67 -7.84 0.95
Car 0.00 0 -4.60 529.97 179.25 579.54 218.73 1.56 1.69 4.02 -2.37 1.86 31.26 -4.67 0.87
Car 0.00 0 -8.02 679.99 185.17 732.60 224.03 1.45 1.57 3.62 3.90 2.00 30.01 -7.89 0.78
Car 0.00 0 -7.98 701.65 186.40 758.99 232.99 1.46 1.54 3.44 4.12 1.97 25.39 -7.82 0.76
Car 0.00 0 -4.45 283.38 152.35 507.29 340.90 1.92 1.69 4.27 -2.54 1.71 9.47 -4.72 0.71
Car 0.00 0 -4.51 418.61 181.98 537.25 269.27 1.52 1.64 3.98 -2.64 1.74 15.00 -4.69 0.62
Car 0.00 0 -7.98 671.41 182.51 714.47 216.05 1.52 1.63 3.94 4.02 2.03 35.80 -7.87 0.34
Pedestrian 0.00 0 -8.01 964.22 165.84 984.00 214.54 1.86 0.62 0.44 14.03 1.59 27.89 -7.54 0.26
Car 0.00 0 -7.93 665.26 181.86 691.40 204.54 1.40 1.47 3.50 4.45 2.02 47.65 -7.83 0.25
Car 0.00 0 -3.38 453.76 182.04 541.47 215.58 1.51 1.63 3.90 -5.46 1.97 34.79 -3.54 0.22
Car 0.00 0 -7.36 670.90 181.59 723.07 209.24 1.50 1.54 3.52 5.08 2.03 42.13 -7.24 0.20
Car 0.00 0 -4.52 471.83 186.11 503.80 208.22 1.47 1.55 4.06 -8.85 2.47 52.34 -4.69 0.19
Car 0.00 0 -4.72 578.75 180.99 611.37 214.13 1.56 1.58 3.97 -0.83 1.99 36.86 -4.75 0.18
Pedestrian 0.00 0 -3.65 805.41 168.54 817.68 212.25 2.04 0.56 0.33 9.47 1.84 34.05 -3.37 0.17
Pedestrian 0.00 0 -3.18 796.55 165.16 811.35 199.41 1.91 0.56 0.78 10.85 1.48 40.52 -2.92 0.14
Cyclist 0.00 0 -4.19 285.77 166.11 359.86 269.41 1.77 0.56 1.56 -5.25 1.65 13.16 -4.57 0.14
Pedestrian 0.00 0 -3.71 997.54 166.96 1027.27 224.75 1.86 0.63 0.60 13.08 1.67 23.54 -3.21 0.13
Pedestrian 0.00 0 -4.34 0.00 142.14 20.96 374.00 1.84 0.59 0.88 -5.36 1.61 5.84 -5.08 0.11
Car 0.00 0 -3.22 755.26 179.71 815.81 201.96 1.56 1.66 4.15 12.67 2.07 52.38 -2.99 0.11
