Car 0.00 0 -7.47 168.94 188.75 399.08 306.30 1.50 1.69 4.69 -4.92 1.57 11.64 -7.87 0.96
Car 0.00 0 -7.40 168.73 184.14 290.84 237.84 1.50 1.65 4.20 -11.55 1.47 22.22 -7.88 0.95
Car 0.00 0 -7.26 0.00 195.57 203.62 292.93 1.38 1.56 3.46 -8.68 1.58 12.29 -7.88 0.94
Car 0.00 0 -7.60 353.26 183.05 424.96 223.23 1.45 1.63 4.38 -8.50 1.37 28.18 -7.89 0.92
Car 0.00 0 -7.50 284.30 183.41 383.76 237.82 1.52 1.61 3.77 -8.27 1.47 21.95 -7.86 0.86
Car 0.00 0 -7.83 571.05 180.28 600.82 207.79 1.50 1.61 3.15 -1.23 1.23 40.83 -7.86 0.86
Car 0.00 0 -7.74 490.83 183.38 530.03 213.15 1.43 1.54 3.69 -4.89 1.34 36.27 -7.87 0.75
Car 0.00 0 -7.80 311.18 181.16 351.50 215.52 1.56 1.62 3.67 -13.33 1.38 34.73 -8.17 0.39
Car 0.00 0 -2.41 431.71 183.81 522.03 217.45 1.47 1.61 4.05 -6.09 1.41 33.14 -2.59 0.35
Pedestrian 0.00 0 -2.72 633.05 179.40 650.97 210.74 1.60 0.58 0.75 1.73 1.30 37.02 -2.67 0.26
Pedestrian 0.00 0 -6.08 1205.26 143.98 1240.00 361.60 1.78 0.61 0.87 5.92 1.45 6.41 -5.34 0.24
Car 0.00 0 -4.99 395.05 186.96 439.15 211.14 1.51 1.69 4.32 -12.69 1.63 47.58 -5.25 0.22
Cyclist 0.00 0 -2.24 341.50 187.87 366.01 214.24 1.75 0.58 1.79 -17.16 1.93 48.49 -2.58 0.21
Car 0.00 0 -4.71 523.93 179.07 544.13 198.44 1.50 1.56 3.86 -5.92 1.03 57.70 -4.81 0.17
Cyclist 0.00 0 -7.49 271.37 175.53 294.94 211.19 1.74 0.46 1.81 -16.23 1.27 35.91 -7.92 0.17
Car 0.00 0 -4.40 517.70 181.79 556.13 204.95 1.47 1.51 3.51 -4.65 1.25 47.41 -4.49 0.16
Pedestrian 0.00 0 -4.73 858.21 169.83 891.14 263.98 1.73 0.57 0.68 5.01 1.45 13.64 -4.38 0.16
Car 0.00 0 -4.67 659.16 180.97 704.38 221.02 1.51 1.67 4.14 3.03 1.35 29.20 -4.57 0.14
Cyclist 0.00 0 -8.30 618.44 178.27 635.42 205.42 1.63 0.43 1.50 1.14 1.22 44.06 -8.28 0.14
Car 0.00 0 -8.51 1219.80 172.37 1240.00 375.00 1.43 1.52 3.64 7.17 1.36 6.11 -7.64 0.13
Car 0.00 0 -4.67 468.48 183.41 496.31 205.93 1.41 1.64 3.86 -8.18 1.30 47.00 -4.85 0.11
Pedestrian 0.00 0 -6.35 745.78 169.54 772.19 219.71 1.89 0.58 0.95 5.72 1.30 27.42 -6.15 0.10
Car 0.00 0 -4.93 226.76 185.40 269.94 212.44 1.74 1.76 4.06 -24.21 1.75 48.32 -5.39 0.10
Car 0.00 0 -7.87 648.41 179.45 681.57 210.05 1.55 1.68 4.30 3.02 1.26 38.71 -7.79 0.10
