Cyclist 0.00 0 -8.26 1080.17 161.92 1131.59 234.26 1.64 0.38 1.64 11.71 1.39 17.15 -7.66 0.41
Pedestrian 0.00 0 -3.66 846.31 159.47 870.01 208.38 1.92 0.54 0.71 9.80 1.39 28.63 -3.33 0.20
Pedestrian 0.00 0 -4.64 775.99 164.52 789.63 202.18 2.06 0.70 0.49 9.52 1.61 39.90 -4.41 0.20
Cyclist 0.00 0 -8.12 975.80 167.37 1002.21 213.19 1.68 0.47 1.59 14.26 1.48 27.26 -7.64 0.19
Car 0.00 0 -7.73 488.83 178.94 546.74 224.74 1.55 1.65 4.07 -3.41 1.79 26.97 -7.86 0.17
Pedestrian 0.00 0 -4.69 924.71 167.34 940.63 205.88 1.81 0.68 0.57 15.29 1.55 34.26 -4.27 0.14
Car 0.00 0 -4.99 712.30 168.48 751.33 194.78 1.75 1.70 3.73 8.37 1.46 50.04 -4.83 0.13
Pedestrian 0.00 0 -7.72 785.01 172.07 798.03 204.70 1.81 0.64 0.56 10.14 1.77 40.45 -7.48 0.12
Car 0.00 0 -6.82 1169.71 171.75 1241.00 215.19 1.45 1.51 3.51 21.87 1.41 25.14 -6.10 0.12
Pedestrian 0.00 0 -7.05 856.99 177.34 875.03 208.95 1.64 0.61 0.65 13.40 1.87 37.88 -6.71 0.11
