Pedestrian 0.00 0 -3.99 1047.30 126.75 1223.00 369.00 1.92 0.63 1.05 3.95 1.56 5.26 -3.35 0.73
Pedestrian 0.00 0 -4.85 670.30 161.52 690.23 208.30 1.86 0.68 0.89 3.01 1.11 28.58 -4.75 0.48
Pedestrian 0.00 0 -4.70 688.24 160.65 705.57 207.62 1.88 0.69 0.94 3.73 1.09 28.86 -4.57 0.33
Pedestrian 0.00 0 -5.28 997.06 117.97 1216.43 369.00 1.96 0.70 0.97 3.01 1.61 4.42 -4.68 0.31
Pedestrian 0.00 0 -5.64 210.62 138.84 306.62 297.39 1.87 0.58 0.89 -4.29 1.38 8.69 -6.10 0.29
Pedestrian 0.00 0 -5.28 1138.01 120.78 1223.00 369.00 1.88 0.73 0.87 3.93 1.55 4.40 -4.55 0.28
Pedestrian 0.00 0 -5.97 606.20 166.99 622.53 197.84 1.78 0.61 0.80 0.54 1.00 41.11 -5.96 0.23
Pedestrian 0.00 0 -4.60 560.94 192.28 579.83 241.87 1.15 0.40 0.41 -0.85 1.43 16.70 -4.65 0.22
Pedestrian 0.00 0 -8.12 600.36 168.07 612.33 196.65 1.81 0.61 0.67 0.08 1.03 45.28 -8.12 0.21
Cyclist 0.00 0 -7.80 431.95 169.84 445.33 217.44 1.65 0.39 1.61 -5.99 1.29 25.39 -8.04 0.20
Car 0.00 0 -7.93 708.62 162.76 744.16 195.66 1.87 1.78 4.53 7.24 0.86 42.54 -7.76 0.18
Car 0.00 0 -2.74 535.84 173.38 634.66 207.19 1.47 1.66 4.18 -0.92 1.16 32.21 -2.77 0.17
Pedestrian 0.00 0 -2.26 61.55 138.26 216.64 364.84 1.83 0.61 1.03 -4.10 1.49 6.16 -2.84 0.17
Car 0.00 0 -6.16 590.62 170.38 652.93 196.20 1.57 1.69 3.70 1.07 0.95 44.02 -6.14 0.14
Car 0.00 0 -7.84 597.37 172.03 631.00 203.18 1.49 1.61 3.77 0.48 1.09 35.70 -7.82 0.13
Car 0.00 0 -7.72 603.04 167.40 630.80 188.17 1.62 1.69 4.24 1.02 0.60 57.26 -7.70 0.13
Pedestrian 0.00 0 -5.90 159.16 149.42 264.84 324.54 1.80 0.62 0.83 -4.27 1.48 7.63 -6.41 0.12
Pedestrian 0.00 0 -4.19 255.52 263.47 334.35 369.00 1.04 0.31 0.45 -2.15 1.64 4.81 -4.61 0.11
Pedestrian 0.00 0 -4.77 579.50 186.01 595.26 230.49 1.22 0.41 0.42 -0.53 1.37 19.64 -4.80 0.11
Pedestrian 0.00 0 -4.55 0.00 141.81 123.04 369.00 1.76 0.63 0.85 -3.97 1.51 5.11 -5.21 0.11
