Car 0.00 0 -7.64 281.94 188.33 486.52 345.43 1.55 1.70 3.94 -2.75 1.79 9.52 -7.92 0.98
Car 0.00 0 -8.11 709.92 169.78 912.60 332.60 1.77 1.66 3.69 2.40 1.74 9.70 -7.86 0.94
Car 0.00 0 -4.57 479.07 192.06 547.31 241.25 1.34 1.62 3.99 -3.07 2.01 23.22 -4.70 0.92
Car 0.00 0 -8.05 658.55 190.21 745.75 251.88 1.42 1.59 3.99 2.37 1.95 19.83 -7.93 0.90
Car 0.00 0 -7.95 626.40 182.73 655.12 206.81 1.55 1.64 3.82 2.07 2.27 50.08 -7.90 0.81
Car 0.00 0 -8.03 695.65 186.93 812.95 277.19 1.51 1.62 3.95 2.72 1.83 14.65 -7.85 0.73
Car 0.00 0 -4.78 537.16 185.74 566.82 212.31 1.50 1.57 3.62 -3.64 2.32 44.40 -4.86 0.60
Pedestrian 0.00 0 -7.92 276.42 177.90 311.05 267.64 1.81 0.60 0.89 -6.68 1.92 15.12 -8.34 0.36
Car 0.00 0 -4.79 561.77 184.08 583.52 203.02 1.54 1.59 3.76 -3.30 2.54 62.81 -4.84 0.32
Pedestrian 0.00 0 -3.99 250.67 185.80 292.43 270.06 1.56 0.52 0.51 -6.52 1.82 13.80 -4.43 0.23
Pedestrian 0.00 0 -4.36 0.00 174.54 53.88 269.99 1.69 0.56 0.85 -10.79 1.72 13.27 -5.04 0.22
Pedestrian 0.00 0 -8.16 740.66 174.86 766.16 229.99 1.90 0.74 0.55 4.95 1.97 25.14 -7.97 0.20
Pedestrian 0.00 0 -4.71 297.60 194.88 324.44 272.98 1.41 0.46 0.55 -5.66 1.83 13.53 -5.10 0.19
Car 0.00 0 -8.04 616.05 177.26 643.39 199.02 1.88 1.71 4.24 1.73 2.29 65.36 -8.01 0.16
Car 0.00 0 -4.53 440.77 187.12 481.47 215.09 1.52 1.66 4.26 -8.97 2.43 43.58 -4.73 0.15
Pedestrian 0.00 0 -7.73 502.61 182.23 514.02 212.56 1.83 0.62 0.62 -6.24 2.41 44.03 -7.87 0.14
Car 0.00 0 -4.39 401.12 191.30 479.47 233.72 1.42 1.71 4.30 -6.57 2.19 28.23 -4.62 0.14
Cyclist 0.00 0 -7.50 232.86 182.65 282.54 263.04 1.67 0.44 1.69 -7.89 1.91 16.11 -7.96 0.13
Pedestrian 0.00 0 -1.84 152.85 161.41 207.72 270.58 1.93 0.64 0.91 -7.96 1.72 13.28 -2.38 0.13
Pedestrian 0.00 0 -3.78 745.35 175.62 772.55 233.92 1.89 0.65 0.61 4.87 1.98 23.84 -3.58 0.12
Pedestrian 0.00 0 -4.27 0.00 198.23 4.19 304.69 1.41 0.48 0.53 -8.90 1.77 10.03 -5.00 0.11
