Car 0.00 0 -4.64 459.09 182.15 539.96 255.53 1.46 1.57 4.06 -2.53 1.71 16.98 -4.79 0.96
Car 0.00 0 -8.17 747.76 152.07 1023.29 366.29 1.85 1.67 3.82 2.69 1.67 8.15 -7.85 0.96
Car 0.00 0 -2.28 0.00 190.69 50.44 374.00 1.47 1.66 4.11 -6.13 1.61 4.27 -3.24 0.95
Car 0.00 0 -4.35 184.11 146.65 476.74 367.80 1.92 1.69 4.15 -2.88 1.69 8.35 -4.68 0.92
Car 0.00 0 -4.54 522.90 171.91 583.91 219.47 1.72 1.70 4.17 -2.17 1.69 28.25 -4.62 0.82
Car 0.00 0 -4.62 495.18 168.68 559.52 230.71 1.79 1.66 4.15 -2.58 1.67 22.97 -4.73 0.57
Car 0.00 0 -7.11 619.10 174.40 673.96 202.65 1.55 1.52 3.00 2.08 1.65 41.45 -7.06 0.51
Pedestrian 0.00 0 -3.83 1148.21 136.32 1241.00 311.92 1.87 0.60 0.91 6.59 1.48 7.99 -3.14 0.37
Pedestrian 0.00 0 -7.64 727.45 179.03 743.11 213.62 1.52 0.55 0.69 5.56 1.80 32.25 -7.47 0.20
Car 0.00 0 -4.92 709.10 173.63 742.57 196.28 1.50 1.50 3.87 7.91 1.55 49.74 -4.76 0.14
Car 0.00 0 -4.50 567.90 174.05 601.56 197.16 1.48 1.55 3.51 -1.68 1.56 48.30 -4.54 0.14
Pedestrian 0.00 0 -3.70 1136.50 133.94 1225.44 280.73 1.91 0.64 0.71 7.62 1.40 9.73 -3.03 0.14
Cyclist 0.00 0 -8.08 955.69 150.17 1019.55 271.36 1.89 0.57 1.76 6.29 1.54 12.20 -7.60 0.14
Cyclist 0.00 0 -8.47 717.89 166.46 749.77 209.13 1.76 0.45 1.67 5.20 1.50 30.64 -8.30 0.12
Pedestrian 0.00 0 -4.60 1017.83 159.85 1071.43 276.19 1.79 0.66 0.76 6.95 1.59 11.61 -4.06 0.11
