Car 0.00 0 -8.07 672.43 183.38 794.17 268.31 1.44 1.62 3.69 2.29 1.68 14.61 -7.92 0.97
Car 0.00 0 -7.72 431.87 183.27 498.38 233.57 1.48 1.64 4.03 -4.80 1.86 24.16 -7.91 0.95
Car 0.00 0 -8.04 617.45 181.24 680.39 228.12 1.49 1.59 3.56 1.26 1.81 25.49 -7.99 0.88
Car 0.00 0 -7.98 645.44 177.72 716.60 238.42 1.59 1.61 3.43 1.93 1.75 20.97 -7.89 0.85
Car 0.00 0 -8.02 593.89 178.57 632.24 208.79 1.51 1.50 3.32 0.09 1.83 38.43 -8.02 0.80
Cyclist 0.00 0 -6.71 826.99 157.98 864.12 192.00 1.85 0.71 1.81 12.90 1.04 39.64 -6.39 0.40
Car 0.00 0 -4.33 0.00 172.19 340.72 374.00 1.75 1.74 4.39 -3.28 1.75 5.09 -4.90 0.40
Pedestrian 0.00 0 -2.98 777.51 160.86 817.41 235.72 1.93 0.58 0.94 4.89 1.62 19.01 -2.72 0.31
Pedestrian 0.00 0 -3.74 877.12 163.22 921.01 232.35 1.73 0.55 0.88 7.32 1.49 18.39 -3.36 0.28
Car 0.00 0 -8.07 570.57 175.55 598.91 200.39 2.11 1.72 3.76 -2.28 2.35 63.72 -8.11 0.23
Pedestrian 0.00 0 -3.33 957.75 155.96 1005.93 238.27 1.72 0.59 0.83 7.93 1.37 15.51 -2.85 0.21
Pedestrian 0.00 0 -8.04 1126.37 150.85 1181.74 260.03 1.69 0.58 0.75 8.70 1.35 11.63 -7.40 0.17
Pedestrian 0.00 0 -4.14 1053.72 145.84 1116.36 254.29 1.77 0.61 0.69 7.95 1.33 12.16 -3.57 0.17
Pedestrian 0.00 0 -4.81 352.06 164.04 366.35 203.64 1.99 0.65 0.45 -12.79 1.55 36.68 -5.14 0.16
Pedestrian 0.00 0 -7.26 698.63 179.07 716.46 217.06 1.57 0.51 0.57 4.05 1.83 30.27 -7.13 0.14
Pedestrian 0.00 0 -4.14 896.27 158.71 932.30 227.48 1.81 0.59 0.74 8.14 1.44 19.41 -3.74 0.14
Cyclist 0.00 0 -8.26 991.79 149.92 1065.06 246.91 1.79 0.60 1.75 8.13 1.36 14.19 -7.74 0.13
Pedestrian 0.00 0 -7.82 750.00 170.59 764.69 211.56 1.83 0.63 0.60 6.60 1.73 32.52 -7.62 0.12
Pedestrian 0.00 0 -5.32 855.13 177.36 889.92 246.18 1.39 0.46 0.52 5.38 1.49 14.93 -4.98 0.12
Pedestrian 0.00 0 -3.92 828.39 170.29 842.12 209.71 1.74 0.51 0.32 10.01 1.63 32.21 -3.62 0.12
Pedestrian 0.00 0 -5.15 0.00 179.95 22.01 299.62 1.79 0.64 0.66 -9.77 1.90 11.24 -5.86 0.11
Pedestrian 0.00 0 -7.87 795.86 175.45 809.96 214.12 1.70 0.60 0.46 8.54 1.82 32.10 -7.61 0.11
Pedestrian 0.00 0 -3.65 1189.31 129.48 1241.00 233.11 1.85 0.58 0.71 11.16 1.08 13.24 -2.95 0.10
Pedestrian 0.00 0 -4.05 1211.32 153.73 1241.00 274.99 1.56 0.62 0.62 8.56 1.31 9.64 -3.33 0.10
Car 0.00 0 -4.40 406.65 185.41 452.42 211.81 1.52 1.61 4.12 -11.40 2.36 45.72 -4.64 0.10
