Car 0.00 0 -8.04 685.78 166.64 768.18 235.57 1.86 1.70 4.00 3.60 1.46 21.41 -7.87 0.93
Pedestrian 0.00 0 -8.60 953.87 156.57 1035.50 293.35 1.84 0.67 0.75 5.47 1.50 10.10 -8.10 0.67
Pedestrian 0.00 0 -8.17 1035.15 134.68 1237.00 373.00 1.86 0.74 1.01 2.57 1.68 3.43 -7.52 0.56
Pedestrian 0.00 0 -7.57 0.00 193.20 105.25 373.00 1.66 0.76 0.78 -3.33 1.74 3.96 -8.27 0.53
Pedestrian 0.00 0 -7.71 467.74 176.11 490.15 228.26 1.76 0.65 0.77 -4.21 1.58 24.60 -7.88 0.50
Pedestrian 0.00 0 -4.49 464.02 176.20 486.29 227.90 1.80 0.60 0.88 -4.48 1.61 25.40 -4.66 0.31
Car 0.00 0 -7.85 656.20 178.98 685.52 207.08 1.53 1.60 4.04 4.00 1.40 41.30 -7.75 0.28
Pedestrian 0.00 0 -3.07 562.31 175.78 578.37 207.68 1.70 0.64 0.82 -1.67 1.40 38.69 -3.11 0.22
Car 0.00 0 -8.40 999.33 190.88 1237.00 316.99 1.41 1.46 3.32 7.05 1.56 9.97 -7.79 0.22
Pedestrian 0.00 0 -7.78 522.10 183.08 543.91 228.61 1.52 0.69 0.74 -2.35 1.58 24.45 -7.87 0.21
Car 0.00 0 -7.73 627.37 175.68 654.48 199.01 1.68 1.59 3.59 3.01 1.26 53.78 -7.67 0.19
Pedestrian 0.00 0 -7.02 911.11 154.34 928.84 183.22 1.79 0.64 0.79 19.90 0.11 44.86 -6.61 0.19
Car 0.00 0 -8.01 657.99 181.40 704.20 212.30 1.41 1.60 4.24 3.80 1.41 34.91 -7.90 0.18
Pedestrian 0.00 0 -5.23 228.87 171.38 289.73 286.02 1.80 0.63 0.70 -5.65 1.65 11.77 -5.68 0.16
Car 0.00 0 -8.06 533.27 175.68 563.44 200.78 2.11 1.77 4.32 -4.63 1.62 62.58 -8.13 0.15
Car 0.00 0 -8.21 761.28 183.24 843.32 224.09 1.36 1.60 3.95 7.20 1.43 26.20 -7.94 0.14
Cyclist 0.00 0 -3.02 523.30 174.69 567.21 222.52 1.82 0.61 1.62 -2.18 1.56 27.67 -3.09 0.11
Pedestrian 0.00 0 -3.97 13.54 171.00 135.23 348.60 1.75 0.63 0.84 -5.55 1.65 7.54 -4.61 0.10
Pedestrian 0.00 0 -8.40 862.74 173.50 890.00 229.69 1.66 0.58 0.51 8.22 1.43 21.56 -8.04 0.10
