Car 0.00 0 -4.20 38.71 194.20 243.54 277.96 1.41 1.69 4.50 -9.87 1.94 15.61 -4.76 0.95
Car 0.00 0 -4.40 302.45 186.75 368.85 226.81 1.40 1.51 3.11 -10.58 1.97 27.90 -4.76 0.90
Car 0.00 0 -4.74 566.23 177.76 583.82 193.66 1.46 1.57 3.53 -3.38 1.94 69.01 -4.79 0.31
Cyclist 0.00 0 -3.63 1168.64 168.24 1241.00 307.20 1.68 0.62 1.79 8.31 1.63 9.25 -2.90 0.23
Car 0.00 0 -4.68 775.84 179.58 800.42 204.38 1.75 1.68 3.84 13.34 2.27 54.05 -4.44 0.22
Car 0.00 0 -4.89 648.28 179.53 681.86 202.64 1.48 1.59 4.24 3.71 1.96 49.60 -4.81 0.20
Cyclist 0.00 0 -3.42 977.94 175.98 1031.47 219.44 1.74 0.77 1.78 16.10 1.87 29.55 -2.92 0.19
Car 0.00 0 -4.66 951.29 180.79 976.55 202.27 1.60 1.59 3.89 28.16 2.26 57.41 -4.20 0.18
Car 0.00 0 -4.45 314.60 183.37 407.20 240.08 1.56 1.69 4.41 -7.81 1.92 22.91 -4.78 0.17
Pedestrian 0.00 0 -8.51 785.68 171.61 800.92 198.99 1.87 0.69 0.77 12.64 1.79 49.89 -8.26 0.17
Cyclist 0.00 0 -4.59 875.78 177.10 890.23 209.55 1.76 0.54 1.80 15.21 2.00 40.29 -4.23 0.11
Car 0.00 0 -7.61 853.12 172.41 896.05 198.08 1.53 1.69 3.66 16.49 1.50 44.97 -7.26 0.10
