Car 0.00 0 -7.86 579.33 175.02 642.94 236.15 1.58 1.65 3.35 0.03 1.32 20.26 -7.86 0.95
Car 0.00 0 -7.46 241.15 185.85 353.58 244.94 1.43 1.54 3.50 -8.21 1.45 19.22 -7.87 0.95
Car 0.00 0 -7.63 371.17 178.44 485.81 257.75 1.55 1.63 3.93 -3.89 1.42 16.05 -7.87 0.94
Car 0.00 0 -7.70 460.45 178.72 516.58 220.22 1.50 1.58 3.83 -4.59 1.26 27.87 -7.87 0.92
Car 0.00 0 -7.54 344.36 184.86 415.82 222.73 1.37 1.57 3.76 -8.78 1.36 27.90 -7.85 0.69
Car 0.00 0 -7.77 490.25 179.09 525.15 207.01 1.44 1.57 3.82 -5.41 1.12 38.98 -7.91 0.60
Car 0.00 0 -4.42 309.98 178.76 365.82 210.49 1.44 1.54 3.59 -12.90 1.15 34.45 -4.78 0.54
Car 0.00 0 -7.64 429.95 177.27 471.57 204.98 1.54 1.61 3.75 -9.09 1.10 41.75 -7.86 0.42
Car 0.00 0 -7.81 574.67 178.87 617.08 216.06 1.46 1.61 3.78 -0.48 1.21 30.06 -7.82 0.38
Car 0.00 0 -4.84 617.40 179.99 651.28 205.29 1.45 1.54 3.86 1.53 1.16 43.31 -4.81 0.29
Car 0.00 0 -4.68 519.20 177.02 544.47 200.30 1.47 1.52 3.89 -4.99 0.95 47.37 -4.78 0.26
Car 0.00 0 -5.64 1219.95 186.33 1240.00 375.00 1.54 1.67 4.14 7.29 1.55 5.56 -4.72 0.24
Car 0.00 0 -7.23 182.17 173.18 263.20 207.44 1.59 1.58 3.81 -18.83 1.03 35.28 -7.72 0.17
Car 0.00 0 -7.23 159.48 176.40 260.24 215.22 1.51 1.62 4.05 -16.54 1.17 30.05 -7.73 0.13
Car 0.00 0 -7.77 438.92 163.97 465.54 193.64 2.46 1.87 4.67 -13.36 0.70 61.92 -7.99 0.12
Cyclist 0.00 0 -5.25 716.74 171.53 746.99 213.38 1.66 0.53 1.49 5.02 1.12 29.37 -5.08 0.12
Pedestrian 0.00 0 -5.72 324.80 162.81 340.94 193.64 1.79 0.66 0.63 -16.17 0.49 42.22 -6.09 0.11
