Car 0.00 0 -4.18 112.68 189.06 248.05 241.36 1.44 1.69 4.57 -13.83 2.02 23.52 -4.71 0.94
Car 0.00 0 -4.58 416.98 182.24 448.18 203.74 1.58 1.84 4.26 -14.02 2.35 57.09 -4.82 0.74
Pedestrian 0.00 0 -7.21 644.71 179.39 662.83 212.22 1.76 0.67 0.75 2.35 2.12 39.30 -7.15 0.51
Pedestrian 0.00 0 -4.75 1108.97 175.48 1147.34 255.90 1.86 0.71 0.81 12.35 1.93 17.29 -4.13 0.24
Cyclist 0.00 0 -7.01 861.21 168.35 900.53 211.29 1.94 0.63 1.71 12.42 1.74 33.17 -6.65 0.19
Car 0.00 0 -4.00 0.00 194.03 79.45 248.36 1.43 1.53 3.59 -18.43 2.13 22.15 -4.70 0.14
Car 0.00 0 -5.42 765.40 183.52 842.30 217.57 1.43 1.54 3.51 8.90 1.96 33.51 -5.16 0.12
Car 0.00 0 -4.60 473.78 182.67 495.66 199.54 1.52 1.65 4.12 -12.08 2.50 69.66 -4.78 0.11
Cyclist 0.00 0 -3.93 1147.82 193.78 1241.00 270.68 1.66 0.83 1.93 13.42 2.15 16.40 -3.25 0.11
Cyclist 0.00 0 -5.11 1016.99 176.76 1073.41 253.10 1.69 0.47 1.78 10.14 1.78 16.96 -4.57 0.10
