Car 0.00 0 -2.69 184.91 180.54 377.54 255.05 1.49 1.52 3.41 -6.96 1.66 15.36 -3.12 0.96
Car 0.00 0 -5.22 815.28 187.82 1241.00 374.00 1.57 1.68 3.63 3.00 1.73 5.79 -4.75 0.96
Car 0.00 0 -7.93 644.67 180.77 684.53 213.93 1.42 1.57 3.90 2.46 1.81 33.76 -7.85 0.90
Car 0.00 0 -2.98 434.99 181.01 530.75 212.10 1.46 1.66 4.41 -6.20 1.87 35.29 -3.16 0.87
Car 0.00 0 -5.94 240.74 178.31 438.57 242.35 1.50 1.61 4.31 -6.65 1.65 17.92 -6.30 0.80
Car 0.00 0 -2.71 312.22 180.20 467.59 236.19 1.48 1.60 3.91 -6.24 1.70 20.48 -3.00 0.79
Car 0.00 0 -6.07 374.89 179.77 505.98 224.31 1.53 1.63 4.34 -6.05 1.78 25.88 -6.30 0.65
Car 0.00 0 -2.96 499.43 175.89 558.15 199.03 1.65 1.70 4.03 -5.94 1.88 52.74 -3.07 0.35
Pedestrian 0.00 0 -7.68 464.31 176.97 482.25 216.42 1.74 0.68 0.65 -6.14 1.93 32.23 -7.87 0.30
Car 0.00 0 -7.82 523.92 176.92 548.93 200.99 1.55 1.58 3.70 -4.99 1.83 48.94 -7.92 0.30
Pedestrian 0.00 0 -4.88 81.68 156.04 118.67 229.70 1.92 0.67 0.87 -13.71 1.48 19.33 -5.50 0.26
Pedestrian 0.00 0 -7.49 16.03 170.66 60.85 242.61 1.69 0.55 0.94 -13.85 1.64 17.44 -8.16 0.25
Cyclist 0.00 0 -6.70 873.38 150.99 915.44 188.55 1.84 0.71 1.80 14.02 0.77 35.68 -6.33 0.17
Car 0.00 0 -2.77 370.76 179.98 477.91 220.75 1.53 1.58 3.77 -7.30 1.82 28.37 -3.02 0.15
Pedestrian 0.00 0 -8.04 912.50 154.10 933.21 199.55 1.95 0.75 0.49 13.55 1.15 31.35 -7.63 0.15
Pedestrian 0.00 0 -7.94 25.17 161.21 56.90 227.18 1.84 0.66 0.52 -16.20 1.51 20.49 -8.61 0.13
Car 0.00 0 -8.25 523.09 175.64 560.70 196.34 1.61 1.63 3.98 -5.61 1.84 58.80 -8.35 0.10
Pedestrian 0.00 0 -6.62 276.65 171.17 290.81 206.30 1.93 0.72 0.51 -18.12 1.83 39.99 -7.04 0.10
