Car 0.00 0 -7.81 550.04 178.01 579.04 205.65 1.63 1.63 3.85 -2.84 1.96 45.12 -7.87 0.86
Car 0.00 0 -7.93 662.86 178.74 717.55 224.10 1.50 1.67 4.25 2.83 1.74 26.60 -7.82 0.71
Car 0.00 0 -7.97 649.45 177.63 689.88 208.48 1.50 1.63 4.05 3.03 1.77 37.82 -7.89 0.71
Car 0.00 0 -4.63 641.84 176.02 666.52 197.46 1.53 1.54 3.64 3.32 1.78 54.11 -4.57 0.39
Cyclist 0.00 0 -8.13 823.58 172.61 857.69 233.90 1.70 0.46 1.79 6.63 1.70 20.96 -7.83 0.27
Car 0.00 0 -8.25 532.43 175.17 565.22 194.21 1.72 1.68 3.93 -5.81 1.95 67.97 -8.34 0.20
Pedestrian 0.00 0 -6.18 757.75 168.34 772.92 207.69 1.87 0.60 0.66 7.44 1.66 34.72 -5.97 0.19
Pedestrian 0.00 0 -6.91 1176.44 159.55 1241.00 320.21 1.60 0.61 0.48 6.29 1.46 7.49 -6.21 0.16
Cyclist 0.00 0 -8.16 788.98 171.70 817.09 223.01 1.70 0.44 1.71 6.58 1.67 24.83 -7.90 0.12
Cyclist 0.00 0 -6.72 268.61 185.38 338.28 254.40 1.74 0.66 1.59 -8.23 2.09 19.29 -7.12 0.12
