Car 0.00 0 -4.03 0.00 197.37 126.72 344.58 1.42 1.63 4.35 -8.88 1.83 9.90 -4.76 0.95
Car 0.00 0 -4.47 361.17 179.86 427.68 216.79 1.44 1.78 4.22 -9.21 1.76 31.00 -4.76 0.92
Car 0.00 0 -7.86 585.88 171.64 611.54 195.91 1.52 1.61 3.83 -0.79 1.44 47.13 -7.88 0.62
Car 0.00 0 -4.59 453.15 175.26 482.17 196.68 1.53 1.64 4.00 -10.64 1.72 53.98 -4.78 0.54
Car 0.00 0 -4.76 629.27 166.89 648.99 184.08 1.54 1.61 3.98 2.64 1.00 66.55 -4.73 0.29
Cyclist 0.00 0 -8.07 711.65 163.90 740.00 219.14 1.72 0.53 1.79 3.68 1.44 23.34 -7.91 0.26
Car 0.00 0 -4.73 1160.31 146.42 1196.01 175.06 1.61 1.58 4.06 33.57 0.12 42.74 -4.06 0.22
Car 0.00 0 -6.17 549.04 172.44 595.53 188.84 1.51 1.65 4.16 -3.51 1.47 67.20 -6.22 0.20
Pedestrian 0.00 0 -6.03 992.21 156.72 1042.07 258.21 1.61 0.58 0.59 6.65 1.36 11.88 -5.52 0.20
Car 0.00 0 -2.80 815.07 152.34 874.94 175.13 1.68 1.71 4.01 17.90 0.17 55.11 -2.49 0.19
Pedestrian 0.00 0 -3.21 1212.79 158.38 1232.06 203.44 1.78 0.63 0.55 24.49 1.21 28.91 -2.50 0.17
Car 0.00 0 -4.57 401.62 179.44 456.95 219.65 1.46 1.59 4.06 -7.21 1.74 28.96 -4.81 0.14
Car 0.00 0 -4.90 438.83 177.22 487.96 210.25 1.48 1.61 4.13 -7.24 1.71 35.17 -5.10 0.14
Pedestrian 0.00 0 -5.43 472.37 177.40 488.89 206.76 1.53 0.53 0.70 -6.89 1.78 38.24 -5.61 0.14
Car 0.00 0 -6.39 1161.52 165.26 1241.00 198.56 1.52 1.64 4.11 29.15 1.17 34.72 -5.69 0.13
Car 0.00 0 -6.00 284.10 179.66 361.19 205.06 1.55 1.66 4.22 -18.09 1.98 45.47 -6.38 0.13
Car 0.00 0 -2.53 436.44 176.73 501.00 202.72 1.51 1.65 3.54 -8.61 1.75 43.83 -2.72 0.12
Pedestrian 0.00 0 -5.61 1084.85 181.96 1145.88 280.81 1.24 0.37 0.54 6.53 1.36 9.42 -5.00 0.11
Pedestrian 0.00 0 -5.06 1039.53 150.99 1096.97 255.65 1.68 0.59 0.73 7.53 1.33 11.97 -4.50 0.10
Cyclist 0.00 0 -7.03 729.03 168.31 765.84 205.92 1.82 0.72 1.77 6.75 1.60 35.63 -6.84 0.10
