Car 0.00 0 -4.20 0.00 194.17 368.38 374.00 1.63 1.62 4.16 -3.75 1.89 6.56 -4.72 0.94
Car 0.00 0 -7.85 620.25 183.34 677.21 238.33 1.49 1.62 4.51 1.19 1.86 22.76 -7.79 0.88
Pedestrian 0.00 0 -7.57 594.81 180.78 623.49 234.48 1.62 0.69 0.81 -0.07 1.87 22.34 -7.57 0.77
Car 0.00 0 -7.84 616.47 181.30 645.91 209.49 1.45 1.56 3.70 1.16 1.94 40.10 -7.82 0.42
Car 0.00 0 -7.96 606.28 171.72 633.66 195.03 1.77 1.73 4.24 0.72 1.69 57.02 -7.94 0.40
Pedestrian 0.00 0 -7.98 677.06 180.35 694.25 220.08 1.66 0.66 0.58 3.17 1.99 30.64 -7.88 0.30
Car 0.00 0 -7.91 662.74 180.04 696.61 209.66 1.49 1.59 3.88 3.71 1.90 39.26 -7.82 0.27
Pedestrian 0.00 0 -2.10 363.44 174.13 398.54 244.23 1.98 0.64 0.84 -6.70 2.02 20.96 -2.40 0.18
Pedestrian 0.00 0 -7.73 405.87 177.87 429.05 234.65 1.91 0.67 0.89 -6.65 2.08 24.79 -7.99 0.13
Car 0.00 0 -3.26 633.98 178.28 693.98 200.60 1.61 1.71 4.25 3.94 2.02 53.42 -3.19 0.13
Car 0.00 0 -4.47 227.98 196.76 362.13 283.02 1.45 1.67 4.16 -6.62 2.04 15.51 -4.87 0.12
Car 0.00 0 -2.81 437.17 184.40 522.40 213.94 1.51 1.66 4.22 -7.04 2.16 38.98 -2.99 0.11
Car 0.00 0 -8.29 913.95 179.51 1241.00 372.67 1.52 1.59 3.87 4.68 1.62 7.84 -7.75 0.11
Pedestrian 0.00 0 -2.51 0.00 178.68 60.34 372.95 1.84 0.57 0.87 -6.18 1.90 7.18 -3.22 0.11
Car 0.00 0 -4.93 667.05 182.51 720.30 218.52 1.53 1.63 4.03 3.83 2.02 33.96 -4.82 0.11
Car 0.00 0 -6.96 957.99 179.51 1241.00 293.95 1.47 1.64 4.38 7.48 1.57 10.29 -6.33 0.10
