Car 0.00 0 -4.50 459.08 184.17 537.14 233.84 1.41 1.69 4.21 -3.61 1.82 23.67 -4.65 0.97
Car 0.00 0 -4.28 0.00 184.92 379.63 374.00 1.56 1.75 4.22 -3.66 1.71 6.81 -4.78 0.94
Car 0.00 0 -4.85 670.02 174.91 763.68 254.29 1.66 1.66 3.96 2.37 1.72 17.19 -4.71 0.91
Car 0.00 0 -8.00 647.07 181.89 711.83 230.85 1.45 1.59 3.77 2.18 1.77 23.96 -7.91 0.85
Car 0.00 0 -4.61 516.89 179.41 551.71 210.37 1.56 1.51 3.36 -4.06 1.93 38.76 -4.71 0.69
Cyclist 0.00 0 -7.24 28.01 167.55 153.00 304.05 1.74 0.53 1.70 -7.22 1.67 10.05 -7.86 0.29
Car 0.00 0 -4.72 621.70 175.18 640.55 193.96 1.59 1.61 3.91 1.83 1.80 63.60 -4.69 0.28
Car 0.00 0 -4.82 636.44 178.68 688.17 220.43 1.54 1.65 4.03 2.01 1.80 29.27 -4.75 0.25
Car 0.00 0 -7.84 495.61 182.46 535.67 221.39 1.51 1.60 3.63 -4.06 1.95 30.84 -7.97 0.20
Car 0.00 0 -7.95 630.63 178.98 662.87 205.73 1.50 1.56 3.87 2.13 1.88 43.29 -7.90 0.17
Pedestrian 0.00 0 -6.39 1134.63 151.30 1241.00 328.35 1.80 0.60 0.90 6.21 1.58 7.82 -5.72 0.15
Cyclist 0.00 0 -8.17 908.28 168.89 978.05 282.60 1.79 0.54 1.81 5.58 1.73 12.29 -7.74 0.15
Pedestrian 0.00 0 -4.18 827.03 178.56 852.84 231.45 1.66 0.55 0.64 7.35 1.85 23.21 -3.88 0.12
Pedestrian 0.00 0 -5.32 255.76 167.66 303.43 247.39 1.84 0.71 0.78 -7.89 1.72 17.13 -5.75 0.12
Pedestrian 0.00 0 -5.55 85.05 159.56 152.90 256.15 1.94 0.64 0.98 -10.17 1.67 14.88 -6.15 0.12
Car 0.00 0 -8.03 699.68 179.93 742.30 210.86 1.48 1.54 3.66 5.63 1.86 37.20 -7.88 0.12
Pedestrian 0.00 0 -4.75 163.09 175.31 197.00 254.83 1.76 0.64 0.70 -9.87 1.82 16.47 -5.29 0.11
Pedestrian 0.00 0 -6.40 1031.97 157.79 1109.01 313.18 1.79 0.65 0.72 5.52 1.62 8.77 -5.84 0.11
Car 0.00 0 -4.95 609.17 176.80 636.10 194.52 1.63 1.64 4.22 1.17 2.03 69.70 -4.94 0.11
Cyclist 0.00 0 -7.30 0.00 180.85 55.01 269.64 1.63 0.43 1.54 -11.65 1.79 14.15 -7.99 0.10
