Car 0.00 0 -8.15 728.66 185.76 932.63 314.78 1.42 1.60 4.02 2.84 1.64 10.39 -7.89 0.94
Pedestrian 0.00 0 -4.50 1225.27 101.21 1241.00 374.00 1.91 0.68 0.89 4.12 1.55 4.19 -3.73 0.32
Cyclist 0.00 0 -2.86 537.86 180.18 575.95 215.12 1.65 0.71 1.70 -2.59 2.00 34.71 -2.94 0.29
Cyclist 0.00 0 -4.67 529.08 179.16 542.25 219.01 1.70 0.51 1.73 -3.31 1.98 31.84 -4.78 0.23
Pedestrian 0.00 0 -3.79 951.79 141.69 1072.67 333.51 1.88 0.61 0.91 4.08 1.58 7.45 -3.29 0.19
Pedestrian 0.00 0 -4.26 717.28 163.81 742.31 217.92 1.97 0.66 0.75 4.40 1.64 26.72 -4.10 0.18
Pedestrian 0.00 0 -4.63 1028.26 156.42 1093.84 313.34 1.77 0.61 0.76 5.33 1.58 8.60 -4.08 0.13
Pedestrian 0.00 0 -5.29 731.20 161.35 770.10 228.76 1.90 0.63 1.05 4.02 1.57 20.91 -5.10 0.13
Pedestrian 0.00 0 -4.24 860.10 143.92 924.71 282.47 1.95 0.66 0.66 4.10 1.54 10.60 -3.87 0.12
Pedestrian 0.00 0 -2.47 125.54 182.39 226.40 356.72 1.57 0.42 0.71 -4.13 1.67 6.79 -3.01 0.10
