Car 0.00 0 -4.68 600.84 169.68 643.63 208.04 1.44 1.61 4.16 0.88 1.00 29.06 -4.65 0.83
Pedestrian 0.00 0 -7.90 792.90 155.36 827.70 238.64 1.79 0.70 0.62 4.55 1.23 15.80 -7.62 0.62
Pedestrian 0.00 0 -4.73 589.57 163.43 602.49 199.31 1.79 0.64 0.87 -0.28 0.89 36.26 -4.74 0.57
Pedestrian 0.00 0 -6.29 987.14 151.80 1060.76 322.11 1.74 0.67 0.66 4.51 1.44 7.78 -5.77 0.55
Car 0.00 0 -8.15 1227.41 165.63 1237.00 325.16 1.46 1.63 3.87 9.09 1.32 8.67 -7.34 0.36
Car 0.00 0 -4.66 402.09 174.02 458.64 221.27 1.47 1.65 4.28 -5.81 1.24 24.67 -4.89 0.34
Cyclist 0.00 0 -8.22 915.92 79.54 1237.00 373.00 1.98 0.72 1.78 2.13 1.60 3.58 -7.69 0.30
Pedestrian 0.00 0 -8.26 959.86 169.35 983.70 211.87 1.53 0.66 0.41 13.41 1.09 26.06 -7.78 0.30
Car 0.00 0 -7.90 1098.48 162.52 1237.00 269.24 1.47 1.70 3.70 9.26 1.21 11.93 -7.24 0.30
Pedestrian 0.00 0 -5.59 939.84 167.13 977.65 240.15 1.53 0.52 0.52 7.64 1.23 15.43 -5.13 0.30
Pedestrian 0.00 0 -7.68 535.43 168.45 552.19 202.29 1.72 0.76 0.67 -2.97 1.06 36.98 -7.76 0.27
Pedestrian 0.00 0 -4.76 503.27 170.89 518.25 209.19 1.55 0.58 0.61 -3.73 1.12 29.41 -4.89 0.24
Pedestrian 0.00 0 -7.86 520.23 170.00 537.54 211.60 1.57 0.65 0.50 -2.80 1.14 27.47 -7.97 0.24
Car 0.00 0 -7.82 781.64 171.01 928.52 323.63 1.56 1.46 2.93 3.14 1.45 8.95 -7.48 0.23
Pedestrian 0.00 0 -3.27 577.28 162.74 592.98 198.26 1.84 0.63 0.75 -0.86 0.87 37.56 -3.29 0.21
Car 0.00 0 -7.55 288.22 177.75 385.10 231.75 1.46 1.62 3.85 -7.76 1.36 21.34 -7.90 0.20
Pedestrian 0.00 0 -3.68 750.29 158.65 771.33 195.30 1.76 0.62 0.79 7.74 0.66 34.94 -3.46 0.20
Pedestrian 0.00 0 -5.12 450.52 186.51 476.41 241.84 1.27 0.43 0.50 -3.27 1.39 16.83 -5.31 0.19
Pedestrian 0.00 0 -3.88 979.45 137.28 995.40 174.20 1.83 0.57 0.43 19.33 -0.37 36.00 -3.39 0.18
Car 0.00 0 -7.87 647.28 168.28 686.37 203.82 1.45 1.59 3.67 2.78 0.91 31.17 -7.78 0.17
Pedestrian 0.00 0 -7.56 668.49 164.41 681.77 191.65 1.75 0.69 0.69 4.80 0.65 46.65 -7.45 0.17
Pedestrian 0.00 0 -3.54 356.99 162.00 402.56 239.00 1.77 0.55 0.89 -5.29 1.32 17.02 -3.84 0.15
Pedestrian 0.00 0 -8.25 600.78 166.85 614.91 195.19 1.79 0.67 0.75 0.41 0.87 45.84 -8.24 0.15
Cyclist 0.00 0 -7.55 391.87 175.29 426.40 235.93 1.57 0.43 1.63 -5.21 1.41 19.43 -7.81 0.14
Pedestrian 0.00 0 -5.73 0.00 149.85 1.83 281.02 1.84 0.57 0.79 -9.37 1.40 10.42 -6.46 0.14
Cyclist 0.00 0 -8.23 733.38 157.96 810.03 270.25 1.77 0.63 1.82 2.82 1.40 12.25 -8.01 0.13
Pedestrian 0.00 0 -2.92 661.23 162.04 674.51 188.93 1.97 0.51 0.89 4.93 0.55 53.08 -2.83 0.13
Pedestrian 0.00 0 -4.23 0.00 236.13 71.62 373.00 1.15 0.34 0.65 -4.21 1.57 5.16 -4.92 0.13
Car 0.00 0 -7.92 558.11 175.00 586.44 198.64 1.42 1.55 3.56 -1.85 1.03 44.93 -7.96 0.12
Pedestrian 0.00 0 -5.07 654.18 160.65 667.64 190.18 1.87 0.61 0.81 3.82 0.55 46.06 -4.99 0.11
Car 0.00 0 -7.93 1100.32 170.08 1237.00 326.56 1.47 1.58 3.81 7.01 1.36 8.75 -7.25 0.11
Pedestrian 0.00 0 -3.53 358.80 183.41 386.39 238.42 1.38 0.47 0.54 -5.88 1.43 18.37 -3.84 0.11
Car 0.00 0 -8.59 737.46 155.73 816.85 192.60 1.73 1.66 3.88 8.66 0.52 35.73 -8.35 0.11
Pedestrian 0.00 0 -5.08 176.29 168.11 236.47 284.39 1.67 0.56 0.74 -5.95 1.48 10.74 -5.59 0.10
Cyclist 0.00 0 -2.71 545.52 169.94 578.10 200.91 1.73 0.73 1.70 -2.25 1.09 40.88 -2.76 0.10
Pedestrian 0.00 0 -3.23 740.09 160.97 746.62 197.63 1.74 0.42 0.27 6.77 0.77 34.31 -3.04 0.10
