Car 0.00 0 -7.98 584.34 187.74 647.85 235.06 1.40 1.67 3.73 0.09 1.95 24.55 -7.98 0.98
Car 0.00 0 -8.26 706.25 195.84 955.70 346.10 1.42 1.66 3.77 2.52 1.78 9.39 -8.00 0.98
Car 0.00 0 -4.07 0.00 229.59 115.18 374.00 1.41 1.69 4.44 -5.13 1.95 4.51 -4.92 0.96
Car 0.00 0 -4.34 0.00 206.99 254.32 371.89 1.45 1.60 3.77 -5.98 1.98 9.18 -4.91 0.94
Car 0.00 0 -7.94 572.98 183.75 621.14 225.10 1.56 1.66 4.11 -0.65 2.05 30.42 -7.96 0.94
Car 0.00 0 -2.91 796.14 171.66 918.54 225.18 1.70 1.64 3.68 8.38 1.67 24.63 -2.58 0.87
Car 0.00 0 -4.59 402.32 189.44 443.50 222.20 1.59 1.71 3.80 -10.10 2.53 39.02 -4.84 0.86
Car 0.00 0 -4.75 1138.26 169.37 1241.00 263.85 1.45 1.63 4.28 10.71 1.40 13.28 -4.07 0.86
Car 0.00 0 -2.93 726.57 179.78 826.99 218.08 1.53 1.56 3.95 7.09 1.84 30.88 -2.70 0.83
Car 0.00 0 -7.84 562.11 183.02 583.35 203.59 1.56 1.67 3.99 -3.04 2.41 58.68 -7.90 0.58
Car 0.00 0 -7.95 255.96 179.79 300.98 215.78 1.54 1.58 3.03 -15.30 1.87 33.14 -8.39 0.47
Car 0.00 0 -6.20 784.76 177.67 897.87 219.10 1.47 1.56 3.97 8.73 1.66 27.37 -5.89 0.33
Cyclist 0.00 0 -7.97 806.07 172.10 817.13 200.59 1.67 0.45 1.62 12.04 1.63 43.24 -7.70 0.31
Pedestrian 0.00 0 -8.57 1214.41 161.82 1241.00 211.82 1.79 0.66 0.55 22.37 1.39 26.09 -7.86 0.30
Car 0.00 0 -4.01 138.42 198.43 225.86 230.70 1.49 1.62 4.42 -23.25 2.97 39.36 -4.54 0.29
Cyclist 0.00 0 -8.20 636.09 181.50 656.40 215.76 1.71 0.53 1.59 1.82 2.16 37.21 -8.15 0.26
Car 0.00 0 -7.55 422.40 191.30 465.53 218.06 1.48 1.57 3.65 -10.16 2.66 44.26 -7.78 0.22
Car 0.00 0 -6.96 1024.01 170.66 1159.22 212.24 1.49 1.63 4.05 17.79 1.41 26.80 -6.37 0.16
Pedestrian 0.00 0 -3.25 1024.27 166.68 1091.22 304.21 1.77 0.49 0.71 5.91 1.69 9.64 -2.70 0.15
Car 0.00 0 -5.70 0.00 206.61 157.46 261.80 1.45 1.56 3.75 -15.54 2.47 20.90 -6.34 0.13
Car 0.00 0 -8.20 343.08 183.14 383.12 205.74 1.54 1.62 3.69 -18.14 2.32 52.87 -8.53 0.11
Car 0.00 0 -5.41 833.56 172.60 924.56 204.31 1.47 1.70 4.58 13.26 1.46 35.99 -5.05 0.11
Pedestrian 0.00 0 -8.11 652.46 170.53 668.33 207.05 2.00 0.72 0.70 2.75 1.87 39.91 -8.04 0.10
Cyclist 0.00 0 -8.16 1099.14 162.84 1133.35 213.92 1.68 0.44 1.77 17.22 1.35 24.63 -7.55 0.10
Car 0.00 0 -4.94 1094.78 129.44 1158.43 163.94 1.54 1.66 3.98 25.23 -0.46 35.42 -4.32 0.10
