Car 0.00 0 -7.50 215.75 184.38 451.98 325.59 1.42 1.58 3.77 -3.23 1.49 9.11 -7.85 0.97
Cyclist 0.00 0 -6.73 1179.30 130.87 1223.00 206.75 1.76 0.66 1.78 14.99 0.61 16.99 -6.01 0.69
Cyclist 0.00 0 -3.73 895.12 150.08 949.58 196.43 1.79 0.74 1.86 12.49 0.62 27.89 -3.31 0.68
Pedestrian 0.00 0 -5.80 593.58 154.89 647.64 240.36 1.87 0.59 1.07 0.31 1.31 15.98 -5.78 0.63
Cyclist 0.00 0 -7.92 901.82 151.37 924.12 206.01 1.79 0.57 1.83 10.45 0.84 24.08 -7.51 0.56
Pedestrian 0.00 0 -7.95 392.95 156.93 436.58 255.86 1.83 0.72 0.93 -3.72 1.40 13.65 -8.22 0.52
Pedestrian 0.00 0 -5.35 367.51 167.54 397.72 225.88 1.63 0.61 0.56 -6.39 1.27 20.20 -5.66 0.42
Cyclist 0.00 0 -7.55 543.70 168.15 557.43 192.39 1.64 0.47 1.64 -3.73 0.80 48.56 -7.62 0.35
Pedestrian 0.00 0 -3.02 1115.67 132.45 1169.14 222.47 1.80 0.54 0.82 11.04 0.84 14.57 -2.38 0.30
Car 0.00 0 -8.32 1117.75 145.58 1223.00 190.34 1.48 1.56 3.47 20.04 0.33 25.23 -7.65 0.28
Pedestrian 0.00 0 -7.75 303.72 160.29 347.52 252.26 1.82 0.76 0.79 -5.76 1.42 14.50 -8.13 0.25
Car 0.00 0 -8.04 972.93 154.98 1046.98 201.36 1.48 1.58 3.54 13.90 0.67 24.49 -7.52 0.23
Pedestrian 0.00 0 -3.74 762.14 159.52 778.66 189.16 1.80 0.59 0.79 10.14 0.53 43.38 -3.51 0.20
Car 0.00 0 -5.20 941.93 154.98 1067.08 208.67 1.48 1.61 4.00 11.98 0.78 21.56 -4.69 0.17
Car 0.00 0 -5.16 1076.48 146.33 1178.99 191.10 1.45 1.55 3.37 18.05 0.34 24.63 -4.53 0.13
Pedestrian 0.00 0 -7.41 1024.10 149.63 1061.63 213.38 1.59 0.60 0.63 11.15 0.82 18.07 -6.86 0.12
Pedestrian 0.00 0 -6.36 848.45 149.36 894.45 232.97 1.79 0.49 0.91 5.78 1.12 15.48 -6.00 0.11
Cyclist 0.00 0 -7.21 114.35 176.68 135.90 199.64 1.69 0.46 1.60 -35.94 1.41 52.98 -7.80 0.11
Car 0.00 0 -4.77 1034.34 141.82 1099.64 193.61 1.64 1.67 3.95 15.90 0.42 24.52 -4.19 0.11
Pedestrian 0.00 0 -4.59 188.47 178.03 200.52 206.91 1.65 0.56 0.36 -23.67 1.51 40.75 -5.12 0.10
Car 0.00 0 -4.71 921.48 151.69 953.87 180.15 1.57 1.63 3.66 19.28 -0.02 40.99 -4.27 0.10
