Car 0.00 0 -7.99 782.51 185.58 847.70 235.20 1.54 1.67 4.25 7.17 2.03 25.72 -7.71 0.98
Car 0.00 0 -8.49 1008.78 200.67 1241.00 374.00 1.55 1.66 3.93 3.34 1.75 3.20 -7.68 0.94
Pedestrian 0.00 0 -7.93 1048.44 180.04 1070.25 224.63 1.64 0.65 0.61 16.81 1.91 27.07 -7.37 0.36
Pedestrian 0.00 0 -4.78 936.91 182.14 964.07 241.89 1.67 0.66 0.70 9.74 1.94 20.75 -4.34 0.28
Pedestrian 0.00 0 -5.31 0.00 158.24 11.01 374.00 1.83 0.56 0.99 -5.06 1.73 5.19 -6.08 0.24
Pedestrian 0.00 0 -8.60 1105.95 174.76 1178.13 284.69 1.76 0.60 0.77 8.78 1.80 12.00 -7.96 0.24
Pedestrian 0.00 0 -7.56 953.41 171.96 977.50 218.44 1.90 0.74 0.65 14.71 1.86 29.94 -7.10 0.20
Car 0.00 0 -6.42 993.83 184.05 1103.32 218.22 1.48 1.73 4.19 20.42 2.03 33.86 -5.88 0.18
Cyclist 0.00 0 -7.34 1149.31 165.24 1196.84 216.21 1.82 0.66 1.62 20.55 1.55 26.39 -6.68 0.18
Pedestrian 0.00 0 -7.85 883.15 180.05 901.89 226.85 1.76 0.66 0.84 10.81 2.04 27.72 -7.47 0.17
Pedestrian 0.00 0 -8.21 1027.74 169.61 1060.02 227.78 1.93 0.69 0.83 14.61 1.82 24.39 -7.67 0.17
Pedestrian 0.00 0 -6.42 1181.26 174.72 1229.03 255.43 1.82 0.65 0.77 13.76 1.86 16.76 -5.73 0.17
Pedestrian 0.00 0 -6.43 1227.90 183.69 1241.00 256.63 1.64 0.55 0.63 14.72 1.89 16.71 -5.70 0.16
Pedestrian 0.00 0 -6.61 1047.23 167.49 1064.38 193.30 1.80 0.52 0.90 31.21 1.42 50.56 -6.06 0.16
Cyclist 0.00 0 -8.58 961.51 189.61 1032.99 262.03 1.57 0.60 1.53 8.93 1.97 16.78 -8.09 0.14
Pedestrian 0.00 0 -4.05 1133.56 163.62 1160.99 208.36 1.92 0.64 0.73 23.26 1.52 31.29 -3.41 0.14
Pedestrian 0.00 0 -6.74 938.74 176.67 966.14 227.11 1.84 0.62 0.72 12.62 1.98 26.70 -6.30 0.12
