Car 0.00 0 -3.98 0.00 196.23 77.23 262.50 1.50 1.58 3.88 -16.81 2.20 19.65 -4.69 0.96
Cyclist 0.00 0 -8.40 978.78 133.15 1148.67 354.56 1.92 0.55 1.80 4.35 1.58 7.17 -7.85 0.82
Car 0.00 0 -4.57 425.37 182.04 454.19 200.18 1.41 1.78 4.21 -14.27 2.21 60.56 -4.80 0.48
Car 0.00 0 -4.54 752.44 186.24 788.86 211.22 1.47 1.60 4.18 10.47 2.38 47.00 -4.32 0.23
Car 0.00 0 -4.09 9.46 191.73 135.62 237.15 1.49 1.69 4.26 -20.41 2.27 27.59 -4.72 0.18
Car 0.00 0 -5.53 1092.36 181.67 1241.00 374.00 1.47 1.78 4.64 7.07 1.59 6.93 -4.74 0.17
Cyclist 0.00 0 -3.10 895.13 166.37 934.04 202.86 1.81 0.71 1.79 15.34 1.49 36.43 -2.71 0.14
Pedestrian 0.00 0 -2.97 1096.87 168.94 1112.11 197.81 1.93 0.55 0.77 33.31 1.67 48.65 -2.37 0.12
Cyclist 0.00 0 -4.05 162.35 182.78 193.18 217.85 1.74 0.51 1.56 -22.28 2.27 37.16 -4.59 0.10
Pedestrian 0.00 0 -7.61 728.35 170.01 742.19 202.61 1.93 0.69 0.62 7.44 1.76 43.06 -7.44 0.10
