Car 0.00 0 -7.65 715.48 169.12 797.95 226.91 1.50 1.63 3.51 4.24 1.41 20.70 -7.44 0.96
Car 0.00 0 -8.25 786.25 155.36 1124.74 364.03 1.70 1.68 4.26 3.29 1.56 8.01 -7.87 0.96
Car 0.00 0 -4.41 341.82 177.03 488.78 275.20 1.59 1.63 3.81 -3.57 1.68 13.75 -4.67 0.94
Car 0.00 0 -7.69 526.19 169.14 596.04 222.51 1.65 1.67 4.35 -1.60 1.53 24.49 -7.76 0.92
Car 0.00 0 -4.52 439.56 173.99 509.43 221.80 1.52 1.63 4.14 -4.67 1.57 25.17 -4.70 0.90
Car 0.00 0 -7.25 757.62 166.88 867.50 214.53 1.55 1.66 4.17 7.14 1.35 25.41 -6.98 0.65
Cyclist 0.00 0 -5.05 1046.47 165.26 1129.90 274.10 1.49 0.51 1.63 6.99 1.38 10.71 -4.47 0.33
Pedestrian 0.00 0 -4.04 1172.22 159.06 1229.32 260.15 1.49 0.51 0.44 8.89 1.29 10.93 -3.36 0.25
Pedestrian 0.00 0 -4.66 1030.70 144.78 1066.70 232.65 1.75 0.60 0.78 9.01 1.19 14.90 -4.12 0.25
Pedestrian 0.00 0 -8.12 1160.93 157.54 1191.21 209.80 1.76 0.67 0.64 19.32 1.24 24.69 -7.45 0.19
Pedestrian 0.00 0 -3.51 280.08 161.54 333.16 246.93 1.88 0.62 0.96 -6.96 1.63 16.45 -3.91 0.18
Car 0.00 0 -3.66 1093.88 139.40 1189.73 169.55 1.55 1.63 3.78 28.10 -0.18 38.26 -3.03 0.15
Pedestrian 0.00 0 -5.53 129.44 162.93 197.15 271.48 1.83 0.61 0.80 -7.82 1.67 12.56 -6.09 0.12
Pedestrian 0.00 0 -3.99 1028.81 136.70 1043.92 170.99 1.80 0.56 0.41 22.61 -0.10 38.32 -3.46 0.11
Pedestrian 0.00 0 -2.98 980.36 133.57 1045.39 242.30 1.90 0.67 0.94 7.30 1.21 13.16 -2.47 0.11
Pedestrian 0.00 0 -3.43 76.28 175.24 133.38 286.21 1.71 0.56 0.61 -8.14 1.75 11.55 -4.05 0.10
Pedestrian 0.00 0 -4.32 336.84 166.74 359.39 214.02 1.80 0.61 0.66 -10.11 1.56 27.74 -4.67 0.10
