Car 0.00 0 -4.70 604.49 180.97 632.60 210.27 1.59 1.57 3.58 0.49 2.09 42.09 -4.68 0.67
Cyclist 0.00 0 -3.71 0.00 182.47 197.00 374.00 1.72 0.66 1.80 -2.71 1.78 2.90 -4.46 0.67
Pedestrian 0.00 0 -8.35 1019.86 152.17 1129.25 311.19 1.65 0.65 0.92 5.03 1.43 7.95 -7.78 0.57
Car 0.00 0 -7.74 559.01 185.45 596.88 216.14 1.47 1.59 3.59 -1.68 2.17 38.03 -7.78 0.42
Cyclist 0.00 0 -8.12 1109.13 150.23 1228.87 325.11 1.67 0.58 1.70 5.91 1.46 7.80 -7.47 0.37
Pedestrian 0.00 0 -5.12 868.56 147.43 937.19 277.82 1.74 0.61 0.82 4.01 1.40 10.06 -4.74 0.31
Pedestrian 0.00 0 -4.77 932.19 148.69 995.66 301.99 1.68 0.61 0.84 4.06 1.42 8.43 -4.33 0.26
Pedestrian 0.00 0 -3.30 832.39 159.10 882.82 254.23 1.57 0.54 0.73 4.14 1.34 12.24 -2.97 0.26
Pedestrian 0.00 0 -5.92 972.56 148.68 1050.67 287.95 1.73 0.58 0.73 5.20 1.43 9.44 -5.42 0.26
Cyclist 0.00 0 -4.77 741.79 170.58 755.38 205.72 1.72 0.56 1.69 6.91 1.61 36.19 -4.59 0.19
Cyclist 0.00 0 -4.55 523.81 174.83 544.11 224.97 1.67 0.46 1.49 -2.65 1.74 24.83 -4.65 0.19
Pedestrian 0.00 0 -5.04 535.37 179.33 553.61 219.85 1.87 0.64 0.77 -3.13 2.18 33.96 -5.13 0.19
Pedestrian 0.00 0 -3.84 850.75 153.14 921.11 265.31 1.68 0.62 0.81 4.24 1.38 11.23 -3.48 0.18
Pedestrian 0.00 0 -4.74 1145.76 141.66 1201.98 269.29 1.77 0.62 0.85 8.14 1.34 10.51 -4.08 0.16
Pedestrian 0.00 0 -3.47 1173.07 144.23 1241.00 282.84 1.78 0.59 0.80 8.09 1.41 9.67 -2.78 0.14
Pedestrian 0.00 0 -6.25 821.75 160.54 866.35 250.43 1.60 0.64 0.76 4.25 1.38 13.24 -5.94 0.14
Pedestrian 0.00 0 -3.84 1057.34 156.26 1167.86 331.33 1.60 0.46 0.74 4.70 1.45 6.85 -3.24 0.12
Car 0.00 0 -4.94 739.70 169.25 800.46 210.45 1.61 1.62 3.97 6.57 1.47 30.16 -4.72 0.12
Pedestrian 0.00 0 -8.25 1065.55 176.37 1097.34 233.15 1.55 0.57 0.55 13.03 1.65 20.02 -7.67 0.10
Car 0.00 0 -6.74 0.00 184.44 313.68 374.00 1.59 1.59 3.88 -4.47 1.72 5.57 -7.42 0.10
