Car 0.00 0 -7.73 480.66 176.98 544.63 230.73 1.63 1.67 3.95 -3.23 1.79 24.23 -7.87 0.94
Car 0.00 0 -4.32 251.49 188.12 353.14 238.38 1.44 1.67 4.10 -10.15 2.00 24.02 -4.72 0.94
Car 0.00 0 -7.89 580.67 177.64 607.83 201.97 1.49 1.61 3.64 -1.08 1.81 46.71 -7.92 0.82
Cyclist 0.00 0 -2.55 639.20 168.25 683.85 213.62 1.86 0.64 1.82 2.12 1.67 30.34 -2.48 0.42
Car 0.00 0 -8.02 418.19 183.14 471.67 222.02 1.48 1.57 3.94 -7.11 1.94 30.63 -8.25 0.38
Car 0.00 0 -2.46 0.00 181.05 36.46 210.08 1.54 1.63 4.16 -34.30 2.00 39.64 -3.18 0.33
Car 0.00 0 -8.35 629.96 178.22 692.57 211.33 1.46 1.56 3.32 2.34 1.73 34.22 -8.28 0.29
Pedestrian 0.00 0 -4.03 627.14 172.03 646.72 210.32 1.77 0.57 0.76 1.23 1.74 33.88 -3.99 0.23
Pedestrian 0.00 0 -8.80 787.40 170.97 802.94 211.31 1.72 0.52 0.43 7.94 1.64 31.09 -8.55 0.21
Pedestrian 0.00 0 -5.81 441.65 180.15 460.85 210.29 1.60 0.54 0.86 -8.60 2.00 38.94 -6.02 0.18
Car 0.00 0 -4.91 721.76 175.64 760.52 201.95 1.47 1.54 3.75 7.68 1.65 42.72 -4.73 0.18
Pedestrian 0.00 0 -4.32 721.89 159.99 756.68 231.62 1.97 0.68 0.88 3.60 1.61 20.36 -4.15 0.17
Pedestrian 0.00 0 -7.54 151.96 182.61 178.95 230.85 1.71 0.66 0.66 -16.15 2.07 26.16 -8.09 0.15
Cyclist 0.00 0 -8.42 660.11 175.03 683.37 205.54 1.66 0.48 1.63 3.39 1.78 40.16 -8.34 0.15
Car 0.00 0 -7.73 454.30 178.75 488.23 206.03 1.52 1.56 3.56 -8.22 1.88 42.81 -7.92 0.15
Car 0.00 0 -4.91 707.34 174.36 742.38 198.00 1.53 1.59 3.88 7.71 1.63 48.88 -4.76 0.15
Car 0.00 0 -7.70 477.94 176.95 524.43 211.63 1.60 1.66 4.18 -5.38 1.82 35.88 -7.85 0.14
Pedestrian 0.00 0 -4.30 638.05 167.91 659.30 210.05 1.83 0.63 0.90 1.68 1.62 31.93 -4.25 0.14
Pedestrian 0.00 0 -4.61 851.18 162.94 871.80 215.08 1.88 0.65 0.68 9.19 1.52 26.48 -4.28 0.12
Pedestrian 0.00 0 -5.46 806.01 179.99 827.22 217.18 1.42 0.48 0.65 8.00 1.70 28.09 -5.18 0.11
Pedestrian 0.00 0 -5.58 422.81 185.31 439.73 215.82 1.42 0.47 0.62 -8.49 2.01 34.12 -5.82 0.11
Pedestrian 0.00 0 -7.52 843.73 177.10 865.64 224.03 1.54 0.51 0.64 8.17 1.69 24.23 -7.19 0.10
