Car 0.00 0 -7.87 574.11 176.90 612.04 212.51 1.50 1.62 4.20 -0.85 1.70 32.98 -7.89 0.85
Cyclist 0.00 0 -8.37 1099.38 128.36 1241.00 347.90 1.84 0.65 1.81 5.52 1.47 7.00 -7.71 0.76
Car 0.00 0 -4.59 490.22 178.34 523.35 204.11 1.61 1.69 4.29 -6.88 2.00 48.21 -4.73 0.20
Pedestrian 0.00 0 -4.08 1218.56 148.48 1241.00 272.64 1.66 0.63 0.75 9.05 1.34 10.05 -3.34 0.20
Pedestrian 0.00 0 -3.28 699.24 170.46 713.88 198.70 1.90 0.55 0.91 6.50 1.74 48.85 -3.15 0.18
Car 0.00 0 -4.70 750.77 174.79 779.98 202.58 1.54 1.60 3.92 9.10 1.66 42.32 -4.49 0.17
Car 0.00 0 -8.40 1027.70 163.85 1241.00 260.12 1.48 1.64 4.33 9.61 1.34 13.32 -7.78 0.15
Car 0.00 0 -7.78 663.85 175.56 691.28 198.02 1.54 1.66 4.22 4.89 1.74 52.17 -7.68 0.13
Pedestrian 0.00 0 -7.27 1020.25 167.84 1042.05 203.15 1.76 0.69 0.68 21.18 1.51 36.35 -6.74 0.12
Pedestrian 0.00 0 -4.61 1090.16 167.13 1108.66 208.29 1.88 0.65 0.59 22.62 1.62 33.40 -4.01 0.10
