Car 0.00 0 -7.59 355.17 179.33 472.04 257.44 1.57 1.66 3.46 -4.27 1.45 16.16 -7.84 0.97
Car 0.00 0 -7.70 456.17 183.34 510.68 221.13 1.38 1.54 3.61 -4.81 1.31 28.01 -7.87 0.95
Car 0.00 0 -7.43 180.76 189.11 323.69 254.64 1.39 1.56 4.09 -8.52 1.50 17.55 -7.88 0.93
Car 0.00 0 -7.89 581.97 175.35 654.17 243.75 1.58 1.67 3.53 0.15 1.36 18.42 -7.88 0.91
Car 0.00 0 -7.02 0.00 197.61 87.30 375.00 1.50 1.66 3.81 -7.94 1.67 7.77 -7.82 0.87
Car 0.00 0 -7.23 0.00 195.33 313.97 375.00 1.59 1.67 3.85 -3.73 1.69 5.05 -7.86 0.84
Car 0.00 0 -4.16 100.22 183.42 167.43 209.42 1.51 1.61 3.90 -28.78 1.41 43.74 -4.74 0.83
Car 0.00 0 -7.88 500.26 180.39 533.76 209.82 1.39 1.55 3.97 -4.63 1.16 36.05 -8.01 0.76
Car 0.00 0 -7.46 277.57 184.37 349.79 218.35 1.42 1.57 3.95 -13.01 1.38 31.97 -7.85 0.75
Car 0.00 0 -7.52 375.83 182.91 440.69 218.36 1.44 1.62 3.57 -8.57 1.35 31.02 -7.79 0.40
Car 0.00 0 -4.03 173.37 184.29 296.63 231.84 1.46 1.59 3.86 -12.41 1.43 24.13 -4.51 0.39
Car 0.00 0 -4.86 578.19 180.00 630.53 217.79 1.43 1.56 3.96 -0.24 1.23 29.29 -4.87 0.32
Car 0.00 0 -4.14 54.77 183.63 186.87 231.95 1.48 1.74 4.04 -16.13 1.43 24.03 -4.73 0.30
Car 0.00 0 -7.37 451.38 179.26 503.23 203.04 1.42 1.56 3.92 -8.15 1.07 45.09 -7.55 0.28
Car 0.00 0 -7.62 414.94 169.18 452.52 196.06 1.84 1.72 4.05 -12.38 0.74 51.26 -7.86 0.19
Pedestrian 0.00 0 -6.05 645.84 178.20 656.27 200.53 1.79 0.61 0.72 3.47 1.23 57.85 -5.99 0.15
Pedestrian 0.00 0 -6.53 655.91 179.18 671.61 213.82 1.55 0.61 0.58 2.50 1.28 32.56 -6.45 0.14
Car 0.00 0 -4.36 161.48 183.32 217.01 207.70 1.44 1.70 3.93 -25.81 1.33 44.43 -4.88 0.13
Car 0.00 0 -4.35 172.59 179.18 219.47 203.83 1.82 1.78 4.17 -31.67 1.38 55.39 -4.87 0.10
