Pedestrian 0.00 0 -5.90 383.49 156.76 477.87 303.18 1.78 0.54 1.03 -2.24 1.49 8.92 -6.14 0.69
Pedestrian 0.00 0 -7.69 21.26 167.83 70.54 255.97 1.73 0.66 0.88 -11.41 1.48 14.40 -8.36 0.20
Pedestrian 0.00 0 -4.97 838.20 169.73 870.63 234.54 1.60 0.60 0.72 6.24 1.33 17.80 -4.64 0.19
Pedestrian 0.00 0 -5.13 994.61 219.95 1090.68 369.00 1.22 0.38 0.66 3.26 1.54 5.38 -4.59 0.19
Car 0.00 0 -3.98 0.00 181.15 74.84 232.19 1.47 1.63 4.01 -19.23 1.50 22.48 -4.69 0.19
Car 0.00 0 -8.94 1086.75 194.47 1223.00 369.00 1.48 1.56 3.27 5.00 1.60 4.33 -8.08 0.17
Cyclist 0.00 0 -2.94 649.39 141.57 681.09 173.51 1.77 0.66 1.68 3.39 -0.40 39.87 -2.86 0.15
Pedestrian 0.00 0 -4.68 262.00 163.24 299.72 258.74 1.78 0.64 0.95 -6.31 1.46 13.71 -5.11 0.14
Pedestrian 0.00 0 -4.84 1008.48 179.63 1045.69 267.97 1.47 0.47 0.60 7.19 1.46 12.13 -4.30 0.13
Cyclist 0.00 0 -8.03 952.00 169.72 1014.96 279.31 1.59 0.56 1.83 5.92 1.44 11.22 -7.54 0.12
Pedestrian 0.00 0 -5.03 632.75 167.90 677.96 263.18 1.68 0.58 0.86 0.87 1.46 12.91 -4.96 0.12
Pedestrian 0.00 0 -5.30 681.80 163.99 729.66 253.79 1.78 0.60 0.86 2.02 1.45 14.50 -5.16 0.11
Pedestrian 0.00 0 -4.55 859.07 159.21 905.59 267.10 1.75 0.62 0.76 4.65 1.41 11.96 -4.18 0.11
Cyclist 0.00 0 -4.95 667.79 165.89 691.67 209.88 1.72 0.61 1.55 2.97 1.15 28.42 -4.84 0.11
Pedestrian 0.00 0 -4.01 1170.40 168.80 1223.00 264.58 1.57 0.60 0.74 10.14 1.38 11.97 -3.31 0.11
