Car 0.00 0 -7.31 0.00 186.44 329.52 347.86 1.54 1.65 3.83 -5.07 1.56 8.83 -7.83 0.97
Car 0.00 0 -7.84 574.57 175.50 614.93 212.32 1.51 1.65 3.53 -0.58 1.11 31.23 -7.86 0.94
Car 0.00 0 -7.05 0.00 190.38 67.10 342.84 1.48 1.59 3.29 -8.71 1.56 8.77 -7.83 0.91
Car 0.00 0 -7.40 181.56 170.81 331.56 250.27 1.72 1.68 4.05 -8.41 1.41 17.56 -7.85 0.88
Car 0.00 0 -7.60 305.01 182.91 382.17 228.38 1.42 1.57 3.76 -8.88 1.35 24.33 -7.95 0.87
Car 0.00 0 -7.73 488.38 176.69 528.74 207.15 1.45 1.53 4.00 -4.96 1.04 36.12 -7.87 0.73
Car 0.00 0 -4.17 50.91 182.31 205.73 248.61 1.49 1.54 3.68 -11.88 1.43 18.04 -4.75 0.51
Car 0.00 0 -4.09 61.22 179.44 194.90 224.95 1.48 1.68 4.45 -16.91 1.29 25.58 -4.68 0.32
Pedestrian 0.00 0 -4.55 452.30 166.13 484.07 238.17 1.86 0.68 0.97 -3.73 1.37 19.06 -4.74 0.31
Car 0.00 0 -4.31 554.12 176.93 591.86 197.24 1.58 1.60 3.98 -2.77 0.93 57.92 -4.35 0.23
Pedestrian 0.00 0 -5.44 522.98 175.87 537.81 202.24 1.68 0.56 0.80 -5.01 1.09 46.33 -5.55 0.21
Car 0.00 0 -4.83 352.78 175.92 389.71 202.65 1.45 1.55 3.99 -13.55 0.94 40.99 -5.15 0.20
Car 0.00 0 -3.25 643.40 179.80 720.36 205.61 1.49 1.66 4.34 4.29 1.18 42.26 -3.15 0.20
Cyclist 0.00 0 -5.38 284.48 174.16 321.79 215.77 1.73 0.62 1.57 -13.00 1.27 30.59 -5.79 0.19
Pedestrian 0.00 0 -4.22 347.12 160.96 396.79 255.65 1.90 0.64 0.89 -4.93 1.42 14.93 -4.54 0.14
Car 0.00 0 -4.30 327.73 163.98 374.79 188.18 1.58 1.66 3.73 -17.43 0.19 48.95 -4.64 0.12
Car 0.00 0 -4.51 271.57 170.83 317.74 200.13 1.53 1.58 3.91 -17.25 0.78 39.68 -4.92 0.11
