Car 0.00 0 -4.50 498.52 180.28 560.65 220.39 1.45 1.64 4.15 -3.19 1.77 29.03 -4.61 0.95
Car 0.00 0 -7.88 623.43 174.37 664.17 214.41 1.60 1.63 3.37 1.34 1.67 30.60 -7.84 0.90
Car 0.00 0 -4.62 529.96 176.40 569.90 209.43 1.53 1.62 4.02 -2.97 1.72 35.86 -4.70 0.49
Pedestrian 0.00 0 -7.80 708.93 163.27 728.12 219.92 1.94 0.61 0.93 3.76 1.61 25.24 -7.65 0.36
Pedestrian 0.00 0 -4.65 415.45 174.87 439.88 229.54 1.84 0.76 0.98 -6.31 1.91 24.84 -4.90 0.30
Car 0.00 0 -4.74 552.84 175.85 576.99 199.09 1.46 1.48 3.80 -3.05 1.67 47.79 -4.80 0.29
Pedestrian 0.00 0 -7.57 775.15 151.21 817.18 244.26 1.97 0.68 0.89 4.05 1.52 15.86 -7.32 0.20
Pedestrian 0.00 0 -7.44 134.15 179.42 209.39 303.20 1.77 0.65 0.96 -6.65 1.88 10.91 -7.99 0.18
Car 0.00 0 -6.93 1196.52 166.95 1241.00 292.48 1.44 1.51 3.98 10.30 1.37 9.39 -6.09 0.16
Car 0.00 0 -4.82 575.27 171.23 598.59 189.22 1.52 1.62 3.86 -2.07 1.39 63.21 -4.86 0.14
Pedestrian 0.00 0 -5.26 0.00 183.91 8.07 374.00 1.87 0.80 0.50 -6.64 1.99 7.15 -6.00 0.13
Car 0.00 0 -6.99 918.68 179.92 1241.00 303.50 1.41 1.52 3.89 6.17 1.51 9.31 -6.40 0.13
Car 0.00 0 -6.58 670.83 168.88 730.10 190.60 1.54 1.65 3.96 6.52 1.26 52.38 -6.46 0.12
Car 0.00 0 -4.28 660.03 173.45 706.13 196.99 1.51 1.54 3.98 4.92 1.55 48.45 -4.18 0.11
Car 0.00 0 -8.02 675.62 170.33 715.70 200.86 1.63 1.61 3.77 4.72 1.50 40.46 -7.91 0.11
