Car 0.00 0 -2.44 0.00 174.29 261.44 374.00 1.74 1.72 3.79 -5.76 1.75 7.03 -3.13 0.92
Car 0.00 0 -4.58 544.64 176.07 580.46 204.24 1.62 1.67 4.00 -2.88 1.83 44.07 -4.65 0.90
Car 0.00 0 -7.85 669.75 174.15 699.90 205.09 1.54 1.50 3.62 3.90 1.61 37.88 -7.74 0.80
Car 0.00 0 -7.72 587.16 173.98 618.03 198.66 1.79 1.77 4.53 -0.54 1.88 54.96 -7.73 0.80
Car 0.00 0 -4.89 691.73 166.10 767.14 229.84 1.80 1.60 3.99 3.56 1.61 22.39 -4.73 0.75
Pedestrian 0.00 0 -4.36 313.34 167.73 344.10 231.02 1.92 0.69 0.68 -8.73 1.77 22.28 -4.73 0.25
Car 0.00 0 -4.08 1171.65 153.62 1241.00 233.86 1.45 1.62 3.88 13.39 1.10 14.18 -3.33 0.23
Pedestrian 0.00 0 -6.14 507.97 175.09 523.17 202.32 1.76 0.67 0.90 -6.17 1.90 46.94 -6.27 0.21
Car 0.00 0 -7.91 658.62 172.73 684.88 196.11 1.60 1.62 4.07 4.33 1.59 51.40 -7.83 0.19
Pedestrian 0.00 0 -6.56 1198.94 90.08 1241.00 374.00 1.93 0.59 1.08 4.07 1.52 4.13 -5.78 0.12
Pedestrian 0.00 0 -3.81 268.56 198.77 295.69 248.62 1.20 0.41 0.46 -8.20 1.85 17.95 -4.24 0.11
Pedestrian 0.00 0 -8.00 1115.56 138.10 1241.00 374.00 1.77 0.61 0.83 3.10 1.60 3.90 -7.33 0.11
Pedestrian 0.00 0 -8.50 703.00 174.17 734.11 247.62 1.63 0.47 0.54 2.41 1.66 16.37 -8.35 0.10
