Car 0.00 0 -4.26 44.96 192.97 298.83 314.51 1.47 1.69 4.37 -6.75 1.85 11.67 -4.78 0.94
Car 0.00 0 -3.88 409.63 180.75 567.49 240.85 1.51 1.68 4.63 -3.46 1.77 21.10 -4.04 0.83
Pedestrian 0.00 0 -7.88 452.29 179.81 488.03 268.32 1.60 0.64 0.80 -2.69 1.74 13.57 -8.07 0.75
Pedestrian 0.00 0 -3.23 1157.90 154.02 1187.49 209.37 1.85 0.65 0.74 19.09 1.22 24.54 -2.57 0.22
Car 0.00 0 -4.59 645.65 178.46 682.77 207.62 1.51 1.59 3.89 3.04 1.84 40.32 -4.51 0.22
Pedestrian 0.00 0 -5.36 1053.34 155.69 1073.60 191.79 1.92 0.62 0.71 24.30 1.01 38.73 -4.80 0.18
Cyclist 0.00 0 -5.66 899.58 165.38 955.97 221.43 1.68 0.57 1.56 9.80 1.45 22.41 -5.25 0.16
Pedestrian 0.00 0 -6.26 679.75 172.11 691.22 201.54 1.85 0.60 0.71 4.76 1.81 45.75 -6.15 0.16
Pedestrian 0.00 0 -4.48 327.80 141.36 429.85 367.36 2.05 0.73 1.05 -2.29 1.76 7.09 -4.79 0.16
Car 0.00 0 -4.74 1218.76 156.86 1241.00 182.85 1.63 1.62 3.90 40.85 0.63 47.15 -4.03 0.13
Cyclist 0.00 0 -8.00 789.94 170.11 799.29 197.34 1.70 0.35 1.60 11.70 1.53 45.87 -7.75 0.13
