Car 0.00 0 -4.34 271.20 187.92 371.81 240.71 1.44 1.60 3.92 -8.99 1.95 22.71 -4.71 0.96
Car 0.00 0 -8.08 575.55 176.95 613.89 200.89 1.47 1.63 4.11 -1.08 1.75 47.26 -8.10 0.74
Car 0.00 0 -4.28 549.01 176.41 586.12 193.38 1.43 1.62 4.37 -3.76 1.76 64.30 -4.34 0.42
Car 0.00 0 -5.07 418.76 178.58 466.49 204.27 1.54 1.62 4.12 -10.80 1.92 46.23 -5.30 0.31
Cyclist 0.00 0 -5.78 269.78 177.46 299.49 205.10 1.83 0.64 1.72 -21.76 2.14 48.19 -6.20 0.22
Cyclist 0.00 0 -4.60 737.99 173.48 751.17 207.11 1.64 0.48 1.57 6.71 1.68 36.15 -4.42 0.20
Cyclist 0.00 0 -3.72 683.49 163.91 732.95 216.32 1.87 0.64 1.73 3.56 1.55 26.42 -3.58 0.17
Pedestrian 0.00 0 -3.31 1197.00 140.15 1241.00 303.40 1.64 0.59 0.65 6.65 1.31 7.66 -2.59 0.15
Pedestrian 0.00 0 -4.38 1082.26 136.37 1159.25 283.62 1.74 0.59 0.68 6.30 1.31 8.98 -3.77 0.14
Pedestrian 0.00 0 -7.88 50.17 180.97 62.73 208.89 1.67 0.59 0.48 -33.63 2.17 43.79 -8.53 0.13
Car 0.00 0 -4.52 387.91 179.21 450.25 223.89 1.56 1.59 3.87 -7.30 1.82 27.75 -4.77 0.13
Car 0.00 0 -6.05 495.46 178.63 582.45 212.04 1.50 1.62 3.79 -3.34 1.78 33.84 -6.15 0.12
Cyclist 0.00 0 -2.42 368.01 176.65 398.43 208.27 1.77 0.62 1.66 -12.97 1.99 41.15 -2.72 0.11
