Car 0.00 0 -4.49 428.62 181.40 478.67 212.85 1.47 1.65 4.11 -7.97 1.93 36.93 -4.71 0.90
Car 0.00 0 -4.67 495.54 178.44 517.03 197.63 1.50 1.60 3.90 -8.57 1.98 59.70 -4.81 0.53
Pedestrian 0.00 0 -5.83 287.32 172.81 299.04 195.19 1.88 0.68 0.68 -26.75 1.87 60.86 -6.24 0.37
Car 0.00 0 -4.22 18.48 197.14 127.41 243.06 1.39 1.56 3.68 -19.13 2.33 25.84 -4.85 0.31
Car 0.00 0 -4.95 1147.67 201.14 1203.37 231.65 1.47 1.57 4.04 32.06 3.17 41.05 -4.29 0.22
Pedestrian 0.00 0 -3.72 755.17 172.41 803.45 254.33 1.82 0.58 0.90 3.80 1.81 16.43 -3.49 0.16
Car 0.00 0 -4.68 684.60 188.21 709.62 213.52 1.55 1.55 3.89 5.88 2.63 48.73 -4.56 0.16
Cyclist 0.00 0 -3.14 875.71 183.13 983.93 278.78 1.69 0.58 1.82 5.93 1.90 13.55 -2.72 0.16
Pedestrian 0.00 0 -7.84 220.76 185.10 236.67 222.35 1.67 0.64 0.69 -17.53 2.24 33.11 -8.33 0.15
Pedestrian 0.00 0 -6.69 451.39 175.38 464.90 202.42 1.84 0.53 0.76 -10.46 2.01 49.58 -6.90 0.13
Car 0.00 0 -3.44 644.01 180.92 725.29 209.07 1.46 1.69 4.09 4.01 1.91 39.36 -3.34 0.12
Car 0.00 0 -4.40 305.70 181.73 362.76 211.95 1.50 1.68 4.23 -14.95 2.01 39.24 -4.76 0.12
Cyclist 0.00 0 -4.90 792.50 174.35 828.12 253.25 1.76 0.49 1.72 4.65 1.80 17.02 -4.63 0.12
Cyclist 0.00 0 -7.12 100.77 182.03 153.95 231.43 1.73 0.58 1.79 -17.79 2.08 26.58 -7.71 0.10
