Car 0.00 0 -7.13 0.00 184.47 110.92 337.81 1.50 1.51 3.15 -7.85 1.50 8.63 -7.87 0.96
Car 0.00 0 -7.87 573.24 171.89 618.65 215.65 1.59 1.65 4.12 -0.54 1.11 28.25 -7.89 0.88
Car 0.00 0 -7.61 350.67 187.10 483.09 266.56 1.39 1.63 4.14 -3.76 1.43 14.70 -7.86 0.81
Car 0.00 0 -7.27 33.92 176.17 174.55 245.41 1.55 1.52 2.77 -12.14 1.35 17.46 -7.88 0.79
Car 0.00 0 -4.47 430.43 172.61 462.07 193.56 1.59 1.60 3.65 -12.62 0.63 56.29 -4.69 0.43
Car 0.00 0 -4.68 446.54 175.84 475.20 202.54 1.53 1.57 3.84 -8.84 1.00 43.34 -4.88 0.29
Car 0.00 0 -7.96 613.19 173.58 640.51 193.72 1.45 1.61 4.06 1.38 0.61 53.87 -7.94 0.27
Car 0.00 0 -4.47 29.86 172.14 118.24 225.39 1.55 1.49 3.37 -16.83 1.17 22.76 -5.11 0.25
Cyclist 0.00 0 -7.22 342.58 172.27 386.80 225.40 1.72 0.50 1.71 -8.21 1.31 24.22 -7.55 0.24
Car 0.00 0 -4.76 525.93 173.39 551.60 196.17 1.49 1.54 3.80 -4.74 0.72 48.88 -4.86 0.21
Pedestrian 0.00 0 -7.71 657.09 171.35 682.89 222.67 1.70 0.79 0.57 2.06 1.25 24.24 -7.63 0.18
Pedestrian 0.00 0 -7.67 909.10 163.23 969.61 298.78 1.69 0.60 0.75 4.31 1.42 9.44 -7.24 0.16
Pedestrian 0.00 0 -3.73 973.23 158.43 1076.67 318.92 1.74 0.55 0.84 4.64 1.45 8.11 -3.22 0.16
Car 0.00 0 -4.89 604.31 172.81 628.32 189.55 1.52 1.57 3.89 0.77 0.40 67.45 -4.88 0.14
Cyclist 0.00 0 -4.90 547.97 174.32 561.58 203.84 1.63 0.48 1.55 -3.02 1.03 40.45 -4.98 0.12
Car 0.00 0 -4.07 201.82 180.43 389.67 259.78 1.48 1.58 4.07 -6.58 1.39 15.57 -4.46 0.10
