Cyclist 0.00 0 -8.21 913.52 154.38 1006.05 284.56 1.89 0.70 1.85 5.42 1.62 11.41 -7.77 0.92
Car 0.00 0 -4.80 579.57 176.62 627.51 215.53 1.56 1.73 4.18 -0.39 1.74 31.56 -4.81 0.69
Car 0.00 0 -7.82 504.62 179.55 534.60 206.76 1.50 1.65 3.58 -5.32 1.91 42.51 -7.95 0.32
Pedestrian 0.00 0 -2.98 465.67 189.54 583.41 374.00 1.73 0.59 0.65 -0.57 1.84 4.49 -3.11 0.25
Pedestrian 0.00 0 -5.80 1015.55 153.53 1064.19 231.30 1.91 0.65 0.85 10.82 1.44 18.26 -5.26 0.15
Car 0.00 0 -4.17 0.00 186.10 128.35 259.78 1.55 1.72 4.27 -14.30 1.93 18.22 -4.83 0.15
Car 0.00 0 -4.91 636.45 174.79 664.40 194.82 1.62 1.60 3.89 3.35 1.79 60.86 -4.86 0.14
Car 0.00 0 -4.04 608.00 177.32 660.72 200.63 1.55 1.59 3.98 1.73 1.88 50.90 -4.01 0.13
Car 0.00 0 -2.66 411.86 185.37 472.76 207.06 1.49 1.65 4.00 -12.20 2.42 52.44 -2.88 0.11
Cyclist 0.00 0 -7.76 539.15 176.45 548.80 205.15 1.67 0.43 1.53 -3.97 1.89 43.06 -7.85 0.10
