Car 0.00 0 -8.02 670.79 161.14 735.21 215.90 1.85 1.70 3.82 3.60 1.16 26.18 -7.88 0.85
Pedestrian 0.00 0 -7.86 963.51 133.68 1138.43 373.00 1.81 0.76 0.98 2.49 1.58 4.11 -7.32 0.79
Pedestrian 0.00 0 -4.15 218.97 167.60 320.28 344.92 1.73 0.61 0.83 -3.48 1.60 7.47 -4.59 0.72
Pedestrian 0.00 0 -7.55 339.96 193.83 424.45 318.90 1.44 0.84 0.56 -2.67 1.60 8.63 -7.85 0.69
Pedestrian 0.00 0 -5.24 859.41 155.38 910.20 251.73 1.78 0.60 0.75 5.35 1.30 13.68 -4.86 0.66
Pedestrian 0.00 0 -4.93 193.34 157.02 268.39 308.40 1.90 0.68 1.03 -5.02 1.59 9.63 -5.41 0.59
Car 0.00 0 -7.97 651.84 172.79 684.61 200.78 1.43 1.41 2.73 3.50 0.98 38.00 -7.88 0.58
Pedestrian 0.00 0 -4.53 488.36 167.96 507.42 212.73 1.81 0.66 0.67 -4.25 1.26 29.36 -4.67 0.48
Pedestrian 0.00 0 -7.67 801.11 157.06 877.16 319.42 1.72 0.67 0.90 2.66 1.46 8.15 -7.36 0.36
Pedestrian 0.00 0 -2.93 478.11 170.54 500.35 212.73 1.75 0.71 0.80 -4.73 1.30 30.21 -3.09 0.36
Cyclist 0.00 0 -2.73 11.90 153.89 226.87 335.94 1.86 0.78 1.80 -5.25 1.58 7.86 -3.31 0.34
Car 0.00 0 -7.03 0.00 198.52 0.73 350.92 1.42 1.52 3.60 -9.75 1.68 8.91 -7.86 0.27
Car 0.00 0 -7.76 561.51 172.31 588.65 194.21 1.55 1.62 3.90 -1.88 0.90 52.71 -7.79 0.24
Pedestrian 0.00 0 -3.09 565.78 169.82 580.58 199.08 1.76 0.51 0.87 -1.70 1.06 43.42 -3.13 0.24
Car 0.00 0 -7.65 530.84 176.00 578.43 211.01 1.41 1.46 2.96 -1.96 1.19 30.56 -7.72 0.22
Pedestrian 0.00 0 -8.28 773.23 174.59 826.88 266.87 1.52 0.68 0.62 3.32 1.41 12.18 -8.01 0.19
Car 0.00 0 -7.15 798.48 161.65 878.89 196.15 1.54 1.59 3.67 11.15 0.66 33.75 -6.83 0.18
Car 0.00 0 -5.08 826.30 168.96 908.21 213.02 1.50 1.55 3.78 9.65 1.08 26.42 -4.73 0.17
Pedestrian 0.00 0 -7.29 542.98 169.19 559.88 208.23 1.74 0.61 0.46 -2.26 1.19 32.29 -7.36 0.14
Cyclist 0.00 0 -7.77 0.00 170.77 15.20 252.14 1.69 0.43 1.68 -13.24 1.47 15.75 -8.47 0.13
Cyclist 0.00 0 -7.37 321.39 175.96 378.07 252.62 1.66 0.51 1.67 -5.77 1.55 16.46 -7.71 0.12
Car 0.00 0 -5.11 626.75 168.91 659.17 186.23 1.61 1.65 4.07 4.00 0.44 69.10 -5.06 0.11
Pedestrian 0.00 0 -7.77 744.75 181.14 776.76 265.90 1.49 0.52 0.55 2.84 1.49 12.97 -7.56 0.10
Pedestrian 0.00 0 -2.82 0.00 186.38 24.01 280.40 1.60 0.58 0.65 -10.73 1.69 12.67 -3.53 0.10
Car 0.00 0 -5.00 764.10 172.96 840.68 215.03 1.45 1.63 4.17 7.36 1.15 26.78 -4.73 0.10
Pedestrian 0.00 0 -4.93 779.39 146.60 789.55 172.50 1.85 0.57 0.70 13.21 -0.65 51.79 -4.68 0.10
