Car 0.00 0 -7.41 161.89 193.58 384.43 314.28 1.40 1.54 3.39 -4.57 1.54 10.26 -7.83 0.96
Car 0.00 0 -7.14 0.00 188.79 97.76 268.41 1.45 1.59 3.65 -12.84 1.53 15.07 -7.85 0.96
Car 0.00 0 -7.62 379.69 184.17 483.67 245.37 1.41 1.67 4.40 -4.49 1.39 18.81 -7.86 0.95
Car 0.00 0 -7.32 110.77 185.69 294.51 266.55 1.48 1.63 3.80 -8.34 1.50 15.13 -7.82 0.95
Car 0.00 0 -7.82 571.51 175.84 653.78 253.06 1.58 1.69 3.75 0.13 1.39 16.65 -7.81 0.94
Car 0.00 0 -7.59 352.65 182.51 420.57 220.27 1.36 1.53 3.99 -8.50 1.26 27.83 -7.89 0.62
Car 0.00 0 -7.42 236.00 180.55 327.29 219.07 1.36 1.54 4.24 -12.40 1.20 27.55 -7.84 0.61
Car 0.00 0 -4.71 661.38 180.03 682.08 199.63 1.57 1.65 3.78 5.27 1.15 59.43 -4.62 0.60
Car 0.00 0 -7.53 318.22 167.35 390.38 211.56 1.97 1.85 4.75 -12.07 1.18 34.48 -7.87 0.42
Car 0.00 0 -4.45 229.42 175.16 268.19 197.00 1.57 1.59 4.03 -26.81 0.85 53.77 -4.91 0.38
Car 0.00 0 -7.78 612.64 179.20 648.93 209.82 1.48 1.58 3.71 1.19 1.19 36.68 -7.75 0.28
Car 0.00 0 -4.23 266.28 174.63 303.54 192.65 1.66 1.62 3.88 -30.59 0.69 68.20 -4.66 0.16
Car 0.00 0 -4.57 482.88 174.28 536.79 214.68 1.58 1.66 4.29 -4.09 1.16 30.34 -4.70 0.16
Cyclist 0.00 0 -7.71 509.41 176.35 528.10 220.99 1.59 0.47 1.60 -3.30 1.28 26.42 -7.84 0.14
Car 0.00 0 -7.63 735.79 179.70 779.82 207.20 1.49 1.64 3.94 8.57 1.19 40.98 -7.43 0.12
Pedestrian 0.00 0 -4.27 875.10 159.51 954.10 317.58 1.84 0.56 0.92 3.75 1.55 8.90 -3.87 0.11
Car 0.00 0 -7.92 499.26 176.60 538.27 209.35 1.55 1.68 3.95 -4.55 1.14 36.13 -8.04 0.10
Car 0.00 0 -4.37 275.79 174.97 333.14 205.57 1.60 1.70 3.88 -16.64 1.07 39.55 -4.77 0.10
Pedestrian 0.00 0 -3.50 894.31 166.23 942.16 253.17 1.84 0.52 0.82 6.64 1.44 15.49 -3.10 0.10
