Car 0.00 0 -6.83 820.55 182.78 1181.69 317.28 1.47 1.56 3.66 4.61 1.60 8.91 -6.35 0.95
Car 0.00 0 -2.58 0.00 185.67 255.16 307.38 1.54 1.69 4.04 -7.58 1.74 10.34 -3.21 0.85
Car 0.00 0 -6.63 757.15 182.36 1047.96 285.03 1.46 1.56 3.88 4.33 1.62 11.20 -6.26 0.69
Car 0.00 0 -8.57 1030.02 182.11 1101.30 208.34 1.49 1.68 3.69 27.81 2.08 44.22 -8.01 0.68
Car 0.00 0 -7.78 1140.21 186.87 1197.66 227.75 1.41 1.49 3.74 21.73 1.99 28.06 -7.12 0.56
Car 0.00 0 -3.93 0.00 185.48 265.21 374.00 1.73 1.70 4.22 -3.00 1.82 2.57 -4.80 0.29
Pedestrian 0.00 0 -4.72 882.48 151.53 915.35 234.50 2.04 0.76 1.07 7.31 1.52 18.40 -4.34 0.22
Car 0.00 0 -4.71 1105.71 179.31 1130.95 201.04 1.65 1.62 3.97 40.92 2.19 58.13 -4.10 0.17
Car 0.00 0 -5.37 1075.41 180.40 1146.78 207.25 1.59 1.65 3.94 31.65 2.09 45.75 -4.76 0.14
Car 0.00 0 -7.93 545.15 182.99 606.18 237.06 1.46 1.58 3.64 -1.17 1.80 22.15 -7.98 0.14
Cyclist 0.00 0 -3.75 1156.58 170.37 1241.00 251.22 1.65 0.71 1.86 12.63 1.60 15.12 -3.06 0.14
Pedestrian 0.00 0 -4.91 1122.12 165.81 1155.85 234.60 1.87 0.61 0.80 14.65 1.68 20.06 -4.28 0.11
Pedestrian 0.00 0 -3.15 738.62 168.66 902.56 374.00 1.78 0.53 0.87 1.16 1.76 4.25 -2.89 0.10
Cyclist 0.00 0 -7.73 996.33 179.67 1007.42 205.57 1.71 0.46 1.63 26.50 2.18 48.84 -7.23 0.10
