Car 0.00 0 -4.44 242.99 188.32 435.48 315.25 1.50 1.66 4.21 -3.98 1.79 11.22 -4.78 0.97
Car 0.00 0 -3.99 0.00 206.79 295.52 374.00 1.51 1.76 4.39 -3.94 1.83 4.64 -4.70 0.95
Car 0.00 0 -4.58 442.47 183.79 509.07 233.91 1.40 1.60 3.94 -4.25 1.78 23.08 -4.77 0.94
Car 0.00 0 -7.87 606.03 177.43 650.47 220.75 1.50 1.56 3.46 0.60 1.68 27.08 -7.85 0.92
Car 0.00 0 -4.56 504.91 174.46 545.75 206.18 1.59 1.55 4.07 -4.50 1.68 38.48 -4.67 0.76
Cyclist 0.00 0 -6.99 954.33 138.22 1016.71 198.97 1.83 0.68 1.66 11.51 0.79 22.22 -6.51 0.41
Cyclist 0.00 0 -7.64 438.19 171.83 459.67 215.21 1.79 0.52 1.80 -6.88 1.75 30.68 -7.86 0.23
Cyclist 0.00 0 -7.64 424.63 177.49 446.83 221.81 1.70 0.51 1.72 -6.95 1.88 28.64 -7.88 0.19
Pedestrian 0.00 0 -5.85 479.04 171.81 494.67 202.82 1.74 0.64 0.67 -7.02 1.68 40.92 -6.02 0.17
Pedestrian 0.00 0 -7.90 827.11 157.25 866.48 255.84 1.94 0.73 0.67 4.73 1.63 14.60 -7.58 0.17
Cyclist 0.00 0 -7.06 398.80 176.50 437.85 224.07 1.66 0.39 1.53 -6.96 1.80 26.07 -7.32 0.16
Cyclist 0.00 0 -7.44 188.48 184.40 257.21 292.73 1.69 0.41 1.62 -6.60 1.90 12.28 -7.93 0.15
Car 0.00 0 -8.04 646.01 168.12 681.40 195.46 1.72 1.62 3.82 3.46 1.43 47.48 -7.97 0.15
Pedestrian 0.00 0 -8.30 795.47 171.45 831.58 248.02 1.72 0.66 0.46 4.60 1.69 16.49 -8.03 0.14
Car 0.00 0 -6.72 794.43 170.86 1119.73 293.48 1.66 1.63 3.98 4.85 1.63 10.57 -6.29 0.12
Pedestrian 0.00 0 -7.32 330.80 180.54 354.35 224.52 1.73 0.63 0.67 -10.74 2.04 28.87 -7.67 0.11
Pedestrian 0.00 0 -8.24 448.59 175.10 464.39 213.17 1.69 0.58 0.42 -6.94 1.79 32.45 -8.45 0.10
Pedestrian 0.00 0 -3.97 762.79 163.09 781.67 217.96 1.88 0.54 0.36 5.59 1.55 25.04 -3.75 0.10
