Car 0.00 0 -7.12 0.00 206.80 304.91 369.00 1.52 1.63 3.91 -3.15 1.72 3.45 -7.86 0.96
Car 0.00 0 -5.05 448.51 172.12 508.42 205.02 1.46 1.60 3.80 -6.04 1.09 33.34 -5.23 0.82
Car 0.00 0 -6.71 1118.23 148.08 1223.00 197.12 1.49 1.66 3.99 19.15 0.50 22.74 -6.01 0.81
Pedestrian 0.00 0 -7.66 278.34 177.91 316.51 255.24 1.54 0.60 0.66 -6.31 1.49 14.44 -8.07 0.54
Pedestrian 0.00 0 -3.21 989.68 152.54 1028.10 222.61 1.75 0.56 0.82 10.29 1.05 18.09 -2.69 0.31
Cyclist 0.00 0 -8.20 877.74 156.47 904.58 195.13 1.79 0.59 1.83 13.57 0.68 33.60 -7.82 0.30
Pedestrian 0.00 0 -3.80 788.84 163.59 806.28 196.25 1.72 0.59 0.68 10.25 0.83 37.69 -3.54 0.27
Pedestrian 0.00 0 -3.10 775.45 157.69 793.36 190.77 1.88 0.57 0.97 10.29 0.58 40.56 -2.85 0.22
Pedestrian 0.00 0 -3.37 965.08 151.37 1009.45 219.75 1.80 0.48 0.96 10.19 1.03 18.93 -2.88 0.16
Car 0.00 0 -4.75 71.37 177.97 99.14 198.78 1.58 1.63 4.10 -41.12 1.39 55.93 -5.38 0.13
Pedestrian 0.00 0 -4.96 1020.48 147.12 1041.15 188.56 1.92 0.69 0.66 19.96 0.37 33.17 -4.42 0.12
Car 0.00 0 -7.79 588.50 169.40 607.30 185.11 1.49 1.60 3.93 -0.64 0.44 68.90 -7.80 0.12
Pedestrian 0.00 0 -5.79 1159.15 167.51 1198.12 235.42 1.33 0.41 0.47 11.41 1.08 14.12 -5.11 0.12
Pedestrian 0.00 0 -8.12 539.74 166.05 552.41 196.82 1.83 0.61 0.65 -3.55 0.97 42.51 -8.20 0.11
