Pedestrian 0.00 0 -5.10 786.57 174.42 811.85 231.99 1.73 0.55 0.63 5.72 1.78 22.00 -4.85 0.52
Cyclist 0.00 0 -3.23 1117.53 155.98 1241.00 280.21 1.83 0.55 1.79 9.04 1.58 11.36 -2.56 0.42
Cyclist 0.00 0 -7.90 677.77 173.63 687.35 201.84 1.91 0.57 1.89 4.98 1.96 49.85 -7.80 0.40
Pedestrian 0.00 0 -8.24 719.97 173.63 734.49 205.99 1.82 0.65 0.55 6.60 1.86 40.83 -8.08 0.28
Cyclist 0.00 0 -7.16 862.94 165.57 918.84 225.25 1.83 0.61 1.85 8.85 1.61 22.82 -6.79 0.25
Car 0.00 0 -8.18 608.46 184.73 694.04 239.98 1.48 1.55 3.47 1.12 1.87 21.98 -8.13 0.20
Pedestrian 0.00 0 -6.39 539.57 176.35 565.64 248.38 1.73 0.64 0.57 -1.47 1.82 17.76 -6.47 0.18
Car 0.00 0 -6.24 412.19 179.89 551.33 237.28 1.65 1.71 4.04 -3.92 1.88 22.12 -6.42 0.18
Car 0.00 0 -6.51 588.53 181.29 711.91 226.78 1.56 1.70 4.24 1.39 1.89 26.46 -6.46 0.17
Car 0.00 0 -4.98 1177.81 187.64 1230.31 214.06 1.56 1.65 3.94 38.65 2.57 47.07 -4.29 0.16
Car 0.00 0 -4.49 310.76 185.99 377.22 230.87 1.43 1.49 3.55 -9.49 1.93 25.85 -4.84 0.15
Pedestrian 0.00 0 -3.91 727.38 170.53 740.91 197.44 1.89 0.56 0.77 8.76 1.73 51.10 -3.74 0.14
Car 0.00 0 -6.53 583.44 179.50 662.45 207.96 1.62 1.74 4.44 0.72 2.04 43.16 -6.51 0.13
Car 0.00 0 -5.08 1040.44 178.81 1098.89 208.90 1.65 1.64 3.77 26.82 2.01 42.28 -4.51 0.11
