Car 0.00 0 -4.54 379.64 191.86 515.87 288.80 1.46 1.79 4.68 -3.01 1.89 14.14 -4.75 0.96
Car 0.00 0 -5.34 1035.12 175.79 1241.00 261.22 1.52 1.73 4.40 11.07 1.59 15.20 -4.71 0.54
Pedestrian 0.00 0 -5.12 910.87 166.27 948.95 243.11 1.89 0.61 0.80 7.97 1.72 18.10 -4.70 0.45
Car 0.00 0 -2.74 124.72 192.09 236.02 235.70 1.50 1.62 3.17 -15.92 2.25 26.79 -3.28 0.39
Pedestrian 0.00 0 -5.22 1007.27 163.29 1052.17 240.69 1.83 0.64 0.77 10.07 1.60 17.41 -4.70 0.28
Pedestrian 0.00 0 -7.90 854.40 162.42 873.01 206.81 1.91 0.73 0.81 11.02 1.46 31.48 -7.56 0.24
Pedestrian 0.00 0 -5.50 1007.74 138.82 1134.96 344.11 1.82 0.62 0.82 4.31 1.52 6.88 -4.94 0.20
Pedestrian 0.00 0 -3.58 711.02 163.96 735.85 210.41 1.92 0.68 0.82 4.71 1.55 30.27 -3.42 0.19
Pedestrian 0.00 0 -4.80 728.70 181.51 758.56 250.23 1.61 0.63 0.85 3.18 1.83 17.48 -4.62 0.15
Car 0.00 0 -7.94 598.08 196.69 620.99 215.62 1.49 1.70 4.29 -0.09 3.70 64.59 -7.94 0.15
Pedestrian 0.00 0 -4.82 286.65 200.73 314.72 269.51 1.47 0.52 0.52 -6.96 2.11 16.11 -5.22 0.11
Car 0.00 0 -6.91 1105.20 181.75 1241.00 304.49 1.45 1.51 3.68 8.97 1.58 9.64 -6.16 0.10
Pedestrian 0.00 0 -4.27 1102.97 135.19 1241.00 374.00 1.77 0.62 0.89 4.31 1.51 5.52 -3.61 0.10
