Car 0.00 0 -4.48 0.00 207.96 60.52 374.00 1.46 1.65 4.11 -7.69 1.96 8.22 -5.23 0.96
Car 0.00 0 -8.19 450.83 188.56 578.98 266.54 1.38 1.59 3.70 -2.22 1.76 15.58 -8.33 0.94
Car 0.00 0 -5.06 993.30 158.73 1179.42 245.82 1.48 1.74 4.26 9.27 1.24 14.56 -4.49 0.92
Car 0.00 0 -8.00 346.13 181.97 403.63 223.41 1.50 1.65 4.04 -9.64 1.90 29.29 -8.31 0.78
Car 0.00 0 -4.81 895.59 161.69 986.76 237.99 1.53 1.51 3.50 7.32 1.30 16.32 -4.39 0.76
Car 0.00 0 -5.94 1096.34 159.01 1241.00 230.72 1.39 1.63 4.33 13.68 1.12 16.25 -5.24 0.74
Car 0.00 0 -8.49 586.52 150.82 943.36 365.44 1.90 1.77 4.58 1.44 1.71 8.83 -8.33 0.49
Cyclist 0.00 0 -2.76 482.78 172.89 519.51 208.02 1.76 0.62 1.74 -5.58 1.77 36.75 -2.91 0.47
Car 0.00 0 -7.65 304.19 182.01 336.66 201.05 1.43 1.65 3.94 -23.30 2.19 58.12 -8.03 0.14
Car 0.00 0 -4.36 0.00 176.06 441.58 374.00 1.88 1.74 4.22 -1.75 1.90 2.96 -4.89 0.13
Pedestrian 0.00 0 -3.63 529.19 170.40 536.14 197.70 1.88 0.47 0.29 -5.38 1.71 49.87 -3.73 0.13
Car 0.00 0 -4.65 788.37 170.99 852.63 227.83 1.44 1.52 3.65 5.94 1.40 20.30 -4.37 0.13
Cyclist 0.00 0 -6.67 516.07 170.40 555.10 207.88 1.75 0.69 1.72 -3.58 1.64 34.40 -6.77 0.12
Cyclist 0.00 0 -8.80 1221.32 133.44 1241.00 206.86 1.75 0.50 1.61 16.28 0.81 18.05 -8.07 0.11
Car 0.00 0 -7.69 573.81 164.87 623.73 203.14 1.63 1.66 3.89 -0.49 1.29 32.68 -7.71 0.11
Car 0.00 0 -8.39 1155.79 113.97 1241.00 156.61 1.52 1.67 3.88 24.25 -0.71 29.37 -7.70 0.11
Car 0.00 0 -7.84 802.39 140.83 838.45 173.88 1.54 1.62 3.85 10.36 0.05 35.61 -7.56 0.11
Car 0.00 0 -5.03 988.09 142.29 1082.29 191.92 1.55 1.61 3.83 14.27 0.59 24.52 -4.51 0.11
