Car 0.00 0 -2.77 287.70 179.84 413.06 226.78 1.49 1.60 3.58 -8.60 1.73 23.94 -3.11 0.92
Car 0.00 0 -4.77 548.04 176.58 583.61 207.57 1.54 1.66 3.85 -2.44 1.75 38.46 -4.84 0.84
Car 0.00 0 -4.96 691.35 169.35 742.07 205.18 1.75 1.68 3.93 5.40 1.58 37.20 -4.81 0.69
Pedestrian 0.00 0 -4.29 480.60 179.73 503.37 222.29 1.55 0.58 0.74 -4.42 1.81 26.78 -4.45 0.21
Pedestrian 0.00 0 -8.21 507.09 180.91 524.00 214.55 1.49 0.55 0.70 -4.31 1.86 32.61 -8.34 0.20
Cyclist 0.00 0 -2.56 143.21 160.99 194.97 205.93 1.84 0.73 1.72 -18.36 1.36 29.99 -3.11 0.18
Car 0.00 0 -7.03 0.00 203.02 56.36 374.00 1.49 1.63 3.92 -6.03 1.78 4.88 -7.92 0.17
Car 0.00 0 -3.82 518.85 177.19 588.98 202.86 1.49 1.64 4.24 -3.47 1.77 44.72 -3.89 0.17
Car 0.00 0 -8.03 739.32 172.33 782.46 203.03 1.66 1.69 4.13 8.51 1.63 41.14 -7.83 0.16
Pedestrian 0.00 0 -7.49 393.54 172.28 417.54 217.09 1.82 0.75 0.69 -8.46 1.80 29.71 -7.77 0.15
Car 0.00 0 -4.71 623.21 172.31 640.18 188.65 1.52 1.58 4.01 2.08 1.47 69.25 -4.68 0.14
Pedestrian 0.00 0 -4.89 811.32 169.67 832.70 220.10 1.80 0.63 0.71 7.64 1.69 26.16 -4.60 0.14
Cyclist 0.00 0 -4.01 0.00 161.27 85.27 318.42 1.78 0.45 1.81 -7.56 1.65 9.09 -4.70 0.12
Car 0.00 0 -7.56 476.42 158.51 509.92 180.26 1.89 1.80 4.39 -10.48 0.64 64.89 -7.72 0.10
Pedestrian 0.00 0 -5.51 846.22 186.38 889.76 264.35 1.48 0.52 0.62 5.02 1.75 14.20 -5.17 0.10
