Cyclist 0.00 0 -4.99 703.76 160.60 742.32 228.67 1.75 0.54 1.82 2.99 1.44 19.51 -4.84 0.93
Car 0.00 0 -7.84 586.80 173.26 611.69 197.09 1.53 1.60 4.17 -0.73 1.56 48.49 -7.85 0.78
Pedestrian 0.00 0 -6.60 1195.80 172.31 1241.00 324.34 1.37 0.43 0.51 5.87 1.37 6.81 -5.89 0.26
Car 0.00 0 -7.73 553.82 173.86 644.72 250.26 1.55 1.64 3.78 -0.19 1.58 16.69 -7.74 0.26
Pedestrian 0.00 0 -7.74 743.25 164.78 759.51 205.41 1.82 0.66 0.66 6.39 1.46 32.79 -7.55 0.20
Pedestrian 0.00 0 -8.06 1155.27 145.06 1176.31 184.12 1.89 0.68 0.72 27.18 0.54 35.34 -7.40 0.17
Cyclist 0.00 0 -8.00 705.63 168.66 719.41 204.02 1.68 0.44 1.56 4.94 1.48 35.10 -7.86 0.15
Car 0.00 0 -2.35 317.26 181.97 437.29 228.08 1.44 1.56 4.02 -8.08 1.78 24.86 -2.67 0.14
Pedestrian 0.00 0 -3.23 1022.29 165.56 1089.88 286.48 1.50 0.57 0.70 5.73 1.41 9.38 -2.68 0.14
Car 0.00 0 -4.82 568.37 173.09 589.54 189.41 1.54 1.61 4.17 -3.06 1.56 70.16 -4.86 0.12
Pedestrian 0.00 0 -3.08 1166.01 151.90 1241.00 279.88 1.64 0.53 0.81 7.96 1.37 9.70 -2.39 0.11
Car 0.00 0 -4.84 614.69 170.87 646.95 196.23 1.66 1.68 4.04 1.35 1.53 49.41 -4.82 0.11
