Car 0.00 0 -4.39 261.58 189.63 456.42 304.45 1.45 1.71 4.30 -3.89 1.77 11.87 -4.71 0.96
Car 0.00 0 -8.12 710.60 182.27 878.97 300.94 1.47 1.58 3.40 2.55 1.63 10.92 -7.89 0.96
Car 0.00 0 -7.98 651.22 178.94 723.55 236.10 1.51 1.63 4.14 2.17 1.71 21.65 -7.88 0.93
Car 0.00 0 -8.62 923.03 197.49 1241.00 374.00 1.48 1.70 4.24 2.84 1.65 2.75 -7.82 0.88
Car 0.00 0 -6.96 0.00 188.40 205.61 374.00 1.68 1.68 4.14 -3.20 1.77 2.24 -7.92 0.86
Car 0.00 0 -2.96 380.49 175.81 492.56 223.64 1.82 1.77 4.06 -6.84 1.94 28.59 -3.19 0.84
Pedestrian 0.00 0 -4.66 420.42 183.08 449.49 244.30 1.60 0.73 0.61 -4.72 1.87 19.29 -4.90 0.54
Pedestrian 0.00 0 -4.17 953.51 149.37 1024.72 273.93 1.81 0.58 0.90 5.72 1.47 10.99 -3.69 0.39
Car 0.00 0 -4.80 535.59 177.21 558.92 198.87 1.88 1.76 4.34 -5.79 2.30 65.98 -4.88 0.25
Pedestrian 0.00 0 -6.64 618.11 176.23 629.31 198.14 1.76 0.55 0.76 1.09 2.04 58.51 -6.63 0.24
Pedestrian 0.00 0 -9.12 1012.78 143.36 1071.05 232.67 1.84 0.55 0.95 9.18 1.23 15.42 -8.59 0.17
Pedestrian 0.00 0 -4.78 0.00 169.82 47.61 288.50 1.83 0.63 0.73 -9.53 1.78 11.60 -5.47 0.17
Pedestrian 0.00 0 -1.98 46.22 174.95 108.66 287.51 1.80 0.60 0.70 -8.90 1.84 11.99 -2.62 0.16
Pedestrian 0.00 0 -3.33 627.15 168.92 645.43 210.01 1.96 0.62 0.78 1.23 1.77 34.77 -3.30 0.16
Pedestrian 0.00 0 -8.64 1043.00 146.65 1115.74 261.04 1.77 0.59 0.79 7.48 1.36 11.59 -8.07 0.15
Car 0.00 0 -8.14 635.08 177.78 705.17 222.84 1.54 1.61 3.71 2.13 1.74 27.07 -8.07 0.13
Pedestrian 0.00 0 -5.34 1204.12 142.40 1241.00 217.97 1.68 0.58 0.63 13.95 1.00 16.34 -4.63 0.13
Pedestrian 0.00 0 -6.99 917.34 160.09 956.68 227.83 1.81 0.64 0.73 8.85 1.47 19.65 -6.56 0.13
Pedestrian 0.00 0 -6.03 788.85 169.16 804.98 205.66 1.89 0.66 0.67 9.74 1.70 37.73 -5.78 0.12
Pedestrian 0.00 0 -4.57 242.03 176.97 273.14 246.17 1.75 0.62 0.81 -9.19 1.86 18.74 -5.03 0.12
Cyclist 0.00 0 -8.62 856.23 165.46 916.39 231.09 1.73 0.60 1.60 7.53 1.53 19.86 -8.26 0.11
Pedestrian 0.00 0 -3.87 0.00 215.80 27.77 356.08 1.39 0.46 0.43 -6.56 1.86 7.55 -4.59 0.11
Cyclist 0.00 0 -7.88 720.56 174.86 730.84 212.86 1.72 0.42 1.66 5.33 1.81 33.55 -7.72 0.11
Cyclist 0.00 0 -6.82 1025.40 136.84 1122.33 216.66 1.77 0.68 1.75 10.46 0.97 16.39 -6.26 0.11
