Car 0.00 0 -4.95 734.70 183.94 928.25 316.79 1.50 1.72 3.96 2.89 1.69 10.48 -4.68 0.94
Car 0.00 0 -4.57 548.08 167.22 603.42 217.11 1.88 1.69 4.17 -1.36 1.67 29.32 -4.62 0.93
Car 0.00 0 -2.92 398.35 178.30 528.78 221.93 1.47 1.63 4.24 -5.12 1.67 25.34 -3.12 0.93
Car 0.00 0 -7.96 692.69 170.83 745.31 217.70 1.73 1.68 3.71 4.20 1.66 28.56 -7.81 0.86
Car 0.00 0 -4.73 587.49 176.84 618.73 206.32 1.44 1.55 3.73 -0.44 1.66 37.67 -4.74 0.65
Pedestrian 0.00 0 -7.59 533.80 166.78 551.73 205.93 1.90 0.73 0.64 -3.33 1.60 35.32 -7.68 0.26
Cyclist 0.00 0 -7.79 629.55 174.29 636.73 198.71 1.58 0.38 1.46 1.50 1.68 47.57 -7.76 0.26
Cyclist 0.00 0 -7.64 619.55 171.95 631.31 200.65 1.67 0.38 1.55 0.89 1.62 42.72 -7.62 0.25
Car 0.00 0 -2.71 282.87 184.21 453.55 241.08 1.42 1.62 4.08 -6.52 1.75 19.51 -3.03 0.19
Pedestrian 0.00 0 -4.96 974.62 177.70 1012.92 249.76 1.69 0.65 0.75 9.23 1.81 17.46 -4.48 0.17
Pedestrian 0.00 0 -4.95 1196.93 148.84 1241.00 319.41 1.90 0.72 0.93 7.53 1.63 8.62 -4.23 0.15
Pedestrian 0.00 0 -3.41 1174.73 158.18 1241.00 302.02 1.89 0.65 0.76 8.27 1.69 9.91 -2.71 0.15
Car 0.00 0 -3.58 745.83 175.33 840.87 209.45 1.52 1.62 3.96 8.43 1.64 33.44 -3.33 0.14
Pedestrian 0.00 0 -4.04 782.14 163.18 805.47 205.92 1.88 0.65 0.80 8.16 1.45 32.18 -3.79 0.13
Cyclist 0.00 0 -2.52 373.83 179.50 442.22 244.51 1.58 0.50 1.67 -5.12 1.75 18.12 -2.80 0.13
Cyclist 0.00 0 -5.30 762.36 165.51 807.61 222.45 1.80 0.61 1.69 5.67 1.57 23.66 -5.06 0.13
Pedestrian 0.00 0 -7.93 800.79 168.45 820.72 218.17 1.78 0.65 0.64 7.23 1.62 26.17 -7.66 0.12
Pedestrian 0.00 0 -7.60 968.72 174.40 995.26 236.10 1.73 0.59 0.42 10.56 1.77 20.57 -7.12 0.12
Car 0.00 0 -4.51 677.84 172.58 706.47 190.27 1.50 1.69 4.30 7.24 1.48 63.50 -4.40 0.11
Pedestrian 0.00 0 -4.63 399.04 164.38 417.88 214.01 1.95 0.67 0.62 -8.05 1.62 28.70 -4.90 0.10
