Car 0.00 0 -8.14 711.61 175.04 886.85 294.18 1.65 1.69 4.02 2.89 1.70 12.13 -7.91 0.96
Car 0.00 0 -8.54 694.78 175.30 760.76 205.79 1.48 1.56 3.40 6.00 1.62 37.27 -8.38 0.87
Car 0.00 0 -4.84 620.00 172.95 650.68 197.74 1.64 1.64 3.62 1.68 1.65 49.59 -4.81 0.76
Car 0.00 0 -2.65 68.82 172.37 402.30 291.53 1.66 1.68 4.19 -5.54 1.65 10.94 -3.12 0.76
Car 0.00 0 -2.66 144.32 176.86 373.24 264.04 1.56 1.58 3.63 -6.67 1.64 13.83 -3.11 0.75
Car 0.00 0 -7.38 0.00 180.84 340.82 374.00 1.60 1.57 3.45 -3.92 1.69 6.72 -7.90 0.68
Car 0.00 0 -2.65 206.54 169.14 404.37 250.84 1.74 1.68 3.79 -6.87 1.66 16.36 -3.05 0.68
Cyclist 0.00 0 -8.00 852.76 172.87 900.67 276.91 1.72 0.53 1.85 4.68 1.72 12.89 -7.65 0.61
Car 0.00 0 -5.94 289.74 182.62 470.73 241.26 1.44 1.58 4.23 -5.97 1.71 18.87 -6.25 0.60
Car 0.00 0 -2.86 371.31 174.56 475.05 215.96 1.58 1.55 3.67 -7.36 1.65 28.46 -3.11 0.49
Car 0.00 0 -2.62 308.71 178.13 451.27 232.28 1.51 1.58 3.77 -6.87 1.68 21.53 -2.93 0.46
Car 0.00 0 -7.44 248.27 168.57 296.75 194.54 1.75 1.70 3.75 -23.59 1.46 50.51 -7.87 0.41
Car 0.00 0 -2.99 385.76 175.16 490.79 213.70 1.56 1.56 4.11 -7.19 1.66 30.34 -3.22 0.41
Car 0.00 0 -3.03 454.09 174.85 525.04 200.44 1.56 1.71 4.21 -7.51 1.69 45.09 -3.20 0.35
Car 0.00 0 -5.80 351.27 180.74 489.14 227.45 1.46 1.56 4.21 -6.36 1.73 24.12 -6.06 0.31
Car 0.00 0 -2.97 408.52 169.01 513.71 210.96 1.85 1.77 4.45 -6.75 1.68 32.84 -3.17 0.26
Car 0.00 0 -7.96 608.54 172.46 632.92 193.11 1.63 1.58 3.94 0.82 1.60 59.05 -7.95 0.22
Car 0.00 0 -4.91 520.35 177.09 545.38 194.17 1.44 1.47 3.79 -6.88 1.83 63.88 -5.02 0.22
Pedestrian 0.00 0 -7.57 140.57 167.99 163.20 209.67 1.91 0.69 0.79 -21.30 1.69 33.50 -8.13 0.12
Car 0.00 0 -5.29 136.91 177.25 221.81 209.36 1.46 1.63 3.95 -20.82 1.68 34.81 -5.83 0.11
Car 0.00 0 -7.73 506.34 174.68 535.26 198.47 1.68 1.62 4.06 -6.57 1.82 53.22 -7.85 0.11
