Car 0.00 0 -7.73 534.04 181.98 601.91 231.01 1.35 1.61 4.49 -1.28 1.67 23.00 -7.78 0.94
Car 0.00 0 -8.27 814.27 175.56 1151.45 355.59 1.46 1.60 4.16 3.59 1.50 8.00 -7.85 0.93
Car 0.00 0 -7.77 572.80 178.68 614.98 215.27 1.48 1.56 3.73 -0.69 1.75 31.63 -7.80 0.65
Car 0.00 0 -8.07 689.84 173.41 738.54 207.72 1.61 1.62 3.79 5.09 1.64 35.93 -7.93 0.59
Pedestrian 0.00 0 -4.57 805.48 146.08 844.84 241.47 1.86 0.64 0.94 4.32 1.34 14.62 -4.28 0.39
Car 0.00 0 -7.99 711.62 177.74 774.22 226.57 1.46 1.53 3.61 4.25 1.63 23.77 -7.81 0.26
Car 0.00 0 -7.97 682.32 172.93 709.87 196.05 1.65 1.60 3.84 6.32 1.66 53.49 -7.85 0.24
Pedestrian 0.00 0 -7.85 939.20 158.13 971.41 237.76 1.73 0.64 0.60 7.64 1.41 16.07 -7.41 0.23
Pedestrian 0.00 0 -3.37 842.76 165.48 879.89 232.59 1.77 0.57 0.83 6.67 1.57 19.31 -3.04 0.16
Pedestrian 0.00 0 -7.96 918.53 165.33 935.31 210.14 1.83 0.59 0.39 13.00 1.52 29.70 -7.55 0.16
Pedestrian 0.00 0 -4.75 515.89 168.76 533.29 216.45 1.86 0.65 0.96 -3.45 1.70 28.73 -4.87 0.12
Pedestrian 0.00 0 -8.28 554.91 167.75 573.00 204.70 1.86 0.61 0.89 -2.40 1.61 36.92 -8.34 0.11
