Pedestrian 0.00 0 -4.90 371.55 151.65 443.15 309.89 1.83 0.68 0.94 -2.51 1.50 8.74 -5.18 0.77
Car 0.00 0 -4.56 0.00 169.80 11.49 201.36 1.56 1.64 3.75 -32.37 1.03 36.92 -5.28 0.23
Car 0.00 0 -7.79 0.00 176.46 11.52 224.94 1.41 1.62 3.90 -20.16 1.30 22.62 -8.52 0.23
Pedestrian 0.00 0 -5.21 979.52 217.87 1085.72 369.00 1.25 0.39 0.72 3.15 1.56 5.34 -4.67 0.20
Pedestrian 0.00 0 -4.40 665.96 146.28 682.20 178.51 1.79 0.71 0.77 3.88 -0.11 39.79 -4.30 0.18
Pedestrian 0.00 0 -2.63 627.99 166.46 683.24 261.24 1.67 0.57 0.83 0.88 1.42 12.89 -2.56 0.16
Cyclist 0.00 0 -8.14 947.41 168.34 1023.36 278.52 1.60 0.56 1.80 5.93 1.42 11.19 -7.65 0.16
Pedestrian 0.00 0 -4.54 861.75 161.57 908.71 267.40 1.71 0.61 0.77 4.68 1.40 11.90 -4.17 0.14
Pedestrian 0.00 0 -8.30 837.35 168.63 871.69 233.70 1.60 0.60 0.64 6.23 1.31 17.78 -7.96 0.14
Car 0.00 0 -8.68 1102.16 189.48 1223.00 369.00 1.44 1.59 3.53 5.23 1.52 4.64 -7.84 0.14
Pedestrian 0.00 0 -3.98 1166.42 159.80 1223.00 261.86 1.68 0.63 0.82 10.13 1.34 11.98 -3.27 0.13
Pedestrian 0.00 0 -4.59 0.00 176.36 41.05 260.10 1.62 0.56 0.75 -11.76 1.55 14.17 -5.28 0.13
Pedestrian 0.00 0 -5.17 251.63 163.49 308.37 255.87 1.72 0.65 0.95 -6.36 1.41 13.73 -5.60 0.12
Pedestrian 0.00 0 -5.91 1013.68 155.01 1083.68 264.95 1.73 0.59 0.82 7.26 1.33 11.64 -5.36 0.11
Pedestrian 0.00 0 -4.68 36.85 165.15 77.32 255.01 1.77 0.63 0.91 -11.23 1.47 14.45 -5.35 0.11
Car 0.00 0 -4.41 0.77 175.94 105.14 224.84 1.48 1.59 4.02 -18.21 1.34 23.49 -5.07 0.11
Pedestrian 0.00 0 -5.06 62.26 173.95 96.19 230.35 1.60 0.57 0.75 -15.26 1.41 20.47 -5.70 0.11
Pedestrian 0.00 0 -4.89 774.96 156.89 821.12 261.41 1.77 0.63 0.87 3.34 1.37 12.45 -4.63 0.10
