Car 0.00 0 -8.38 871.03 166.90 1241.00 374.00 1.57 1.62 3.79 2.97 1.55 4.50 -7.79 0.95
Car 0.00 0 -7.75 550.06 180.14 576.74 202.46 1.58 1.63 3.72 -3.49 2.14 54.08 -7.82 0.73
Car 0.00 0 -7.93 639.20 179.10 679.72 212.90 1.54 1.67 4.07 2.35 1.87 35.64 -7.87 0.52
Car 0.00 0 -4.81 623.24 181.73 645.52 198.98 1.42 1.56 4.02 2.10 2.23 63.63 -4.78 0.34
Pedestrian 0.00 0 -3.11 772.33 164.66 800.64 223.67 2.02 0.54 0.94 6.10 1.74 25.12 -2.87 0.15
Pedestrian 0.00 0 -2.08 367.12 198.96 385.73 235.36 1.37 0.46 0.58 -9.11 2.40 28.02 -2.40 0.13
Pedestrian 0.00 0 -3.64 919.46 149.15 976.39 254.59 1.84 0.65 0.70 6.01 1.43 12.96 -3.21 0.12
Car 0.00 0 -6.74 706.87 175.50 779.61 205.09 1.64 1.67 3.76 7.61 1.79 41.47 -6.56 0.12
Car 0.00 0 -6.54 635.83 179.04 702.81 203.75 1.51 1.66 3.94 3.71 1.91 45.74 -6.46 0.11
Car 0.00 0 -7.99 645.19 168.51 705.15 218.87 1.94 1.87 4.83 2.60 1.78 30.28 -7.90 0.11
