Car 0.00 0 -8.05 683.09 176.48 796.83 263.45 1.58 1.64 3.41 2.51 1.66 14.97 -7.89 0.96
Car 0.00 0 -4.45 351.21 183.65 457.54 255.84 1.58 1.62 4.01 -5.15 1.89 18.43 -4.72 0.94
Car 0.00 0 -7.12 0.00 196.75 206.81 374.00 1.59 1.64 3.99 -4.50 1.81 4.60 -7.89 0.93
Car 0.00 0 -4.54 467.47 182.07 519.16 218.25 1.55 1.68 4.39 -5.51 2.02 34.29 -4.69 0.81
Car 0.00 0 -7.85 631.84 176.66 654.68 198.46 1.59 1.68 3.77 2.53 1.89 55.16 -7.80 0.63
Cyclist 0.00 0 -4.55 537.82 175.87 556.13 215.40 1.83 0.57 1.96 -3.04 1.98 34.50 -4.64 0.56
Car 0.00 0 -4.87 515.92 180.40 546.38 203.14 1.56 1.61 4.06 -5.87 2.14 53.12 -4.98 0.31
Pedestrian 0.00 0 -6.93 547.32 175.46 562.77 203.20 1.85 0.58 0.87 -3.75 2.03 48.81 -7.01 0.26
Pedestrian 0.00 0 -8.02 370.91 185.25 387.52 227.84 1.58 0.53 0.47 -8.80 2.06 27.36 -8.33 0.23
Pedestrian 0.00 0 -5.77 680.53 170.64 700.21 207.03 1.91 0.68 0.81 4.23 1.79 38.32 -5.66 0.20
Pedestrian 0.00 0 -3.85 448.90 175.04 465.77 210.03 1.89 0.61 0.67 -8.40 2.01 39.54 -4.06 0.19
Cyclist 0.00 0 -3.85 1011.02 171.26 1158.27 288.80 1.55 0.68 1.66 6.49 1.53 9.98 -3.27 0.19
Pedestrian 0.00 0 -7.74 704.68 167.62 718.67 203.70 1.95 0.67 0.85 5.54 1.67 39.54 -7.60 0.15
Car 0.00 0 -4.55 504.43 180.29 538.81 205.26 1.55 1.63 4.14 -5.88 2.07 48.19 -4.67 0.14
Car 0.00 0 -8.02 683.66 177.96 722.71 205.50 1.51 1.63 3.96 5.38 1.82 42.32 -7.89 0.13
Pedestrian 0.00 0 -3.55 879.31 160.17 939.70 261.25 1.76 0.64 0.81 5.28 1.54 12.87 -3.16 0.12
Car 0.00 0 -7.94 676.65 173.24 704.07 196.93 1.69 1.69 4.20 5.91 1.72 53.68 -7.83 0.12
