Car 0.00 0 -8.17 726.93 191.64 916.10 322.66 1.50 1.60 3.41 2.81 1.82 10.51 -7.91 0.97
Car 0.00 0 -8.58 905.07 205.76 1241.00 374.00 1.55 1.63 3.55 3.09 1.80 3.79 -7.89 0.95
Car 0.00 0 -4.49 364.16 202.06 482.61 285.79 1.46 1.69 4.00 -4.03 2.19 16.03 -4.74 0.94
Car 0.00 0 -8.10 670.89 194.94 792.87 282.05 1.47 1.59 3.72 2.34 1.99 15.04 -7.95 0.91
Car 0.00 0 -8.03 648.57 194.62 734.84 257.03 1.48 1.71 4.44 2.21 2.19 21.02 -7.93 0.79
Car 0.00 0 -4.54 428.11 200.27 503.27 257.94 1.43 1.55 3.97 -4.30 2.33 21.76 -4.73 0.79
Car 0.00 0 -3.24 773.48 173.00 845.37 200.38 1.49 1.54 3.72 11.04 1.50 40.25 -2.98 0.64
Car 0.00 0 -8.02 636.08 191.59 683.04 226.95 1.42 1.54 3.55 2.15 2.32 32.73 -7.96 0.61
Car 0.00 0 -7.81 617.68 190.45 640.77 212.62 1.51 1.58 3.92 1.45 2.89 54.41 -7.79 0.58
Car 0.00 0 -4.91 645.43 192.70 713.35 241.09 1.45 1.60 4.16 2.32 2.22 25.60 -4.82 0.44
Car 0.00 0 -4.69 459.43 197.20 504.44 241.72 1.43 1.57 3.97 -4.87 2.43 27.48 -4.87 0.28
Car 0.00 0 -4.48 475.43 197.09 532.12 235.56 1.47 1.65 3.79 -4.68 2.61 31.98 -4.62 0.22
Car 0.00 0 -2.67 7.70 200.18 309.10 304.61 1.64 1.66 4.27 -7.89 2.17 12.86 -3.22 0.16
Pedestrian 0.00 0 -2.52 265.83 189.88 317.15 277.48 1.90 0.54 0.91 -7.17 2.29 16.15 -2.93 0.15
Car 0.00 0 -6.41 778.78 182.31 864.63 212.43 1.50 1.57 4.14 10.97 2.01 37.74 -6.13 0.12
Pedestrian 0.00 0 -5.39 428.00 177.59 447.08 222.39 2.02 0.63 0.57 -7.94 2.24 33.07 -5.62 0.12
Pedestrian 0.00 0 -4.09 1105.67 158.71 1170.45 263.72 1.83 0.69 0.66 9.44 1.58 12.98 -3.46 0.12
Pedestrian 0.00 0 -8.09 1060.43 148.52 1097.11 220.06 1.80 0.65 0.68 12.03 1.19 18.60 -7.52 0.11
