Car 0.00 0 -6.71 734.84 182.82 976.71 273.45 1.51 1.67 3.87 4.37 1.71 13.29 -6.39 0.97
Car 0.00 0 -6.54 665.21 180.73 789.23 226.68 1.45 1.59 3.81 3.81 1.72 24.08 -6.38 0.93
Car 0.00 0 -2.34 0.00 202.98 79.63 374.00 1.49 1.65 4.05 -7.16 1.78 6.04 -3.21 0.93
Car 0.00 0 -2.33 0.00 189.83 181.90 340.00 1.54 1.69 3.94 -7.61 1.77 8.64 -3.06 0.87
Car 0.00 0 -2.75 170.76 186.19 368.01 253.30 1.46 1.54 3.89 -7.92 1.79 16.91 -3.19 0.72
Car 0.00 0 -5.89 69.31 183.35 326.28 268.62 1.54 1.60 4.12 -8.03 1.76 14.29 -6.40 0.71
Car 0.00 0 -6.46 651.12 180.92 761.48 222.71 1.46 1.59 3.78 3.43 1.77 26.44 -6.33 0.59
Pedestrian 0.00 0 -6.67 870.98 174.04 890.59 211.39 1.83 0.66 0.71 13.33 1.89 35.64 -6.32 0.39
Cyclist 0.00 0 -3.48 860.84 170.39 906.57 213.64 1.80 0.62 1.68 11.44 1.69 30.30 -3.12 0.34
Car 0.00 0 -4.62 319.37 185.25 393.98 246.03 1.48 1.63 4.00 -7.17 1.87 20.60 -4.95 0.24
Pedestrian 0.00 0 -4.05 970.58 171.26 988.17 210.56 1.91 0.64 0.43 18.08 1.83 35.40 -3.58 0.22
Car 0.00 0 -4.18 1073.68 180.27 1198.24 229.89 1.49 1.60 3.79 17.18 1.75 23.62 -3.55 0.20
Pedestrian 0.00 0 -8.01 905.54 165.09 927.35 221.91 1.92 0.59 0.66 10.47 1.66 24.77 -7.61 0.18
Pedestrian 0.00 0 -6.87 928.54 180.78 944.45 208.54 1.61 0.60 0.62 19.15 2.08 42.41 -6.45 0.15
Car 0.00 0 -6.54 890.61 180.80 976.80 210.06 1.53 1.67 4.01 17.61 1.98 39.48 -6.12 0.15
Pedestrian 0.00 0 -2.90 909.88 175.02 933.47 224.34 1.77 0.61 0.67 11.37 1.85 26.42 -2.49 0.13
Car 0.00 0 -3.40 1204.84 181.37 1241.00 218.15 1.48 1.60 3.57 28.21 1.87 31.25 -2.66 0.13
Pedestrian 0.00 0 -4.73 735.69 164.90 750.72 209.93 2.07 0.68 0.53 6.15 1.71 33.52 -4.55 0.13
Cyclist 0.00 0 -4.01 319.10 175.81 346.54 208.52 1.71 0.54 1.49 -14.89 1.87 38.70 -4.37 0.12
Car 0.00 0 -2.82 326.00 185.30 458.06 231.33 1.51 1.61 4.09 -7.54 1.96 25.04 -3.12 0.12
Pedestrian 0.00 0 -6.91 1045.35 170.93 1064.06 205.01 1.83 0.52 0.68 23.96 1.72 38.93 -6.36 0.12
Cyclist 0.00 0 -7.56 756.85 179.43 775.23 211.67 1.64 0.45 1.79 8.16 1.99 37.88 -7.35 0.11
Cyclist 0.00 0 -8.02 1039.92 180.30 1059.02 221.20 1.60 0.40 1.58 17.80 1.91 29.31 -7.47 0.11
Pedestrian 0.00 0 -6.99 767.56 168.80 782.56 197.02 1.89 0.68 0.72 11.15 1.62 48.87 -6.76 0.11
Car 0.00 0 -4.67 908.33 176.75 952.05 214.94 1.57 1.60 4.18 14.32 1.75 32.26 -4.25 0.11
Cyclist 0.00 0 -8.11 1055.83 177.59 1080.21 220.98 1.70 0.43 1.65 18.50 1.89 29.24 -7.54 0.10
Pedestrian 0.00 0 -4.43 1217.14 163.00 1241.00 274.09 1.80 0.59 0.90 10.75 1.64 12.18 -3.71 0.10
