Car 0.00 0 -4.49 366.55 193.89 505.84 290.60 1.39 1.59 4.03 -3.05 1.83 13.25 -4.71 0.97
Car 0.00 0 -8.16 700.68 192.40 915.09 334.74 1.43 1.60 3.95 2.36 1.75 9.82 -7.92 0.95
Car 0.00 0 -8.34 818.89 186.44 1241.00 374.00 1.59 1.68 4.35 2.70 1.72 4.68 -7.82 0.92
Car 0.00 0 -7.90 635.93 179.49 669.43 209.62 1.56 1.66 4.12 2.30 1.95 40.29 -7.84 0.91
Car 0.00 0 -4.55 520.92 183.04 568.10 217.01 1.47 1.63 3.97 -3.10 1.98 34.46 -4.64 0.60
Car 0.00 0 -7.92 549.42 180.28 574.90 203.15 1.58 1.61 3.74 -3.57 2.14 52.95 -7.99 0.48
Pedestrian 0.00 0 -6.44 270.41 186.28 299.64 257.92 1.73 0.67 0.57 -8.18 2.08 18.04 -6.86 0.17
Pedestrian 0.00 0 -4.41 173.03 192.06 215.74 283.05 1.70 0.52 0.80 -8.18 2.09 14.14 -4.94 0.15
Pedestrian 0.00 0 -4.19 110.91 213.39 156.40 297.44 1.22 0.40 0.46 -7.30 1.86 10.99 -4.78 0.14
Car 0.00 0 -7.97 619.51 176.97 649.18 202.10 1.83 1.77 4.53 1.81 2.16 55.69 -7.94 0.14
Car 0.00 0 -4.78 626.42 177.60 653.51 203.38 1.71 1.62 4.18 2.04 2.06 50.84 -4.74 0.11
Car 0.00 0 -4.60 501.23 183.66 530.00 206.09 1.46 1.57 3.85 -6.62 2.24 50.64 -4.73 0.11
Pedestrian 0.00 0 -4.07 256.79 256.49 318.35 374.00 1.04 0.32 0.46 -3.08 1.86 6.77 -4.49 0.11
Cyclist 0.00 0 -6.04 329.94 179.92 403.17 245.75 1.71 0.64 1.75 -6.53 1.91 19.26 -6.36 0.10
