Car 0.00 0 -7.53 254.76 187.94 471.91 319.28 1.49 1.65 4.17 -3.26 1.54 10.36 -7.84 0.96
Car 0.00 0 -7.42 178.50 182.91 333.87 259.74 1.53 1.61 4.03 -7.82 1.48 16.33 -7.87 0.95
Car 0.00 0 -7.17 0.00 216.39 322.94 375.00 1.43 1.61 4.27 -3.12 1.69 3.66 -7.87 0.92
Car 0.00 0 -7.83 557.68 176.52 620.16 234.09 1.57 1.70 3.22 -0.56 1.33 21.16 -7.86 0.92
Car 0.00 0 -7.67 415.82 175.78 517.07 249.81 1.63 1.70 4.31 -3.42 1.42 17.96 -7.86 0.87
Car 0.00 0 -7.80 501.82 180.98 545.77 217.73 1.39 1.57 4.16 -3.40 1.23 29.38 -7.92 0.83
Car 0.00 0 -7.49 314.06 180.71 381.40 211.49 1.41 1.67 4.34 -12.64 1.21 35.14 -7.84 0.82
Car 0.00 0 -7.70 367.94 178.79 426.12 220.72 1.52 1.61 3.76 -8.17 1.29 28.01 -7.98 0.68
Car 0.00 0 -4.25 17.74 178.43 102.77 209.92 1.42 1.60 4.10 -26.22 1.11 34.54 -4.90 0.57
Pedestrian 0.00 0 -4.91 14.84 176.37 50.87 240.64 1.72 0.63 0.76 -15.81 1.48 19.71 -5.59 0.36
Car 0.00 0 -4.64 534.47 175.77 558.46 196.86 1.54 1.54 3.91 -4.64 0.85 54.57 -4.73 0.30
Car 0.00 0 -4.49 413.51 175.32 445.44 196.62 1.51 1.54 3.51 -13.03 0.81 52.63 -4.74 0.26
Cyclist 0.00 0 -4.51 212.83 175.37 243.48 232.56 1.79 0.59 1.54 -12.35 1.48 23.34 -5.00 0.15
Car 0.00 0 -4.54 509.52 180.31 549.67 207.01 1.40 1.55 3.90 -4.30 1.15 39.78 -4.65 0.12
Pedestrian 0.00 0 -2.92 867.32 223.45 984.00 375.00 1.43 0.55 0.47 1.67 1.66 3.89 -2.52 0.11
