Pedestrian 0.00 0 -3.63 1031.78 137.11 1148.63 299.04 1.89 0.62 1.00 5.84 1.39 8.62 -3.03 0.82
Car 0.00 0 -8.68 1123.49 187.39 1223.00 369.00 1.46 1.56 3.32 5.25 1.52 4.55 -7.82 0.25
Pedestrian 0.00 0 -5.02 838.31 170.09 871.76 234.15 1.58 0.59 0.75 6.25 1.32 17.81 -4.68 0.22
Car 0.00 0 -4.04 0.00 185.22 69.58 237.15 1.46 1.65 4.08 -19.29 1.63 22.38 -4.75 0.22
Pedestrian 0.00 0 -4.98 684.59 159.49 728.55 250.29 1.80 0.66 0.93 2.03 1.38 14.50 -4.85 0.19
Pedestrian 0.00 0 -5.20 981.65 226.66 1081.84 369.00 1.18 0.37 0.67 3.16 1.56 5.36 -4.67 0.17
Pedestrian 0.00 0 -4.34 0.00 176.33 51.23 260.90 1.64 0.65 0.78 -11.71 1.56 14.19 -5.03 0.16
Car 0.00 0 -6.23 653.29 142.37 719.83 170.18 1.51 1.63 3.68 4.66 -0.60 40.26 -6.11 0.15
Pedestrian 0.00 0 -7.84 528.36 160.10 559.61 259.39 1.78 0.56 0.86 -1.17 1.41 13.09 -7.93 0.13
Pedestrian 0.00 0 -4.89 1086.64 147.09 1141.21 261.56 1.79 0.59 0.76 8.22 1.27 11.50 -4.27 0.13
Pedestrian 0.00 0 -7.94 262.56 162.44 303.67 257.60 1.77 0.65 0.91 -6.30 1.44 13.73 -8.37 0.12
Pedestrian 0.00 0 -4.61 62.62 180.26 90.12 234.98 1.55 0.57 0.73 -15.32 1.54 20.46 -5.25 0.11
Pedestrian 0.00 0 -4.77 1180.30 165.81 1223.00 263.39 1.59 0.58 0.74 10.12 1.35 12.00 -4.07 0.11
Pedestrian 0.00 0 -5.65 1014.52 157.04 1085.04 266.85 1.73 0.56 0.81 7.27 1.37 11.64 -5.10 0.11
Pedestrian 0.00 0 -5.09 213.82 156.92 267.03 254.32 1.87 0.66 0.89 -7.32 1.42 14.12 -5.57 0.10
