Car 0.00 0 -4.37 302.98 185.33 401.12 237.40 1.42 1.61 4.10 -8.04 1.85 22.75 -4.71 0.95
Car 0.00 0 -4.55 456.30 178.68 493.96 204.43 1.51 1.66 4.16 -8.44 1.89 45.26 -4.73 0.89
Pedestrian 0.00 0 -3.15 280.29 176.88 307.87 232.60 1.76 0.60 0.80 -10.22 1.89 23.24 -3.56 0.35
Cyclist 0.00 0 -7.97 866.54 164.44 923.58 299.75 1.79 0.55 1.79 4.05 1.68 10.49 -7.60 0.34
Cyclist 0.00 0 -2.86 0.37 186.40 72.49 238.65 1.70 0.77 1.77 -19.49 2.17 24.50 -3.53 0.32
Pedestrian 0.00 0 -9.09 1124.14 167.21 1199.39 309.04 1.77 0.63 0.61 7.16 1.70 9.43 -8.44 0.22
Car 0.00 0 -4.27 204.04 183.92 294.33 224.07 1.48 1.67 4.28 -14.91 1.98 30.00 -4.73 0.21
Cyclist 0.00 0 -7.65 720.22 179.54 741.05 227.80 1.67 0.43 1.58 4.31 1.92 25.99 -7.49 0.17
Car 0.00 0 -6.00 633.18 177.83 712.80 207.06 1.60 1.69 4.26 3.59 1.89 41.50 -5.91 0.16
Cyclist 0.00 0 -8.21 1013.63 161.38 1128.50 329.20 1.77 0.53 1.84 5.34 1.65 8.56 -7.65 0.15
Cyclist 0.00 0 -8.06 905.45 165.68 973.86 300.65 1.77 0.54 1.77 4.64 1.67 10.36 -7.64 0.15
Car 0.00 0 -8.15 677.57 182.35 739.65 216.67 1.49 1.71 4.59 4.68 1.99 35.16 -8.02 0.15
Pedestrian 0.00 0 -3.72 900.47 158.37 974.26 279.85 1.94 0.64 0.90 5.33 1.71 11.89 -3.30 0.14
Pedestrian 0.00 0 -4.55 113.97 188.59 137.34 235.01 1.63 0.60 0.69 -17.51 2.20 26.03 -5.14 0.14
Pedestrian 0.00 0 -6.60 426.87 173.86 443.78 206.07 1.88 0.52 0.85 -10.33 1.94 42.51 -6.84 0.13
Cyclist 0.00 0 -8.14 765.28 179.42 795.54 231.99 1.67 0.50 1.75 5.62 1.90 24.04 -7.91 0.12
Car 0.00 0 -4.28 260.35 183.90 335.92 217.51 1.45 1.71 4.25 -14.92 2.01 34.69 -4.69 0.12
Pedestrian 0.00 0 -7.00 1123.87 153.37 1231.66 336.15 1.89 0.57 0.71 6.04 1.69 7.77 -6.34 0.11
Car 0.00 0 -3.37 651.28 183.89 753.98 218.70 1.46 1.66 4.25 4.03 1.97 32.01 -3.25 0.10
