Car 0.00 0 -7.29 52.27 187.72 199.74 245.38 1.40 1.54 3.73 -12.88 1.47 19.44 -7.87 0.97
Car 0.00 0 -7.57 313.46 188.54 440.69 265.86 1.39 1.54 3.65 -4.68 1.47 14.95 -7.87 0.96
Car 0.00 0 -7.41 225.80 184.06 352.12 245.40 1.47 1.63 3.73 -8.36 1.44 19.11 -7.83 0.95
Car 0.00 0 -7.71 430.10 180.12 500.19 230.90 1.49 1.64 4.21 -4.55 1.34 23.27 -7.90 0.95
Car 0.00 0 -7.89 572.71 175.05 654.16 254.33 1.60 1.65 3.58 0.01 1.39 16.30 -7.89 0.94
Car 0.00 0 -7.09 0.00 188.12 41.65 296.01 1.48 1.63 4.68 -12.40 1.54 12.37 -7.88 0.91
Car 0.00 0 -6.73 0.00 203.36 6.96 375.00 1.63 1.59 3.47 -4.13 1.73 2.14 -7.82 0.79
Car 0.00 0 -4.71 636.29 179.20 657.82 199.16 1.52 1.64 3.96 3.09 1.06 56.66 -4.65 0.67
Car 0.00 0 -2.81 324.66 179.93 436.42 216.19 1.53 1.67 4.33 -9.86 1.31 31.27 -3.12 0.57
Car 0.00 0 -7.66 429.80 177.52 472.73 206.14 1.51 1.63 3.65 -8.62 1.10 39.69 -7.87 0.40
Car 0.00 0 -7.55 350.71 168.57 409.35 203.54 1.79 1.75 4.52 -12.28 0.94 38.96 -7.85 0.32
Car 0.00 0 -4.16 313.86 168.90 367.17 195.01 1.80 1.75 4.03 -19.16 0.68 51.67 -4.52 0.30
Pedestrian 0.00 0 -8.30 767.88 171.30 794.78 222.17 1.75 0.63 0.80 6.03 1.27 25.17 -8.07 0.28
Car 0.00 0 -7.89 546.31 171.76 566.98 197.09 2.30 1.77 4.47 -4.84 1.08 67.59 -7.96 0.18
Pedestrian 0.00 0 -5.99 520.88 175.73 539.76 214.15 1.65 0.50 0.70 -3.39 1.24 31.20 -6.10 0.17
Car 0.00 0 -4.53 504.78 177.35 549.45 207.56 1.51 1.62 4.22 -4.24 1.12 38.11 -4.64 0.14
Pedestrian 0.00 0 -4.23 1234.07 137.15 1240.00 345.87 1.95 0.60 0.85 6.78 1.50 7.12 -3.47 0.14
Pedestrian 0.00 0 -5.59 701.70 186.57 735.67 248.37 1.41 0.47 0.63 2.54 1.44 16.77 -5.44 0.13
Car 0.00 0 -2.76 0.00 184.37 14.32 228.45 1.51 1.70 4.44 -24.73 1.48 26.17 -3.51 0.13
Car 0.00 0 -7.26 98.39 171.71 157.40 197.60 2.03 1.78 4.51 -39.12 0.97 58.71 -7.84 0.12
Cyclist 0.00 0 -7.88 668.62 180.17 675.87 207.76 1.59 0.38 1.57 3.77 1.30 42.33 -7.80 0.12
Pedestrian 0.00 0 -3.47 1036.50 151.21 1117.87 297.03 1.89 0.55 0.78 6.25 1.45 9.68 -2.90 0.11
Pedestrian 0.00 0 -5.36 783.59 172.40 836.14 262.35 1.72 0.62 0.84 3.95 1.48 14.26 -5.09 0.11
Car 0.00 0 -4.63 541.04 175.30 579.86 207.94 1.62 1.69 4.37 -2.47 1.13 37.97 -4.69 0.10
