Car 0.00 0 -6.96 792.68 183.58 1048.21 289.71 1.44 1.44 3.40 4.76 1.47 10.91 -6.55 0.95
Pedestrian 0.00 0 -4.32 1223.91 160.57 1237.00 373.00 1.71 0.58 0.62 5.23 1.56 5.49 -3.56 0.69
Cyclist 0.00 0 -6.04 657.47 154.74 708.96 206.30 1.85 0.66 1.78 2.99 0.89 26.41 -5.93 0.52
Pedestrian 0.00 0 -2.91 0.00 155.09 135.84 373.00 1.98 0.73 1.14 -3.46 1.85 4.13 -3.61 0.50
Pedestrian 0.00 0 -3.18 236.45 169.74 254.43 225.23 1.74 0.59 0.49 -11.38 1.37 22.91 -3.64 0.49
Car 0.00 0 -7.93 1214.01 158.67 1237.00 250.51 1.64 1.62 3.78 13.73 1.23 14.79 -7.18 0.40
Pedestrian 0.00 0 -8.76 753.94 160.82 774.00 202.56 1.89 0.61 0.66 7.44 0.95 32.92 -8.54 0.25
Pedestrian 0.00 0 -7.84 258.90 175.15 267.10 202.44 1.70 0.46 0.25 -21.23 1.31 45.08 -8.28 0.21
Car 0.00 0 -8.70 761.33 166.69 917.66 242.64 1.67 1.54 3.51 5.71 1.35 17.69 -8.38 0.18
Pedestrian 0.00 0 -3.35 853.24 160.63 866.08 191.01 1.79 0.65 0.60 15.36 0.56 42.74 -3.00 0.17
Pedestrian 0.00 0 -4.45 242.72 159.50 271.78 222.82 1.92 0.64 0.75 -10.68 1.26 22.25 -4.90 0.17
Car 0.00 0 -4.94 936.98 159.26 1013.50 209.15 1.60 1.55 3.63 12.88 0.89 24.98 -4.47 0.14
Pedestrian 0.00 0 -8.48 662.50 171.06 684.19 213.16 1.48 0.63 0.43 2.53 1.11 25.55 -8.38 0.13
Cyclist 0.00 0 -8.13 830.09 162.43 852.93 199.16 1.73 0.56 1.84 11.59 0.83 34.75 -7.81 0.13
Pedestrian 0.00 0 -4.71 190.36 163.19 215.08 227.30 1.89 0.64 0.52 -12.02 1.35 21.60 -5.22 0.12
Car 0.00 0 -4.10 1028.58 168.61 1168.85 225.06 1.50 1.56 3.48 14.07 1.16 20.38 -3.50 0.12
Pedestrian 0.00 0 -4.88 1008.01 166.07 1045.51 241.92 1.68 0.66 0.44 9.56 1.34 16.22 -4.35 0.11
Pedestrian 0.00 0 -6.03 641.87 163.33 657.44 207.27 1.82 0.72 0.49 2.01 1.07 30.20 -5.96 0.11
Pedestrian 0.00 0 -3.07 218.86 164.14 241.77 226.49 1.87 0.58 0.58 -11.33 1.35 21.88 -3.55 0.11
Pedestrian 0.00 0 -7.66 578.04 164.46 594.93 207.76 1.81 0.62 0.53 -0.64 1.10 30.26 -7.68 0.10
