Car 0.00 0 -7.83 568.16 173.53 625.22 228.16 1.56 1.64 3.56 -0.34 1.23 22.38 -7.84 0.91
Car 0.00 0 -7.22 0.00 191.41 179.32 325.76 1.42 1.58 3.77 -7.69 1.52 9.70 -7.89 0.88
Car 0.00 0 -7.52 278.65 174.68 351.08 212.67 1.51 1.62 3.97 -12.36 1.09 30.50 -7.90 0.85
Car 0.00 0 -7.12 0.00 189.35 250.62 375.00 1.62 1.67 4.20 -3.72 1.65 3.74 -7.90 0.80
Car 0.00 0 -7.44 287.93 181.47 384.55 231.88 1.39 1.52 3.23 -8.03 1.28 21.42 -7.80 0.78
Car 0.00 0 -3.25 678.96 173.89 786.70 213.24 1.54 1.63 4.12 4.94 1.09 28.99 -3.08 0.33
Car 0.00 0 -6.20 438.84 176.38 533.52 211.18 1.45 1.59 3.90 -5.21 1.09 30.95 -6.36 0.31
Car 0.00 0 -3.13 512.24 172.22 587.36 200.48 1.63 1.68 4.34 -3.44 0.88 42.53 -3.21 0.30
Pedestrian 0.00 0 -4.21 1155.63 165.62 1240.00 375.00 1.67 0.61 0.86 4.56 1.54 5.25 -3.50 0.16
Car 0.00 0 -8.00 509.59 174.12 551.77 203.84 1.42 1.57 3.87 -3.97 0.89 36.29 -8.11 0.16
Car 0.00 0 -6.30 500.05 162.55 547.17 181.59 1.72 1.69 4.29 -7.81 -0.34 66.63 -6.42 0.15
Cyclist 0.00 0 -4.35 329.11 158.29 346.42 184.42 1.61 0.49 1.58 -16.93 -0.05 45.02 -4.71 0.15
Pedestrian 0.00 0 -4.65 750.96 182.37 815.10 304.91 1.53 0.78 0.43 2.21 1.49 9.27 -4.42 0.14
Car 0.00 0 -5.36 620.43 171.16 673.26 196.30 1.67 1.67 3.87 2.65 0.74 49.94 -5.30 0.14
Car 0.00 0 -7.81 548.11 175.42 582.10 205.50 1.45 1.58 4.06 -2.16 0.98 36.77 -7.87 0.12
Car 0.00 0 -7.94 626.98 174.05 663.46 202.25 1.44 1.63 3.98 1.94 0.87 38.78 -7.89 0.10
