Car 0.00 0 -7.98 528.18 187.63 587.39 232.31 1.43 1.67 3.77 -2.03 2.01 26.45 -8.06 0.98
Car 0.00 0 -4.25 0.00 216.38 140.89 374.00 1.45 1.71 4.25 -5.61 1.94 5.93 -5.00 0.97
Car 0.00 0 -8.22 633.88 192.15 821.50 309.02 1.43 1.63 3.83 1.62 1.80 11.56 -8.08 0.96
Car 0.00 0 -4.42 23.92 207.67 235.60 340.51 1.41 1.56 3.68 -6.87 2.02 10.67 -4.99 0.94
Car 0.00 0 -7.94 517.32 186.22 561.46 223.33 1.47 1.63 3.81 -3.24 2.10 32.11 -8.04 0.91
Car 0.00 0 -2.90 718.01 173.05 830.62 220.67 1.69 1.67 3.86 6.16 1.70 27.26 -2.68 0.87
Car 0.00 0 -4.62 347.35 190.36 385.81 221.95 1.56 1.66 3.87 -13.49 2.59 40.05 -4.94 0.79
Car 0.00 0 -2.86 657.30 179.26 754.20 215.25 1.56 1.62 4.16 4.39 1.87 33.40 -2.73 0.69
Car 0.00 0 -8.76 861.52 103.60 1241.00 374.00 1.91 1.76 4.44 3.37 1.75 4.03 -8.06 0.42
Car 0.00 0 -7.99 199.86 185.73 249.77 220.31 1.47 1.63 3.22 -18.11 2.11 33.80 -8.48 0.35
Car 0.00 0 -4.90 571.90 183.40 611.77 212.58 1.51 1.57 3.83 -1.11 2.14 40.83 -4.92 0.34
Car 0.00 0 -7.86 505.57 182.75 526.01 204.33 1.68 1.63 3.69 -7.86 2.53 59.93 -7.99 0.31
Car 0.00 0 -3.04 707.03 175.17 811.50 215.07 1.58 1.60 4.12 6.18 1.68 30.03 -2.84 0.26
Car 0.00 0 -4.85 310.65 193.26 348.84 219.68 1.44 1.67 4.08 -17.50 2.77 44.87 -5.22 0.22
Car 0.00 0 -4.28 0.00 207.33 108.19 269.06 1.41 1.63 3.76 -16.23 2.49 20.71 -4.94 0.19
Car 0.00 0 -4.49 364.14 187.91 406.79 216.16 1.60 1.69 4.01 -14.00 2.58 45.07 -4.79 0.16
Car 0.00 0 -4.60 254.74 188.65 301.92 225.27 1.59 1.66 4.09 -16.22 2.41 35.36 -5.03 0.13
Pedestrian 0.00 0 -8.50 1077.50 152.67 1104.25 198.20 1.85 0.65 0.66 19.71 1.03 29.65 -7.92 0.13
Cyclist 0.00 0 -8.51 1037.91 133.39 1069.84 169.00 1.72 0.46 1.62 22.04 -0.20 35.92 -7.96 0.12
Car 0.00 0 -8.63 913.50 172.25 1015.17 213.09 1.49 1.62 3.43 13.69 1.47 28.16 -8.18 0.12
Cyclist 0.00 0 -4.38 895.18 170.53 957.80 280.21 1.75 0.51 1.54 5.33 1.71 12.23 -3.97 0.12
Car 0.00 0 -4.92 365.53 180.01 397.07 200.40 1.54 1.63 3.99 -18.52 2.14 58.27 -5.23 0.11
Car 0.00 0 -5.31 1236.67 110.87 1241.00 171.98 1.51 1.57 3.84 19.41 -0.03 19.86 -4.54 0.11
Cyclist 0.00 0 -4.66 174.10 194.49 190.45 235.02 1.64 0.52 1.73 -18.46 2.60 31.09 -5.20 0.10
Cyclist 0.00 0 -8.08 728.06 171.60 739.92 198.78 1.71 0.39 1.66 7.91 1.63 46.25 -7.91 0.10
