Car 0.00 0 -7.19 712.62 190.75 836.49 251.82 1.45 1.53 3.42 4.52 1.99 19.82 -6.96 0.93
Pedestrian 0.00 0 -3.79 808.66 180.18 837.73 238.35 1.78 0.69 0.57 6.63 2.02 22.62 -3.51 0.31
Car 0.00 0 -7.78 1014.42 165.23 1174.02 321.95 1.87 1.66 4.10 7.28 1.78 10.75 -7.18 0.28
Pedestrian 0.00 0 -8.15 636.96 181.35 652.07 218.50 1.61 0.56 0.42 1.47 1.98 31.58 -8.10 0.22
Pedestrian 0.00 0 -4.99 786.57 174.08 813.61 236.65 1.95 0.65 0.74 5.98 1.99 22.89 -4.74 0.20
Car 0.00 0 -2.33 480.76 172.06 531.39 192.34 1.55 1.63 4.03 -8.24 1.49 56.87 -2.47 0.18
Car 0.00 0 -7.97 568.16 170.41 637.39 231.83 1.97 1.89 4.88 -0.41 1.90 25.72 -7.98 0.14
Pedestrian 0.00 0 -6.85 468.78 165.57 485.41 197.43 1.86 0.66 0.73 -7.90 1.44 42.69 -7.03 0.12
Car 0.00 0 -6.38 456.68 169.95 528.86 195.88 1.62 1.73 4.43 -7.58 1.44 46.39 -6.54 0.12
Car 0.00 0 -5.65 55.74 198.03 268.50 267.50 1.46 1.62 4.03 -10.38 2.08 16.80 -6.21 0.11
Car 0.00 0 -5.77 820.32 185.25 959.19 241.17 1.50 1.55 3.66 8.42 1.91 22.05 -5.41 0.10
