Car 0.00 0 -8.58 931.73 194.72 1241.00 374.00 1.52 1.63 4.17 3.36 1.70 3.75 -7.85 0.98
Car 0.00 0 -8.20 789.75 187.22 1061.02 351.65 1.48 1.67 3.94 3.43 1.69 8.82 -7.83 0.98
Car 0.00 0 -8.11 701.68 178.76 799.20 239.86 1.47 1.66 4.01 3.69 1.65 19.86 -7.92 0.97
Car 0.00 0 -8.10 738.96 179.32 869.77 267.71 1.49 1.61 3.71 3.63 1.64 14.30 -7.85 0.97
Car 0.00 0 -4.23 0.00 194.22 341.67 368.27 1.44 1.72 4.40 -4.92 1.76 8.72 -4.74 0.94
Car 0.00 0 -3.85 0.00 209.40 92.72 374.00 1.53 1.69 3.94 -4.83 1.82 3.64 -4.78 0.94
Car 0.00 0 -4.50 434.22 180.09 501.51 228.61 1.51 1.58 3.31 -4.82 1.77 24.60 -4.69 0.88
Car 0.00 0 -4.50 465.04 178.94 526.15 219.66 1.50 1.62 4.02 -4.59 1.76 29.18 -4.65 0.84
Car 0.00 0 -8.03 698.01 178.66 759.40 224.42 1.48 1.55 3.42 4.07 1.70 25.43 -7.87 0.72
Car 0.00 0 -6.36 666.79 175.10 720.64 193.16 1.55 1.69 4.56 7.27 1.75 63.10 -6.25 0.59
Car 0.00 0 -5.49 0.00 185.30 109.56 239.89 1.45 1.51 3.71 -16.61 1.82 20.55 -6.17 0.59
Pedestrian 0.00 0 -5.90 661.33 170.74 675.40 196.05 1.87 0.61 0.88 4.32 1.71 53.75 -5.82 0.34
Car 0.00 0 -5.71 1135.17 158.82 1241.00 245.78 1.53 1.64 4.26 13.56 1.29 15.00 -4.98 0.32
Pedestrian 0.00 0 -4.41 786.83 165.61 801.81 201.22 1.77 0.57 0.62 9.23 1.41 36.26 -4.17 0.25
Car 0.00 0 -8.53 1028.25 177.11 1144.06 219.90 1.38 1.49 3.55 16.58 1.54 25.40 -7.96 0.19
Car 0.00 0 -5.02 1033.50 165.92 1172.80 234.92 1.47 1.62 3.94 11.69 1.32 17.47 -4.43 0.13
Pedestrian 0.00 0 -5.25 709.04 169.72 721.15 195.16 1.90 0.55 0.84 7.91 1.67 54.48 -5.11 0.13
Cyclist 0.00 0 -2.54 220.72 176.15 284.86 236.74 1.72 0.55 1.65 -10.42 1.82 20.96 -3.00 0.12
Pedestrian 0.00 0 -8.36 434.81 169.66 447.80 196.14 1.86 0.65 0.67 -11.96 1.63 51.04 -8.59 0.12
Car 0.00 0 -4.33 387.36 178.76 456.95 213.94 1.51 1.65 4.38 -8.77 1.80 33.93 -4.58 0.12
Cyclist 0.00 0 -7.54 287.52 175.23 324.33 239.73 1.72 0.48 1.61 -8.49 1.78 20.07 -7.94 0.11
