Car 0.00 0 -4.43 269.42 183.91 451.26 299.36 1.48 1.68 4.09 -3.85 1.69 11.73 -4.75 0.96
Car 0.00 0 -4.52 471.27 184.96 535.30 226.48 1.45 1.72 4.45 -4.21 1.97 28.80 -4.67 0.94
Car 0.00 0 -4.83 642.84 181.78 711.16 238.48 1.55 1.63 3.75 1.93 1.85 22.24 -4.75 0.93
Car 0.00 0 -8.02 625.01 183.70 679.54 224.02 1.47 1.61 3.71 1.60 1.93 29.20 -7.96 0.77
Car 0.00 0 -4.60 513.28 183.79 546.15 210.41 1.49 1.57 3.82 -4.88 2.19 43.99 -4.71 0.36
Car 0.00 0 -7.98 492.81 184.22 535.03 217.71 1.52 1.63 3.69 -4.88 2.11 36.00 -8.11 0.26
Pedestrian 0.00 0 -4.02 1115.67 154.55 1211.71 310.29 1.85 0.70 0.65 6.83 1.63 8.99 -3.37 0.22
Pedestrian 0.00 0 -3.13 969.43 160.83 1037.58 281.62 1.87 0.59 0.95 6.30 1.68 11.66 -2.64 0.19
Car 0.00 0 -4.82 616.75 182.70 658.59 217.41 1.50 1.55 3.91 1.22 2.00 34.36 -4.79 0.17
Cyclist 0.00 0 -4.97 780.15 178.50 815.29 245.61 1.73 0.52 1.62 5.02 1.89 19.56 -4.72 0.13
Cyclist 0.00 0 -8.07 813.68 177.07 852.00 254.96 1.77 0.51 1.76 5.28 1.87 17.34 -7.77 0.12
Cyclist 0.00 0 -8.41 877.65 180.22 921.93 238.35 1.57 0.36 1.63 8.20 1.79 20.58 -8.03 0.12
Pedestrian 0.00 0 -3.42 1128.18 156.99 1241.00 369.95 1.87 0.51 0.94 5.43 1.73 6.75 -2.75 0.12
Pedestrian 0.00 0 -4.94 417.22 182.53 435.42 221.05 1.67 0.64 0.68 -8.18 2.10 31.96 -5.19 0.12
Car 0.00 0 -4.79 609.16 181.60 637.10 205.74 1.50 1.56 4.11 0.81 2.12 48.50 -4.77 0.11
Pedestrian 0.00 0 -5.58 852.20 174.17 902.11 269.67 1.82 0.62 0.68 5.21 1.85 14.23 -5.23 0.11
Pedestrian 0.00 0 -6.60 1104.61 155.29 1206.16 320.84 1.83 0.64 0.78 6.27 1.64 8.41 -5.96 0.11
Pedestrian 0.00 0 -7.07 50.13 162.71 128.88 280.99 1.77 0.59 0.82 -8.17 1.62 11.27 -7.69 0.11
Cyclist 0.00 0 -5.09 954.21 154.65 1058.75 304.42 1.95 0.65 1.91 5.59 1.72 10.39 -4.59 0.10
