Car 0.00 0 -7.79 565.99 180.86 622.56 227.82 1.38 1.63 3.41 -0.49 1.66 23.50 -7.81 0.93
Car 0.00 0 -7.73 510.32 181.28 557.21 215.38 1.40 1.64 4.01 -3.43 1.81 32.65 -7.84 0.26
Car 0.00 0 -8.00 691.87 176.53 727.58 202.07 1.46 1.59 3.74 5.95 1.69 43.61 -7.87 0.23
Cyclist 0.00 0 -7.80 499.25 172.45 534.70 272.79 1.72 0.55 1.77 -1.74 1.71 13.28 -7.93 0.18
Cyclist 0.00 0 -7.88 1142.97 175.21 1163.78 225.08 1.67 0.53 1.70 18.81 1.75 25.05 -7.24 0.16
Pedestrian 0.00 0 -4.84 922.71 173.19 939.40 215.52 1.88 0.62 0.56 14.37 1.90 32.39 -4.42 0.16
Car 0.00 0 -3.97 0.00 181.41 235.20 374.00 1.70 1.62 3.97 -2.98 1.76 2.52 -4.84 0.16
Car 0.00 0 -3.88 671.13 180.47 720.25 198.33 1.55 1.76 4.48 7.89 2.28 66.46 -3.77 0.12
Car 0.00 0 -4.53 743.27 177.42 768.71 195.97 1.70 1.68 4.06 14.01 2.15 69.21 -4.33 0.11
Cyclist 0.00 0 -3.80 872.14 178.95 908.58 212.60 1.77 0.70 1.77 15.03 2.10 38.78 -3.43 0.10
