Car 0.00 0 -6.62 719.99 181.52 980.64 262.00 1.40 1.57 4.36 4.33 1.57 13.54 -6.31 0.96
Car 0.00 0 -3.18 645.47 179.30 728.57 210.66 1.49 1.62 3.99 3.72 1.82 35.60 -3.07 0.87
Car 0.00 0 -7.73 643.21 178.20 680.36 206.82 1.53 1.66 3.97 2.98 1.85 41.35 -7.66 0.37
Car 0.00 0 -4.60 630.24 180.84 658.60 203.00 1.46 1.57 3.96 2.44 2.05 51.06 -4.55 0.21
Pedestrian 0.00 0 -3.69 1172.69 148.28 1241.00 261.58 1.67 0.58 0.85 9.16 1.31 10.98 -3.00 0.20
Car 0.00 0 -8.07 629.98 174.52 658.13 193.39 1.70 1.74 4.28 3.13 1.86 67.54 -8.03 0.18
Pedestrian 0.00 0 -5.76 0.00 171.94 23.08 327.41 1.73 0.59 0.88 -7.56 1.72 8.39 -6.50 0.17
Car 0.00 0 -7.94 671.07 175.75 700.72 200.45 1.60 1.64 4.13 5.10 1.80 49.17 -7.84 0.16
Pedestrian 0.00 0 -5.21 259.12 168.55 310.17 263.66 1.94 0.69 0.79 -6.91 1.85 15.21 -5.63 0.14
Cyclist 0.00 0 -7.93 295.13 181.71 317.20 235.92 1.70 0.55 1.64 -10.04 2.00 23.72 -8.33 0.12
Pedestrian 0.00 0 -4.02 147.32 167.07 211.19 270.55 1.83 0.63 0.81 -7.91 1.72 13.18 -4.56 0.12
Pedestrian 0.00 0 -4.06 906.75 161.90 918.39 199.36 1.91 0.49 0.27 15.49 1.35 37.04 -3.67 0.12
Cyclist 0.00 0 -7.47 456.39 180.66 474.35 208.99 1.61 0.45 1.67 -8.52 2.08 42.40 -7.67 0.11
Pedestrian 0.00 0 -3.96 1171.57 145.07 1223.49 234.11 1.74 0.58 0.56 11.70 1.20 14.44 -3.28 0.11
Pedestrian 0.00 0 -7.57 250.39 168.21 291.52 255.90 1.90 0.58 1.00 -7.62 1.80 16.14 -8.01 0.11
Pedestrian 0.00 0 -7.77 211.46 176.26 244.58 260.94 1.81 0.58 0.80 -8.47 1.88 15.92 -8.26 0.11
