Car 0.00 0 -7.96 584.41 174.17 619.27 201.33 1.43 1.56 3.62 -0.53 1.51 40.17 -7.97 0.69
Car 0.00 0 -7.22 0.00 198.84 127.87 271.97 1.43 1.51 3.42 -13.31 2.11 17.05 -7.88 0.28
Pedestrian 0.00 0 -8.61 749.71 163.40 771.09 198.79 1.82 0.71 0.84 7.79 1.33 37.58 -8.41 0.22
Pedestrian 0.00 0 -3.11 966.05 155.27 973.74 187.49 1.88 0.53 0.39 21.16 0.86 42.50 -2.65 0.20
Pedestrian 0.00 0 -8.38 742.75 167.37 759.51 197.68 1.68 0.72 0.59 7.88 1.38 40.48 -8.19 0.18
Car 0.00 0 -8.76 979.75 156.40 1046.43 178.98 1.53 1.67 3.91 28.38 0.42 50.97 -8.26 0.17
Pedestrian 0.00 0 -3.81 952.99 152.39 980.77 208.51 1.98 0.60 0.67 12.75 1.26 25.88 -3.35 0.16
Car 0.00 0 -4.24 0.00 194.95 151.71 313.50 1.49 1.62 4.06 -9.45 1.92 12.00 -4.90 0.14
Car 0.00 0 -8.11 738.94 164.12 789.16 194.85 1.73 1.83 4.53 9.04 1.24 42.86 -7.90 0.13
Car 0.00 0 -4.71 1095.09 158.93 1128.62 184.02 1.54 1.71 4.19 32.26 0.69 46.44 -4.10 0.12
Pedestrian 0.00 0 -8.01 1012.40 160.21 1046.57 227.80 1.74 0.69 0.62 10.98 1.41 18.98 -7.49 0.12
Cyclist 0.00 0 -4.17 393.84 171.65 432.11 227.56 1.72 0.49 1.46 -6.28 1.68 22.90 -4.43 0.11
Pedestrian 0.00 0 -5.52 720.73 169.03 732.44 192.16 1.83 0.56 0.74 9.25 1.52 57.39 -5.36 0.11
Car 0.00 0 -7.76 449.41 178.33 507.89 225.87 1.45 1.59 4.01 -4.44 1.66 24.60 -7.94 0.10
Pedestrian 0.00 0 -8.21 1080.09 154.42 1127.79 235.15 1.78 0.65 0.81 11.12 1.37 16.33 -7.61 0.10
Pedestrian 0.00 0 -2.74 481.03 169.39 499.12 202.23 1.75 0.52 0.83 -6.50 1.57 38.88 -2.91 0.10
