Pedestrian 0.00 0 -4.90 824.81 171.19 847.84 226.49 1.66 0.54 0.76 6.87 1.61 22.07 -4.60 0.36
Cyclist 0.00 0 -4.15 366.43 169.03 390.84 201.54 1.74 0.43 1.72 -12.72 1.54 39.61 -4.46 0.26
Cyclist 0.00 0 -3.09 246.02 176.71 286.67 217.30 1.77 0.68 1.61 -15.38 1.95 32.24 -3.54 0.18
Pedestrian 0.00 0 -3.06 400.77 168.43 422.39 217.69 1.83 0.53 0.74 -7.49 1.66 27.08 -3.33 0.18
Pedestrian 0.00 0 -4.90 348.72 192.18 370.78 244.61 1.26 0.43 0.52 -6.29 1.76 17.98 -5.24 0.15
Pedestrian 0.00 0 -5.16 1148.28 157.13 1241.00 350.17 1.64 0.60 0.72 5.35 1.51 6.55 -4.47 0.15
Pedestrian 0.00 0 -5.41 280.48 173.60 304.47 228.49 1.72 0.55 0.43 -10.14 1.74 22.95 -5.83 0.15
Car 0.00 0 -3.13 510.45 177.54 585.09 204.65 1.66 1.77 4.62 -3.95 1.97 45.72 -3.21 0.15
Pedestrian 0.00 0 -5.86 829.31 159.58 871.76 231.84 1.85 0.56 0.91 6.28 1.51 18.98 -5.54 0.13
Pedestrian 0.00 0 -4.06 1057.13 149.42 1124.35 268.29 1.74 0.62 0.59 7.25 1.40 10.97 -3.48 0.13
