Car 0.00 0 -7.25 0.00 202.94 352.30 374.00 1.53 1.60 3.81 -3.06 1.79 4.32 -7.86 0.97
Car 0.00 0 -4.87 633.98 182.58 712.16 239.69 1.47 1.67 3.88 1.71 1.78 21.20 -4.79 0.94
Car 0.00 0 -2.99 415.07 180.10 510.70 214.11 1.61 1.79 4.40 -7.23 1.98 35.59 -3.19 0.87
Car 0.00 0 -7.80 631.24 174.41 664.87 206.37 1.64 1.61 4.09 2.09 1.73 39.44 -7.74 0.86
Car 0.00 0 -4.61 521.73 173.89 560.06 208.93 1.82 1.67 4.04 -3.77 1.88 39.55 -4.70 0.84
Car 0.00 0 -6.60 880.73 170.61 1092.25 250.35 1.59 1.61 3.70 7.87 1.55 15.47 -6.13 0.77
Car 0.00 0 -4.78 552.13 176.65 579.19 201.18 1.55 1.55 3.90 -3.03 1.82 48.33 -4.84 0.58
Pedestrian 0.00 0 -5.22 207.17 177.05 281.15 298.35 1.73 0.73 0.73 -5.55 1.80 10.85 -5.69 0.39
Car 0.00 0 -5.59 0.00 187.63 152.64 374.00 1.59 1.54 3.66 -6.93 1.75 7.16 -6.36 0.28
Pedestrian 0.00 0 -5.95 509.07 173.04 526.75 201.76 1.80 0.60 0.97 -5.86 1.81 45.67 -6.08 0.19
Pedestrian 0.00 0 -4.01 1058.51 145.17 1193.50 370.04 1.81 0.63 0.72 4.35 1.59 6.19 -3.40 0.16
Car 0.00 0 -4.23 535.84 166.54 573.03 186.57 1.77 1.67 4.13 -5.05 1.21 65.84 -4.31 0.14
Pedestrian 0.00 0 -7.49 783.50 178.01 818.67 245.66 1.61 0.64 0.66 4.63 1.74 17.67 -7.23 0.14
Pedestrian 0.00 0 -8.12 918.30 154.09 954.63 235.01 1.91 0.68 0.52 7.81 1.47 17.38 -7.70 0.13
Pedestrian 0.00 0 -4.51 693.15 173.41 713.64 214.77 1.80 0.76 0.79 4.10 1.83 31.95 -4.38 0.13
Pedestrian 0.00 0 -3.76 819.98 164.63 849.02 224.49 1.90 0.62 0.65 7.19 1.64 23.26 -3.46 0.12
Pedestrian 0.00 0 -4.24 1175.90 151.06 1241.00 374.00 1.75 0.58 0.90 4.62 1.61 5.19 -3.51 0.11
Cyclist 0.00 0 -4.39 504.05 176.84 520.59 206.17 1.64 0.46 1.58 -5.63 1.87 41.39 -4.52 0.11
