Pedestrian 0.00 0 -5.60 0.00 160.30 105.62 299.15 1.78 0.53 1.03 -7.33 1.52 9.31 -6.27 0.87
Pedestrian 0.00 0 -4.60 0.00 171.92 47.73 259.29 1.69 0.66 0.83 -11.70 1.52 14.19 -5.28 0.29
Cyclist 0.00 0 -4.50 53.38 159.80 119.99 267.53 1.84 0.64 1.70 -9.51 1.49 12.96 -5.13 0.24
Pedestrian 0.00 0 -8.09 837.56 169.95 870.56 233.95 1.58 0.62 0.78 6.23 1.32 17.82 -7.76 0.21
Car 0.00 0 -8.97 1092.49 191.33 1223.00 369.00 1.48 1.52 3.14 4.97 1.58 4.31 -8.11 0.19
Car 0.00 0 -7.76 663.75 145.76 698.23 174.05 1.54 1.66 3.70 4.47 -0.39 41.26 -7.65 0.19
Pedestrian 0.00 0 -5.10 996.18 228.37 1085.91 369.00 1.15 0.35 0.66 3.24 1.54 5.38 -4.56 0.19
Cyclist 0.00 0 -5.91 659.97 163.63 747.89 250.76 1.71 0.53 1.71 1.97 1.38 14.48 -5.77 0.16
Cyclist 0.00 0 -7.80 858.90 159.63 896.12 270.02 1.75 0.51 1.67 4.63 1.42 12.07 -7.43 0.15
Pedestrian 0.00 0 -5.67 1010.95 158.47 1080.25 266.72 1.72 0.61 0.76 7.22 1.37 11.68 -5.11 0.14
Pedestrian 0.00 0 -6.50 1108.54 149.18 1179.41 261.93 1.78 0.60 0.81 8.78 1.29 11.60 -5.85 0.13
Pedestrian 0.00 0 -4.01 1170.97 165.73 1223.00 263.21 1.61 0.63 0.60 10.13 1.36 12.00 -3.31 0.12
Cyclist 0.00 0 -7.93 956.98 166.65 1006.41 277.46 1.61 0.54 1.85 5.92 1.41 11.26 -7.45 0.12
Pedestrian 0.00 0 -7.85 528.87 159.27 560.03 258.52 1.77 0.56 0.87 -1.16 1.40 13.09 -7.94 0.11
