Car 0.00 0 -7.80 551.04 177.36 577.93 202.67 1.68 1.68 3.97 -3.19 2.01 50.67 -7.86 0.89
Car 0.00 0 -7.93 647.02 177.52 691.83 215.53 1.55 1.66 4.21 2.53 1.77 32.01 -7.85 0.62
Car 0.00 0 -7.95 639.08 176.15 672.79 204.13 1.58 1.62 4.06 2.68 1.79 43.33 -7.89 0.34
Car 0.00 0 -4.98 764.32 177.18 837.30 221.29 1.50 1.60 4.02 6.98 1.67 26.94 -4.73 0.21
Pedestrian 0.00 0 -2.27 331.26 186.48 357.32 237.13 1.67 0.58 0.59 -9.03 2.14 24.41 -2.62 0.15
Car 0.00 0 -8.04 624.02 174.25 653.99 199.57 2.02 1.71 4.24 2.35 2.14 59.97 -8.00 0.14
Car 0.00 0 -4.73 627.12 176.49 644.94 193.20 1.55 1.66 4.12 2.49 1.92 70.09 -4.69 0.13
Pedestrian 0.00 0 -3.11 648.57 172.50 668.28 218.15 1.75 0.59 0.74 1.84 1.73 27.94 -3.04 0.12
Cyclist 0.00 0 -7.94 479.75 177.75 488.77 203.13 1.73 0.49 1.67 -8.83 2.08 50.48 -8.11 0.11
Pedestrian 0.00 0 -3.90 1213.85 122.09 1241.00 328.44 1.76 0.60 0.82 6.01 1.33 6.46 -3.15 0.11
Pedestrian 0.00 0 -3.93 1139.76 137.11 1241.00 307.21 1.69 0.58 0.78 6.05 1.34 7.50 -3.25 0.10
