Car 0.00 0 -8.06 688.74 164.86 808.66 256.95 1.80 1.73 4.44 2.91 1.64 16.33 -7.89 0.88
Car 0.00 0 -7.87 461.17 182.87 497.39 216.15 1.38 1.54 3.47 -6.04 1.86 32.93 -8.05 0.88
Car 0.00 0 -8.06 635.71 174.79 687.17 213.72 1.54 1.47 3.57 2.08 1.63 30.65 -7.99 0.78
Car 0.00 0 -8.06 570.95 176.63 605.72 201.46 1.61 1.64 3.73 -1.55 1.88 49.47 -8.10 0.77
Car 0.00 0 -4.90 673.69 178.89 749.03 233.18 1.44 1.55 3.67 2.87 1.64 21.44 -4.76 0.75
Car 0.00 0 -8.12 546.69 179.04 577.03 198.00 1.48 1.58 3.72 -4.04 2.01 59.65 -8.19 0.67
Cyclist 0.00 0 -8.01 515.53 172.76 531.76 205.85 1.86 0.64 1.89 -5.02 1.86 41.55 -8.13 0.60
Car 0.00 0 -8.06 610.35 175.15 653.20 206.89 1.55 1.54 3.42 1.04 1.67 37.31 -8.03 0.41
Pedestrian 0.00 0 -8.45 496.90 173.51 515.68 207.64 1.85 0.64 0.87 -5.74 1.89 39.69 -8.59 0.38
Pedestrian 0.00 0 -5.18 1005.47 122.68 1153.59 371.03 1.95 0.68 1.02 3.93 1.56 6.21 -4.61 0.28
Car 0.00 0 -4.46 450.27 176.79 499.33 210.06 1.65 1.61 4.02 -7.14 1.87 38.24 -4.65 0.26
Car 0.00 0 -7.16 83.70 188.96 211.19 239.08 1.47 1.60 3.76 -15.57 2.06 24.45 -7.73 0.25
Pedestrian 0.00 0 -4.90 896.19 143.25 1000.06 374.00 1.85 0.65 0.85 2.79 1.62 6.15 -4.47 0.22
Cyclist 0.00 0 -8.17 1055.57 158.78 1167.81 329.92 1.75 0.54 1.72 5.64 1.61 8.29 -7.57 0.19
Car 0.00 0 -7.80 443.12 175.18 463.87 195.22 1.81 1.69 3.94 -14.65 2.03 67.58 -8.01 0.16
Pedestrian 0.00 0 -4.17 283.66 178.14 314.07 227.21 1.76 0.69 0.84 -11.46 1.96 26.49 -4.58 0.14
Cyclist 0.00 0 -7.94 272.20 185.99 292.49 236.57 1.60 0.45 1.83 -11.02 2.05 24.15 -8.37 0.13
Pedestrian 0.00 0 -3.74 1155.90 176.52 1241.00 345.03 1.60 0.45 0.81 5.92 1.64 7.13 -3.04 0.12
