Car 0.00 0 -8.05 677.49 181.09 784.00 255.08 1.47 1.62 4.38 2.64 1.69 17.03 -7.89 0.98
Car 0.00 0 -8.31 779.48 189.42 1111.63 374.00 1.48 1.56 3.45 2.96 1.69 7.30 -7.93 0.95
Car 0.00 0 -5.44 0.00 187.71 116.72 374.00 1.49 1.56 3.59 -6.35 1.63 5.81 -6.27 0.94
Car 0.00 0 -2.57 0.00 191.48 321.14 303.98 1.43 1.54 3.86 -6.39 1.72 10.25 -3.13 0.93
Car 0.00 0 -5.91 326.84 181.66 482.22 235.34 1.45 1.59 4.01 -5.91 1.72 20.82 -6.18 0.90
Car 0.00 0 -2.72 94.69 185.97 363.12 277.88 1.48 1.56 3.90 -6.62 1.73 12.75 -3.20 0.90
Car 0.00 0 -8.00 660.14 179.11 717.96 220.31 1.43 1.60 4.21 2.93 1.69 27.86 -7.90 0.89
Car 0.00 0 -5.80 185.83 180.96 401.75 260.99 1.56 1.54 3.90 -6.62 1.75 15.21 -6.21 0.88
Car 0.00 0 -2.42 0.00 196.17 226.05 338.82 1.38 1.51 4.12 -6.78 1.66 8.02 -3.12 0.84
Car 0.00 0 -2.83 348.92 170.08 476.94 220.58 1.76 1.71 4.14 -7.10 1.66 26.08 -3.10 0.72
Car 0.00 0 -7.90 642.67 172.82 671.50 199.88 1.69 1.69 4.15 3.01 1.69 47.26 -7.83 0.69
Car 0.00 0 -2.90 344.28 178.72 470.71 226.82 1.49 1.54 3.68 -6.53 1.69 23.36 -3.17 0.61
Car 0.00 0 -6.33 834.92 177.86 902.54 204.57 1.51 1.62 3.69 15.22 1.82 42.70 -5.99 0.51
Car 0.00 0 -7.93 841.91 169.88 877.68 199.91 1.54 1.54 3.43 13.36 1.39 38.82 -7.60 0.42
Pedestrian 0.00 0 -4.97 1011.16 148.89 1069.17 266.02 1.98 0.67 0.90 7.49 1.57 12.69 -4.44 0.30
Car 0.00 0 -7.57 498.75 176.61 543.17 203.41 1.51 1.61 3.87 -5.31 1.74 43.20 -7.69 0.29
Car 0.00 0 -4.67 508.31 179.32 541.95 208.88 1.44 1.59 4.09 -4.49 1.81 38.27 -4.78 0.25
Car 0.00 0 -2.87 404.54 171.90 508.92 212.36 1.68 1.68 4.07 -6.55 1.64 30.88 -3.08 0.23
Car 0.00 0 -4.60 475.59 179.50 520.85 212.77 1.44 1.65 4.09 -5.27 1.78 34.17 -4.75 0.19
Pedestrian 0.00 0 -8.09 1126.33 150.19 1168.32 230.26 1.96 0.71 0.62 13.38 1.40 18.04 -7.46 0.17
Pedestrian 0.00 0 -7.93 832.25 182.10 859.93 240.51 1.46 0.62 0.69 6.04 1.71 18.62 -7.62 0.17
Pedestrian 0.00 0 -5.03 0.00 193.66 137.57 374.00 1.64 0.56 0.72 -3.30 1.78 4.23 -5.70 0.14
Car 0.00 0 -6.95 705.83 175.58 778.47 201.86 1.48 1.65 4.09 7.81 1.65 42.78 -6.77 0.11
Car 0.00 0 -7.44 681.87 159.14 725.03 189.00 2.39 1.88 4.56 7.81 1.29 60.18 -7.31 0.11
Pedestrian 0.00 0 -7.82 822.66 166.05 836.95 202.07 1.85 0.69 0.68 11.37 1.50 37.43 -7.53 0.11
Pedestrian 0.00 0 -5.60 1064.48 194.49 1183.62 374.00 1.50 0.51 0.49 3.66 1.67 5.24 -4.99 0.11
Car 0.00 0 -7.43 525.25 174.99 572.02 200.42 1.60 1.63 3.92 -4.06 1.75 47.97 -7.52 0.11
Pedestrian 0.00 0 -4.23 921.18 148.62 968.68 239.75 1.97 0.62 0.90 7.45 1.45 16.15 -3.79 0.11
Pedestrian 0.00 0 -4.04 1221.80 144.72 1241.00 293.43 1.87 0.60 0.70 8.51 1.51 9.40 -3.30 0.10
Car 0.00 0 -6.70 653.72 178.35 744.36 211.75 1.47 1.59 3.86 4.08 1.73 33.47 -6.58 0.10
