Car 0.00 0 -4.11 19.66 196.88 220.32 275.04 1.44 1.63 4.42 -11.19 2.07 16.86 -4.69 0.91
Car 0.00 0 -7.87 600.78 178.13 627.14 202.36 1.45 1.59 3.73 0.19 1.80 45.89 -7.87 0.85
Pedestrian 0.00 0 -7.54 845.40 164.61 883.37 243.98 1.66 0.62 0.59 5.41 1.49 15.49 -7.20 0.75
Pedestrian 0.00 0 -3.97 731.25 164.92 750.64 201.56 1.89 0.59 0.83 6.80 1.48 37.66 -3.79 0.35
Pedestrian 0.00 0 -3.37 1191.03 134.86 1241.00 254.08 1.72 0.62 0.65 9.17 1.17 10.85 -2.67 0.25
Pedestrian 0.00 0 -5.31 1191.08 130.40 1241.00 262.37 1.75 0.57 0.65 8.49 1.19 9.94 -4.60 0.23
Pedestrian 0.00 0 -3.50 1071.39 156.50 1132.99 242.99 1.58 0.53 0.82 9.15 1.28 13.51 -2.91 0.17
Pedestrian 0.00 0 -3.02 541.98 222.29 663.30 374.00 1.50 0.47 0.67 -0.08 1.81 4.27 -3.04 0.17
Car 0.00 0 -6.16 452.71 182.19 599.65 237.12 1.52 1.62 4.09 -2.41 1.80 21.05 -6.27 0.15
Pedestrian 0.00 0 -3.72 938.69 143.25 957.08 172.77 1.74 0.66 0.75 20.01 -0.00 42.81 -3.28 0.14
Pedestrian 0.00 0 -8.58 1173.92 146.29 1241.00 250.10 1.66 0.56 0.67 9.80 1.24 11.90 -7.90 0.12
Pedestrian 0.00 0 -6.77 752.45 172.44 768.08 200.19 1.80 0.59 0.82 9.80 1.77 47.20 -6.56 0.12
Car 0.00 0 -2.97 490.03 177.50 593.77 215.61 1.59 1.67 4.26 -2.95 1.80 31.30 -3.07 0.12
Car 0.00 0 -7.51 317.54 185.81 424.50 244.16 1.44 1.62 4.11 -6.78 1.85 20.78 -7.83 0.11
Pedestrian 0.00 0 -7.37 1168.31 136.35 1198.92 184.81 1.78 0.70 0.59 21.42 0.44 27.01 -6.70 0.11
Cyclist 0.00 0 -6.02 182.51 178.55 208.66 204.54 1.80 0.58 1.49 -29.04 2.20 50.53 -6.54 0.10
