Car 0.00 0 -7.74 424.94 188.14 524.31 269.03 1.41 1.61 3.97 -2.80 1.78 15.38 -7.92 0.98
Car 0.00 0 -8.14 695.09 182.14 848.41 284.88 1.52 1.60 3.91 2.67 1.71 13.02 -7.94 0.96
Car 0.00 0 -8.24 757.33 195.98 1080.62 374.00 1.40 1.62 4.03 2.82 1.72 7.75 -7.89 0.96
Car 0.00 0 -7.94 641.86 178.39 680.46 209.64 1.45 1.57 3.81 2.47 1.74 36.02 -7.88 0.95
Car 0.00 0 -7.01 0.00 215.64 265.12 374.00 1.52 1.65 4.27 -3.12 1.81 2.64 -7.87 0.92
Car 0.00 0 -4.61 502.36 181.43 562.24 225.59 1.43 1.72 4.33 -2.79 1.77 26.35 -4.71 0.90
Car 0.00 0 -8.07 677.17 168.12 780.81 250.90 1.79 1.67 3.87 2.72 1.69 17.63 -7.92 0.88
Cyclist 0.00 0 -6.35 490.16 171.74 522.09 203.33 1.82 0.73 1.80 -6.11 1.76 42.16 -6.49 0.43
Car 0.00 0 -4.75 557.70 176.55 582.34 198.50 1.53 1.64 4.13 -3.00 1.81 53.12 -4.81 0.34
Pedestrian 0.00 0 -7.85 680.27 173.79 691.86 204.69 1.75 0.65 0.73 4.32 1.81 41.30 -7.75 0.30
Car 0.00 0 -4.63 540.04 171.18 560.96 189.89 1.72 1.65 3.87 -5.61 1.56 68.13 -4.71 0.24
Pedestrian 0.00 0 -1.86 75.27 167.24 140.44 287.28 1.86 0.66 0.79 -8.17 1.77 11.66 -2.47 0.17
Car 0.00 0 -8.05 617.82 174.85 641.04 190.62 1.45 1.55 3.61 1.81 1.65 68.83 -8.02 0.15
Car 0.00 0 -4.86 755.68 175.02 821.76 227.06 1.55 1.53 3.63 5.68 1.62 23.47 -4.63 0.15
Car 0.00 0 -4.36 570.12 174.55 599.80 191.32 1.54 1.59 3.86 -2.38 1.71 68.89 -4.39 0.11
Pedestrian 0.00 0 -3.95 260.72 164.05 313.13 259.55 1.95 0.65 0.78 -6.85 1.77 15.20 -4.38 0.11
Car 0.00 0 -7.52 476.15 179.07 524.31 207.91 1.46 1.53 3.46 -5.94 1.81 39.13 -7.67 0.10
