Car 0.00 0 -4.49 385.98 189.46 498.78 260.14 1.41 1.75 4.25 -3.96 1.86 17.53 -4.71 0.96
Car 0.00 0 -7.92 631.28 176.72 666.84 208.27 1.54 1.61 3.77 1.95 1.75 37.59 -7.86 0.95
Car 0.00 0 -3.87 0.00 199.20 62.64 374.00 1.62 1.67 4.23 -6.55 1.89 5.41 -4.75 0.92
Car 0.00 0 -3.42 735.96 167.31 847.43 207.06 1.64 1.72 4.30 7.63 1.41 30.72 -3.17 0.89
Car 0.00 0 -4.56 466.92 186.30 522.96 228.65 1.40 1.51 3.66 -4.25 1.93 26.81 -4.72 0.85
Car 0.00 0 -4.31 214.60 197.67 369.18 273.83 1.33 1.64 4.10 -6.89 1.95 16.01 -4.72 0.83
Cyclist 0.00 0 -8.03 1089.99 153.29 1127.87 227.72 1.63 0.43 1.68 11.48 1.21 16.70 -7.42 0.34
Car 0.00 0 -8.35 929.21 150.42 997.69 184.18 1.83 1.74 4.10 20.03 0.61 41.16 -7.90 0.33
Car 0.00 0 -3.35 722.45 165.60 818.34 202.93 1.71 1.67 4.14 7.43 1.38 33.87 -3.13 0.26
Pedestrian 0.00 0 -5.33 993.96 140.86 1057.64 238.90 1.86 0.66 0.94 8.10 1.25 14.17 -4.81 0.26
Car 0.00 0 -6.19 694.05 174.65 772.73 202.72 1.48 1.62 4.12 6.75 1.59 39.61 -6.02 0.21
Car 0.00 0 -5.28 1181.36 132.38 1241.00 171.51 1.51 1.60 3.79 25.83 -0.06 30.01 -4.57 0.20
Car 0.00 0 -7.89 817.72 157.42 839.29 180.72 2.07 1.76 4.38 20.10 0.70 66.56 -7.59 0.17
Car 0.00 0 -5.38 671.20 172.48 723.28 195.10 1.62 1.64 4.17 6.45 1.59 53.93 -5.26 0.17
Cyclist 0.00 0 -7.92 994.74 150.45 1006.07 185.06 1.74 0.39 1.79 20.09 0.61 37.20 -7.43 0.17
Pedestrian 0.00 0 -5.94 671.44 167.84 688.53 198.68 1.92 0.56 0.94 4.37 1.61 45.41 -5.85 0.16
Car 0.00 0 -4.86 693.83 172.07 737.59 205.76 1.62 1.63 3.95 5.27 1.58 36.65 -4.71 0.16
Car 0.00 0 -8.21 959.05 158.07 1022.69 190.11 1.43 1.60 3.25 17.84 0.77 34.01 -7.73 0.15
Car 0.00 0 -8.15 834.65 155.78 870.44 183.45 2.46 1.84 4.63 22.31 0.94 66.59 -7.83 0.15
Pedestrian 0.00 0 -4.68 1034.64 149.53 1068.90 240.70 1.76 0.57 0.80 8.80 1.31 14.45 -4.14 0.13
Pedestrian 0.00 0 -7.98 1024.31 146.45 1045.25 188.30 1.86 0.76 0.51 19.09 0.69 32.50 -7.45 0.12
Car 0.00 0 -8.46 913.56 162.10 983.41 190.11 1.39 1.49 3.61 17.53 0.85 37.62 -8.03 0.11
