Car 0.00 0 -8.08 701.02 182.72 833.24 273.49 1.44 1.64 3.62 2.77 1.65 13.69 -7.88 0.98
Car 0.00 0 -5.73 71.84 175.74 368.46 276.96 1.57 1.67 4.18 -6.52 1.63 12.24 -6.22 0.96
Car 0.00 0 -2.16 0.00 173.66 42.46 374.00 1.62 1.69 4.14 -6.38 1.62 4.60 -3.11 0.94
Car 0.00 0 -7.95 659.08 176.33 718.50 226.93 1.57 1.60 4.05 2.57 1.70 24.68 -7.85 0.94
Car 0.00 0 -2.79 232.12 168.02 434.59 245.09 1.73 1.67 4.15 -6.47 1.62 17.05 -3.15 0.88
Car 0.00 0 -2.31 0.00 185.80 149.96 359.33 1.48 1.59 3.87 -7.06 1.63 7.20 -3.09 0.84
Car 0.00 0 -7.99 637.67 176.01 675.46 207.66 1.65 1.62 3.46 2.49 1.84 39.84 -7.93 0.77
Car 0.00 0 -7.99 648.00 179.52 698.50 218.49 1.50 1.60 3.89 2.56 1.80 30.46 -7.90 0.65
Car 0.00 0 -2.80 362.16 175.61 490.88 226.14 1.67 1.69 3.98 -6.34 1.77 24.98 -3.05 0.62
Car 0.00 0 -3.02 336.07 184.70 470.92 233.44 1.37 1.53 3.77 -6.22 1.75 21.90 -3.30 0.62
Cyclist 0.00 0 -8.06 842.45 165.83 857.09 198.01 1.55 0.36 1.57 11.76 1.21 35.54 -7.74 0.42
Car 0.00 0 -2.87 415.18 178.18 501.93 213.73 1.62 1.62 3.71 -7.14 1.88 34.01 -3.08 0.40
Car 0.00 0 -7.88 528.25 177.84 551.87 199.28 1.46 1.59 3.93 -5.10 1.83 52.05 -7.98 0.40
Car 0.00 0 -4.84 625.72 174.86 654.02 198.31 1.67 1.60 4.00 2.16 1.82 53.76 -4.80 0.32
Car 0.00 0 -5.71 298.92 184.66 452.01 241.04 1.41 1.45 3.78 -6.41 1.75 19.66 -6.03 0.28
Cyclist 0.00 0 -2.78 796.17 160.84 829.68 192.47 1.76 0.67 1.70 11.47 1.09 40.93 -2.51 0.27
Car 0.00 0 -2.54 149.75 161.59 251.90 193.85 1.61 1.73 4.35 -20.98 1.05 37.01 -3.05 0.23
Car 0.00 0 -7.92 492.35 179.99 527.90 210.27 1.52 1.65 4.05 -5.54 1.94 39.46 -8.06 0.23
Car 0.00 0 -4.33 542.13 175.53 572.96 192.35 1.54 1.61 3.89 -5.00 1.81 69.02 -4.40 0.21
Car 0.00 0 -6.34 717.98 169.34 788.92 197.51 1.72 1.69 4.26 8.88 1.50 45.12 -6.15 0.19
Pedestrian 0.00 0 -3.67 501.11 176.98 523.36 215.40 1.73 0.70 0.76 -4.53 1.93 33.16 -3.80 0.19
Pedestrian 0.00 0 -7.85 1098.71 152.14 1123.49 207.74 1.91 0.70 0.47 17.44 1.20 25.18 -7.24 0.19
Pedestrian 0.00 0 -3.68 838.31 164.78 851.62 192.63 1.90 0.63 0.64 16.12 1.35 49.61 -3.37 0.18
Pedestrian 0.00 0 -4.89 0.00 142.51 9.98 273.65 1.92 0.61 0.76 -9.71 1.47 11.02 -5.61 0.17
Cyclist 0.00 0 -4.07 243.28 173.68 292.39 231.11 1.63 0.50 1.52 -10.12 1.66 21.30 -4.52 0.13
Pedestrian 0.00 0 -6.15 752.70 175.83 767.27 219.09 1.64 0.55 0.48 5.71 1.75 27.68 -5.95 0.12
Pedestrian 0.00 0 -4.32 778.58 161.20 800.86 207.32 1.92 0.66 0.79 7.57 1.44 30.56 -4.07 0.11
Pedestrian 0.00 0 -3.12 289.34 163.08 304.48 202.13 1.93 0.57 0.68 -15.69 1.45 36.07 -3.53 0.11
Car 0.00 0 -8.07 751.30 155.88 785.78 180.68 1.73 1.64 3.98 11.43 0.55 52.35 -7.85 0.10
