Car 0.00 0 -4.65 529.26 160.29 583.45 204.55 1.48 1.69 3.98 -1.58 0.77 26.02 -4.71 0.87
Pedestrian 0.00 0 -5.51 716.43 152.55 807.24 305.92 1.66 0.60 0.84 1.80 1.35 8.31 -5.30 0.87
Pedestrian 0.00 0 -8.75 828.70 143.30 988.99 373.00 1.70 0.68 0.90 2.27 1.44 5.49 -8.36 0.82
Pedestrian 0.00 0 -4.19 0.00 148.50 124.84 373.00 1.75 0.68 0.89 -2.96 1.61 3.49 -4.89 0.79
Pedestrian 0.00 0 -8.46 798.72 151.49 909.65 332.97 1.62 0.63 0.85 2.36 1.35 6.91 -8.13 0.76
Pedestrian 0.00 0 -4.91 704.98 155.52 759.82 278.57 1.63 0.59 0.84 1.75 1.28 9.92 -4.74 0.71
Pedestrian 0.00 0 -7.81 704.51 148.68 727.45 204.80 1.80 0.71 0.80 3.73 0.75 23.53 -7.65 0.60
Pedestrian 0.00 0 -3.35 755.13 153.45 808.51 260.69 1.61 0.50 0.70 2.71 1.19 11.01 -3.11 0.60
Pedestrian 0.00 0 -8.44 796.27 145.55 846.08 239.17 1.75 0.59 0.77 4.20 1.08 13.88 -8.14 0.60
Cyclist 0.00 0 -5.84 553.00 161.18 646.49 240.89 1.60 0.72 1.84 -0.08 1.20 15.17 -5.85 0.55
Pedestrian 0.00 0 -4.70 783.81 158.02 824.68 278.16 1.53 0.51 0.71 2.66 1.23 9.57 -4.43 0.47
Pedestrian 0.00 0 -7.90 825.70 143.12 873.96 268.02 1.77 0.63 0.93 3.64 1.23 10.70 -7.57 0.38
Pedestrian 0.00 0 -7.58 684.87 153.24 706.01 196.15 1.72 0.69 0.70 3.81 0.59 29.21 -7.45 0.36
Pedestrian 0.00 0 -6.19 724.56 155.38 760.51 237.96 1.67 0.60 0.68 2.90 1.14 14.91 -6.00 0.35
Pedestrian 0.00 0 -3.44 1138.95 134.56 1199.13 241.52 1.70 0.63 0.61 9.27 0.95 11.81 -2.78 0.34
Pedestrian 0.00 0 -3.29 742.81 144.67 795.95 245.63 1.80 0.67 0.86 3.03 1.14 13.17 -3.06 0.34
Pedestrian 0.00 0 -3.96 75.33 148.14 176.04 301.27 1.79 0.62 0.86 -5.90 1.40 8.87 -4.55 0.28
Pedestrian 0.00 0 -6.38 722.47 151.60 758.21 230.37 1.74 0.59 0.74 3.09 1.08 16.20 -6.19 0.26
Pedestrian 0.00 0 -5.57 1110.77 118.93 1180.43 227.57 1.84 0.65 0.72 9.49 0.78 12.60 -4.93 0.25
Pedestrian 0.00 0 -8.31 1084.96 133.17 1158.01 263.28 1.67 0.55 0.66 6.88 1.05 9.59 -7.69 0.24
Cyclist 0.00 0 -6.72 646.91 153.96 697.41 202.57 1.71 0.59 1.72 2.52 0.74 25.80 -6.62 0.23
Pedestrian 0.00 0 -8.78 1030.93 131.63 1099.76 249.91 1.73 0.54 0.69 6.99 1.00 10.91 -8.21 0.23
Pedestrian 0.00 0 -7.42 717.39 152.31 732.63 181.77 1.77 0.64 0.79 7.54 0.02 43.77 -7.25 0.18
Pedestrian 0.00 0 -5.78 250.97 157.32 370.33 337.53 1.70 0.64 0.90 -2.92 1.47 7.15 -6.16 0.17
Pedestrian 0.00 0 -4.15 871.84 147.35 905.48 208.86 1.88 0.66 0.79 8.93 0.84 22.40 -3.77 0.17
Pedestrian 0.00 0 -7.91 513.95 154.39 536.26 212.76 1.69 0.61 0.75 -2.29 0.91 21.26 -8.02 0.16
Pedestrian 0.00 0 -8.03 742.49 148.61 760.92 188.49 1.77 0.69 0.75 6.72 0.31 32.20 -7.82 0.16
Car 0.00 0 -7.40 433.00 147.78 478.75 171.91 1.54 1.65 3.66 -9.93 -0.68 49.29 -7.60 0.16
Cyclist 0.00 0 -6.01 444.20 158.42 500.56 208.38 1.63 0.76 1.71 -4.31 0.88 23.91 -6.19 0.16
Pedestrian 0.00 0 -5.86 454.98 164.41 497.58 237.51 1.64 0.59 0.79 -2.90 1.25 16.45 -6.04 0.14
Pedestrian 0.00 0 -5.56 389.74 166.27 455.20 266.03 1.56 0.65 0.81 -2.95 1.32 11.67 -5.80 0.14
Pedestrian 0.00 0 -5.02 899.78 150.75 930.12 208.58 1.73 0.65 0.72 9.49 0.81 21.82 -4.61 0.13
Cyclist 0.00 0 -8.58 680.62 153.66 719.49 195.22 1.69 0.61 1.74 4.09 0.56 30.03 -8.44 0.13
Pedestrian 0.00 0 -3.82 765.77 148.56 778.36 188.30 1.78 0.51 0.30 7.70 0.31 32.47 -3.59 0.12
Pedestrian 0.00 0 -4.20 792.84 152.41 817.89 207.36 1.81 0.62 0.55 6.82 0.85 24.10 -3.93 0.12
Pedestrian 0.00 0 -8.03 772.19 144.48 792.88 192.31 1.85 0.67 0.74 7.09 0.42 28.22 -7.78 0.11
Pedestrian 0.00 0 -5.11 965.26 133.29 1024.07 240.31 1.76 0.65 0.72 6.63 0.97 12.22 -4.61 0.11
Pedestrian 0.00 0 -7.00 485.77 159.33 507.94 201.54 1.65 0.59 0.64 -4.16 0.78 28.47 -7.14 0.11
Car 0.00 0 -7.89 449.84 148.79 478.66 176.13 1.55 1.59 3.79 -8.36 -0.34 43.62 -8.08 0.10
Car 0.00 0 -7.76 652.87 156.01 687.54 183.93 1.58 1.68 4.04 4.14 0.14 42.75 -7.66 0.10
Cyclist 0.00 0 -7.69 452.72 152.93 468.54 188.00 1.66 0.49 1.63 -6.82 0.31 34.80 -7.88 0.10
