Car 0.00 0 -7.70 411.55 180.07 509.73 251.12 1.49 1.62 4.34 -3.42 1.38 17.22 -7.89 0.95
Car 0.00 0 -7.85 558.48 175.51 626.55 238.53 1.54 1.67 3.37 -0.46 1.31 19.32 -7.88 0.95
Car 0.00 0 -7.56 257.08 190.98 471.81 316.39 1.41 1.69 4.42 -3.28 1.52 10.52 -7.86 0.93
Car 0.00 0 -7.47 268.23 178.75 382.40 235.63 1.45 1.60 4.02 -7.90 1.29 20.38 -7.84 0.89
Car 0.00 0 -7.53 342.62 177.62 395.59 206.18 1.47 1.60 3.80 -12.87 1.08 38.88 -7.85 0.87
Car 0.00 0 -7.79 397.54 172.38 441.62 210.26 1.59 1.65 4.03 -8.44 1.05 32.37 -8.04 0.60
Car 0.00 0 -7.72 451.59 173.43 485.56 199.03 1.55 1.60 3.78 -8.78 0.84 45.45 -7.91 0.59
Car 0.00 0 -7.77 257.80 181.63 308.41 218.85 1.37 1.53 3.38 -12.74 1.24 28.27 -8.19 0.57
Car 0.00 0 -4.68 515.88 175.12 552.52 208.86 1.49 1.59 3.72 -3.43 1.04 33.64 -4.78 0.54
Car 0.00 0 -7.70 467.05 175.78 534.03 224.89 1.52 1.62 4.24 -3.57 1.23 24.34 -7.85 0.53
Car 0.00 0 -5.41 1212.31 159.83 1240.00 375.00 1.55 1.57 3.72 6.25 1.45 5.03 -4.52 0.18
Car 0.00 0 -7.92 625.61 172.63 663.30 205.85 1.60 1.65 4.32 1.79 0.99 36.73 -7.87 0.18
Car 0.00 0 -4.50 389.45 173.87 425.96 197.26 1.56 1.60 4.15 -13.93 0.81 50.18 -4.77 0.14
Car 0.00 0 -3.51 0.00 199.12 36.99 375.63 1.45 1.54 4.02 -9.43 1.66 8.40 -4.36 0.13
Car 0.00 0 -4.95 680.55 172.72 733.01 206.89 1.55 1.60 3.99 4.67 0.98 34.61 -4.81 0.11
Car 0.00 0 -4.50 371.42 177.86 404.66 200.20 1.63 1.62 3.94 -16.66 1.10 54.59 -4.79 0.11
Car 0.00 0 -4.65 435.05 171.35 457.68 191.15 1.59 1.60 3.73 -13.40 0.48 59.77 -4.87 0.11
Pedestrian 0.00 0 -5.63 0.00 193.29 23.09 375.00 1.64 0.61 0.61 -2.45 1.68 2.28 -6.45 0.10
