Car 0.00 0 -4.49 347.56 189.75 473.96 284.70 1.45 1.52 3.47 -3.60 1.81 13.41 -4.75 0.95
Car 0.00 0 -3.33 402.56 185.07 492.37 217.67 1.51 1.67 4.17 -8.22 2.16 36.32 -3.55 0.93
Car 0.00 0 -7.98 517.53 184.29 551.02 210.79 1.48 1.58 3.74 -4.70 2.21 44.06 -8.08 0.66
Pedestrian 0.00 0 -7.95 145.07 169.22 196.06 294.10 1.88 0.61 0.74 -6.95 1.82 11.32 -8.50 0.35
Pedestrian 0.00 0 -8.62 840.99 149.13 910.30 272.21 1.93 0.65 0.86 4.30 1.56 11.84 -8.28 0.20
Pedestrian 0.00 0 -5.54 665.39 174.66 684.58 208.58 1.90 0.59 0.93 3.65 2.00 40.93 -5.45 0.17
Car 0.00 0 -8.06 479.01 184.62 516.69 211.19 1.48 1.54 3.69 -6.89 2.22 43.84 -8.21 0.14
Car 0.00 0 -4.95 454.67 183.73 499.17 212.81 1.53 1.60 4.11 -7.79 2.19 41.80 -5.13 0.14
Pedestrian 0.00 0 -7.95 330.93 176.37 347.44 218.28 1.97 0.68 0.59 -12.95 2.14 34.39 -8.31 0.11
Pedestrian 0.00 0 -7.93 961.56 142.21 1006.83 257.72 1.97 0.65 0.90 6.58 1.44 12.82 -7.45 0.11
