Car 0.00 0 -4.44 461.83 171.61 547.28 228.42 1.66 1.68 4.08 -3.32 1.62 23.19 -4.58 0.84
Car 0.00 0 -4.42 531.99 178.29 598.66 216.02 1.45 1.63 4.38 -1.86 1.70 30.77 -4.48 0.74
Cyclist 0.00 0 -7.92 699.03 165.55 717.83 217.46 1.82 0.55 1.81 3.53 1.57 26.25 -7.79 0.73
Car 0.00 0 -6.65 692.35 173.42 803.59 211.44 1.49 1.68 4.15 5.58 1.52 29.56 -6.47 0.43
Car 0.00 0 -4.52 614.54 174.84 650.27 199.79 1.53 1.57 4.04 1.47 1.67 46.85 -4.49 0.40
Car 0.00 0 -4.05 0.00 218.57 212.44 374.00 1.53 1.60 3.84 -3.14 1.84 2.76 -4.90 0.37
Pedestrian 0.00 0 -5.58 243.49 169.24 300.79 251.98 1.79 0.57 1.03 -7.56 1.71 16.04 -6.02 0.30
Pedestrian 0.00 0 -3.77 1122.41 151.68 1179.63 238.58 1.74 0.62 0.71 11.01 1.32 14.77 -3.13 0.26
Car 0.00 0 -4.91 683.83 173.32 708.03 189.96 1.55 1.59 3.82 8.22 1.60 69.46 -4.79 0.16
Pedestrian 0.00 0 -3.74 745.03 163.80 763.67 199.28 1.94 0.62 0.80 7.93 1.44 39.80 -3.55 0.14
Pedestrian 0.00 0 -5.51 1133.45 149.33 1241.00 304.05 1.77 0.66 0.81 6.89 1.50 8.68 -4.84 0.14
Car 0.00 0 -5.21 558.84 175.06 608.61 200.02 1.49 1.53 3.75 -1.73 1.64 45.46 -5.24 0.11
Pedestrian 0.00 0 -3.21 436.74 175.32 455.14 221.12 1.61 0.56 0.60 -5.90 1.70 25.72 -3.43 0.10
