Car 0.00 0 -4.37 132.94 194.09 405.80 373.97 1.53 1.62 4.01 -3.76 1.84 8.66 -4.78 0.95
Car 0.00 0 -4.47 350.55 175.77 485.48 277.88 1.76 1.68 4.14 -3.75 1.83 14.63 -4.72 0.93
Car 0.00 0 -4.64 507.54 181.69 554.25 217.98 1.43 1.73 4.27 -3.44 1.85 31.69 -4.75 0.83
Car 0.00 0 -2.58 336.99 177.07 449.48 226.66 1.77 1.73 3.74 -8.24 1.94 27.37 -2.87 0.34
Pedestrian 0.00 0 -3.93 157.71 178.23 230.51 280.17 1.82 0.60 1.07 -7.83 1.92 13.52 -4.45 0.21
Pedestrian 0.00 0 -8.43 826.23 166.56 862.12 237.14 1.85 0.61 0.74 6.21 1.68 19.30 -8.12 0.16
Car 0.00 0 -7.57 301.40 187.69 351.05 217.16 1.52 1.65 3.73 -16.12 2.40 41.06 -7.95 0.15
Car 0.00 0 -7.86 650.52 168.07 668.61 186.08 1.64 1.64 3.98 4.62 1.20 67.65 -7.79 0.13
Pedestrian 0.00 0 -3.64 817.21 162.64 830.31 214.58 1.90 0.46 0.28 7.84 1.53 26.63 -3.35 0.11
Cyclist 0.00 0 -6.42 476.08 186.07 504.65 213.95 1.68 0.74 1.66 -7.45 2.51 44.73 -6.59 0.11
Pedestrian 0.00 0 -4.59 951.44 130.17 1071.30 374.00 1.88 0.62 0.86 2.71 1.62 4.94 -4.09 0.10
Pedestrian 0.00 0 -3.51 850.31 129.50 1003.61 374.00 1.92 0.63 0.98 2.49 1.59 5.88 -3.11 0.10
