Car 0.00 0 -4.50 391.74 180.49 446.27 215.31 1.52 1.68 4.19 -9.12 1.91 34.59 -4.76 0.90
Car 0.00 0 -7.84 585.90 176.72 611.33 201.28 1.56 1.64 4.29 -0.76 1.84 48.78 -7.85 0.85
Car 0.00 0 -4.54 393.48 181.52 454.13 224.17 1.50 1.63 4.04 -7.25 1.86 28.26 -4.79 0.33
Cyclist 0.00 0 -7.83 826.73 157.00 833.68 185.05 1.67 0.37 1.61 13.31 0.73 43.70 -7.53 0.17
Pedestrian 0.00 0 -3.86 1075.36 157.45 1100.66 225.49 1.82 0.51 0.32 12.95 1.41 19.62 -3.28 0.17
Pedestrian 0.00 0 -8.13 1028.95 130.61 1096.53 260.66 1.83 0.61 0.94 6.63 1.24 10.69 -7.58 0.17
Cyclist 0.00 0 -3.35 1233.62 152.83 1241.00 203.06 1.82 0.70 1.69 24.33 1.09 26.83 -2.61 0.13
Car 0.00 0 -4.65 439.97 181.15 476.89 213.25 1.45 1.56 3.84 -7.46 1.88 35.59 -4.86 0.13
Pedestrian 0.00 0 -3.96 1072.92 135.30 1177.41 293.15 1.76 0.61 0.80 5.93 1.34 8.41 -3.34 0.12
Cyclist 0.00 0 -2.15 367.26 176.96 393.60 208.38 1.80 0.65 1.70 -13.54 2.05 42.44 -2.46 0.12
Pedestrian 0.00 0 -8.25 822.09 163.89 862.22 238.17 1.69 0.59 0.89 5.37 1.49 16.89 -7.95 0.11
Pedestrian 0.00 0 -4.46 1154.93 124.12 1241.00 299.30 1.77 0.60 0.77 6.30 1.28 7.75 -3.78 0.11
