Pedestrian 0.00 0 -6.23 515.48 161.86 615.53 333.82 1.73 0.53 1.01 -0.45 1.55 7.39 -6.29 0.81
Car 0.00 0 -8.94 1095.28 192.27 1223.00 369.00 1.47 1.54 3.13 4.98 1.57 4.31 -8.09 0.25
Pedestrian 0.00 0 -4.25 853.98 161.32 911.14 267.29 1.71 0.64 0.73 4.63 1.41 11.91 -3.88 0.19
Pedestrian 0.00 0 -7.84 262.41 163.60 299.53 258.54 1.77 0.64 0.87 -6.32 1.46 13.70 -8.27 0.18
Pedestrian 0.00 0 -5.15 975.67 209.47 1082.79 369.00 1.29 0.43 0.72 3.13 1.53 5.36 -4.62 0.18
Pedestrian 0.00 0 -4.38 0.00 172.39 50.62 259.11 1.68 0.63 0.77 -11.70 1.53 14.19 -5.07 0.18
Pedestrian 0.00 0 -5.55 630.76 170.48 680.82 261.07 1.59 0.54 0.74 0.88 1.42 12.90 -5.49 0.17
Pedestrian 0.00 0 -4.53 663.23 145.14 677.09 177.12 1.78 0.66 0.71 3.66 -0.19 39.82 -4.44 0.16
Car 0.00 0 -5.63 0.00 180.87 130.67 224.59 1.53 1.68 4.39 -20.00 1.55 25.65 -6.29 0.14
Pedestrian 0.00 0 -7.82 218.41 162.76 255.35 256.18 1.79 0.63 0.84 -7.35 1.45 14.06 -8.30 0.12
Pedestrian 0.00 0 -4.80 690.33 166.89 722.67 252.67 1.71 0.58 0.82 2.03 1.44 14.49 -4.66 0.12
Pedestrian 0.00 0 -5.13 937.62 165.90 995.63 268.45 1.63 0.60 0.74 5.89 1.40 11.63 -4.66 0.12
Pedestrian 0.00 0 -8.12 837.15 168.27 869.69 234.61 1.64 0.61 0.71 6.21 1.34 17.81 -7.78 0.11
Car 0.00 0 -7.79 0.00 174.17 42.61 207.26 1.44 1.58 3.83 -27.17 1.16 32.72 -8.48 0.11
Pedestrian 0.00 0 -4.70 754.64 167.66 785.29 254.55 1.69 0.58 0.82 3.29 1.45 14.24 -4.47 0.11
Pedestrian 0.00 0 -5.82 1013.04 160.57 1082.23 267.78 1.69 0.60 0.78 7.25 1.38 11.66 -5.26 0.11
