Car 0.00 0 -7.51 221.58 186.28 483.34 359.55 1.50 1.61 3.89 -2.74 1.69 8.50 -7.83 0.97
Car 0.00 0 -7.96 701.63 182.30 782.02 260.25 1.55 1.47 2.33 2.77 1.77 15.82 -7.79 0.88
Car 0.00 0 -4.54 520.27 173.37 579.92 221.16 1.73 1.68 3.90 -2.30 1.75 28.15 -4.62 0.82
Car 0.00 0 -2.84 327.05 175.48 475.12 228.47 1.55 1.58 4.05 -6.34 1.63 22.01 -3.12 0.81
Car 0.00 0 -7.89 686.70 184.21 749.86 242.08 1.45 1.64 3.66 2.99 1.81 20.78 -7.75 0.80
Car 0.00 0 -4.80 649.87 177.73 677.63 199.68 1.52 1.66 4.15 3.88 1.89 52.99 -4.73 0.67
Car 0.00 0 -7.67 549.65 179.01 595.82 211.25 1.48 1.61 3.97 -1.84 1.81 36.01 -7.72 0.65
Pedestrian 0.00 0 -7.83 514.65 173.43 529.33 210.95 1.80 0.69 0.80 -4.30 1.82 34.96 -7.95 0.53
Pedestrian 0.00 0 -4.64 483.36 169.90 501.78 216.81 1.79 0.65 0.87 -4.59 1.68 28.00 -4.81 0.50
Pedestrian 0.00 0 -5.15 611.61 171.66 628.67 206.82 1.92 0.62 0.89 0.52 1.85 39.91 -5.14 0.49
Cyclist 0.00 0 -4.91 721.62 176.79 738.75 213.25 1.68 0.52 1.49 5.63 1.87 34.11 -4.74 0.38
Pedestrian 0.00 0 -4.70 502.40 171.98 517.31 214.04 1.81 0.63 0.91 -4.41 1.77 31.49 -4.84 0.36
Cyclist 0.00 0 -6.32 88.90 167.78 236.42 288.23 1.74 0.81 1.90 -7.01 1.66 11.28 -6.88 0.28
Pedestrian 0.00 0 -5.83 0.00 154.64 44.94 327.60 1.83 0.69 0.61 -6.89 1.64 8.06 -6.54 0.28
Car 0.00 0 -6.13 462.47 170.06 541.26 205.21 1.87 1.75 4.03 -5.89 1.73 39.35 -6.28 0.19
Pedestrian 0.00 0 -7.47 458.50 176.70 482.74 225.29 1.58 0.58 0.67 -4.65 1.71 23.84 -7.66 0.17
Pedestrian 0.00 0 -2.14 159.22 160.75 232.97 290.15 1.84 0.65 0.75 -6.19 1.67 10.70 -2.66 0.16
Pedestrian 0.00 0 -4.62 90.97 164.60 149.72 301.46 1.81 0.61 0.76 -6.85 1.71 10.04 -5.22 0.14
Pedestrian 0.00 0 -2.06 8.87 164.88 87.90 297.08 1.75 0.64 0.63 -7.81 1.65 9.98 -2.72 0.12
Pedestrian 0.00 0 -5.53 7.99 162.89 76.71 266.78 1.76 0.53 0.79 -9.89 1.59 12.52 -6.20 0.12
Cyclist 0.00 0 -5.14 742.70 177.09 771.81 223.10 1.64 0.46 1.53 5.40 1.81 26.73 -4.94 0.12
Pedestrian 0.00 0 -6.74 699.68 175.61 714.03 201.34 1.73 0.69 0.74 6.54 1.92 48.96 -6.61 0.12
Pedestrian 0.00 0 -3.78 1096.32 159.41 1240.40 370.43 1.79 0.63 0.79 4.89 1.67 6.43 -3.13 0.11
