Car 0.00 0 -4.31 179.16 191.53 440.61 337.61 1.50 1.74 4.39 -3.91 1.82 10.20 -4.68 0.97
Car 0.00 0 -4.54 387.30 182.74 490.30 258.61 1.50 1.63 4.24 -3.93 1.76 17.00 -4.76 0.94
Car 0.00 0 -7.81 602.99 176.27 646.72 218.06 1.54 1.60 3.48 0.60 1.69 28.70 -7.79 0.90
Car 0.00 0 -4.59 479.02 180.27 531.93 220.97 1.47 1.62 4.05 -4.15 1.79 28.88 -4.74 0.85
Car 0.00 0 -4.54 520.23 174.80 555.53 200.56 1.49 1.50 3.90 -4.39 1.62 44.07 -4.64 0.65
Car 0.00 0 -7.09 1030.01 182.61 1241.00 374.00 1.49 1.63 4.29 5.37 1.57 4.79 -6.25 0.45
Pedestrian 0.00 0 -4.26 905.12 140.77 1029.40 369.98 1.88 0.64 0.99 3.16 1.62 6.48 -3.81 0.17
Pedestrian 0.00 0 -5.61 473.57 173.86 490.43 207.00 1.73 0.65 0.61 -6.82 1.79 38.22 -5.79 0.16
Pedestrian 0.00 0 -4.14 765.34 161.92 794.83 231.38 1.92 0.63 0.52 4.74 1.62 20.32 -3.91 0.15
Cyclist 0.00 0 -7.92 673.57 171.40 684.15 205.33 1.65 0.41 1.65 3.38 1.58 35.87 -7.83 0.14
Pedestrian 0.00 0 -6.30 892.43 150.54 900.45 199.04 1.86 0.50 0.28 11.04 1.00 27.93 -5.92 0.13
Pedestrian 0.00 0 -6.23 817.98 169.04 848.51 269.09 1.74 0.63 0.49 3.95 1.67 12.92 -5.93 0.13
Pedestrian 0.00 0 -7.88 498.82 168.50 508.80 196.75 1.81 0.62 0.66 -6.89 1.53 46.56 -8.03 0.12
Pedestrian 0.00 0 -3.71 677.39 173.16 696.68 214.21 1.69 0.51 0.62 3.16 1.70 30.00 -3.60 0.12
Pedestrian 0.00 0 -8.12 912.11 157.91 954.45 246.59 1.87 0.70 0.59 6.89 1.55 15.52 -7.70 0.11
Car 0.00 0 -2.94 463.48 163.90 520.17 189.03 1.75 1.67 3.71 -8.39 1.13 51.21 -3.10 0.11
