Car 0.00 0 -6.89 949.28 184.40 1241.00 345.15 1.53 1.67 4.18 6.18 1.68 7.96 -6.23 0.96
Car 0.00 0 -5.40 0.00 182.17 141.02 374.00 1.56 1.66 4.36 -6.27 1.65 5.40 -6.26 0.95
Car 0.00 0 -8.63 928.58 213.41 1241.00 374.00 1.50 1.57 3.53 2.74 1.76 2.78 -7.85 0.94
Car 0.00 0 -2.84 219.18 184.32 416.76 255.00 1.56 1.66 4.06 -6.89 1.85 17.23 -3.22 0.93
Car 0.00 0 -2.41 0.00 191.56 188.84 341.12 1.43 1.53 4.02 -7.12 1.66 7.88 -3.15 0.91
Car 0.00 0 -2.59 0.00 193.78 323.96 308.35 1.44 1.57 4.28 -6.55 1.76 10.20 -3.17 0.91
Car 0.00 0 -2.64 99.06 190.96 364.82 282.23 1.46 1.56 3.87 -6.57 1.80 12.70 -3.12 0.91
Car 0.00 0 -6.71 825.04 190.59 1060.19 278.82 1.49 1.54 3.62 5.95 1.84 13.28 -6.29 0.91
Car 0.00 0 -6.62 728.18 192.86 870.12 243.20 1.37 1.50 3.75 5.46 1.98 21.23 -6.37 0.87
Car 0.00 0 -4.82 632.62 186.52 673.47 218.78 1.48 1.66 3.63 2.09 2.21 36.50 -4.77 0.87
Car 0.00 0 -6.09 409.35 189.69 503.03 225.05 1.44 1.55 3.70 -6.59 2.18 30.97 -6.30 0.83
Car 0.00 0 -6.63 810.35 191.71 1010.51 263.99 1.44 1.59 3.70 6.37 1.88 15.70 -6.25 0.83
Car 0.00 0 -6.86 884.96 188.53 1220.70 302.27 1.47 1.58 3.91 6.17 1.71 10.42 -6.32 0.80
Car 0.00 0 -3.57 758.19 189.98 946.71 253.41 1.48 1.57 4.30 6.07 1.95 18.43 -3.25 0.80
Car 0.00 0 -6.51 725.93 183.07 851.37 235.28 1.63 1.57 3.72 5.73 1.97 23.62 -6.27 0.67
Cyclist 0.00 0 -4.83 526.50 182.83 544.92 224.78 1.72 0.59 1.67 -3.23 2.16 30.90 -4.93 0.65
Car 0.00 0 -2.88 428.87 188.02 517.41 222.23 1.51 1.59 3.77 -6.38 2.24 33.62 -3.07 0.55
Car 0.00 0 -8.17 612.16 183.27 649.04 205.79 1.50 1.60 3.62 1.42 2.28 51.96 -8.14 0.52
Pedestrian 0.00 0 -4.40 979.40 157.77 1004.24 207.94 1.94 0.73 0.55 15.00 1.36 28.42 -3.92 0.49
Car 0.00 0 -2.91 460.08 183.48 532.94 210.67 1.61 1.66 4.18 -7.01 2.29 44.59 -3.06 0.47
Pedestrian 0.00 0 -5.09 1020.73 154.02 1053.30 212.56 1.98 0.73 0.77 14.68 1.35 24.89 -4.56 0.44
Pedestrian 0.00 0 -4.95 1213.11 155.09 1241.00 229.84 1.93 0.74 0.91 16.57 1.47 19.16 -4.24 0.43
Pedestrian 0.00 0 -7.83 1098.77 162.70 1116.03 212.40 1.80 0.51 0.34 18.20 1.44 26.47 -7.23 0.43
Car 0.00 0 -5.93 268.72 175.67 443.25 246.05 1.85 1.75 4.20 -6.95 1.93 19.90 -6.26 0.34
Car 0.00 0 -7.72 449.57 186.17 487.80 218.07 1.61 1.59 3.69 -7.80 2.38 39.90 -7.91 0.26
Car 0.00 0 -5.65 1189.44 178.26 1241.00 374.00 1.69 1.70 3.96 6.00 1.73 4.49 -4.72 0.26
Pedestrian 0.00 0 -6.12 187.53 161.28 212.19 210.53 1.86 0.64 0.73 -15.80 1.43 27.73 -6.64 0.22
Pedestrian 0.00 0 -7.90 151.94 169.12 173.31 215.95 1.74 0.66 0.54 -16.88 1.60 27.14 -8.45 0.20
Pedestrian 0.00 0 -7.56 1240.36 153.69 1241.00 226.09 1.96 0.63 0.62 17.96 1.45 20.01 -6.83 0.15
Car 0.00 0 -4.39 361.44 181.71 443.29 236.05 1.71 1.58 3.99 -7.24 2.05 25.37 -4.67 0.15
Pedestrian 0.00 0 -6.09 28.81 155.08 61.84 239.35 1.89 0.52 0.51 -12.97 1.49 16.51 -6.76 0.14
Car 0.00 0 -4.83 657.16 184.10 688.15 208.46 1.56 1.67 4.05 4.29 2.38 50.21 -4.75 0.14
Car 0.00 0 -7.86 501.39 184.58 526.35 209.17 1.53 1.61 3.86 -6.56 2.36 48.95 -7.99 0.11
Pedestrian 0.00 0 -7.35 1089.07 155.36 1111.98 212.03 1.85 0.57 0.27 16.20 1.28 23.89 -6.76 0.11
Car 0.00 0 -8.06 646.75 168.77 674.54 191.70 2.07 1.73 4.36 4.67 1.70 67.31 -7.99 0.11
