Car 0.00 0 -7.77 714.78 184.40 772.65 230.50 1.50 1.71 3.42 4.79 1.47 25.24 -7.58 0.97
Car 0.00 0 -4.14 0.00 212.79 19.18 292.89 1.38 1.57 3.90 -15.10 2.06 15.83 -4.90 0.75
Car 0.00 0 -4.65 792.95 181.06 819.17 202.57 1.50 1.61 3.82 14.39 1.21 52.12 -4.38 0.57
Pedestrian 0.00 0 -5.76 619.16 186.37 639.45 220.41 1.51 0.54 0.74 0.93 1.56 32.25 -5.73 0.31
Car 0.00 0 -4.58 311.68 188.63 354.02 219.54 1.60 1.65 4.24 -15.23 1.80 39.93 -4.94 0.21
Car 0.00 0 -2.39 266.82 189.37 411.39 243.87 1.50 1.65 4.02 -8.12 1.64 21.60 -2.75 0.21
Pedestrian 0.00 0 -8.03 891.65 169.80 914.92 223.91 1.94 0.67 0.74 10.73 1.39 26.21 -7.64 0.20
Car 0.00 0 -7.84 864.70 182.79 904.68 215.63 1.45 1.66 3.77 13.01 1.35 33.83 -7.48 0.15
Pedestrian 0.00 0 -4.29 456.41 175.65 488.73 235.85 1.82 0.64 0.98 -4.22 1.53 22.27 -4.47 0.14
Car 0.00 0 -4.93 689.62 179.63 729.75 205.07 1.59 1.71 4.26 6.61 1.24 47.17 -4.79 0.14
Pedestrian 0.00 0 -4.95 856.21 214.79 887.60 294.64 1.20 0.37 0.42 4.06 1.67 11.19 -4.60 0.13
Car 0.00 0 -4.50 830.79 181.01 869.01 205.39 1.62 1.69 4.16 16.86 1.34 50.00 -4.18 0.12
Car 0.00 0 -4.80 446.83 184.32 484.52 213.58 1.52 1.65 4.14 -7.89 1.47 39.53 -5.00 0.11
Car 0.00 0 -4.31 393.03 185.37 453.18 215.95 1.48 1.60 3.93 -9.44 1.49 36.94 -4.56 0.10
