Cyclist 0.00 0 -8.54 1182.31 136.60 1241.00 374.00 1.81 0.63 1.75 5.53 1.57 5.83 -7.78 0.88
Car 0.00 0 -4.54 503.23 175.94 540.16 204.58 1.82 1.75 4.27 -5.93 2.04 48.61 -4.66 0.69
Car 0.00 0 -7.85 669.69 178.75 695.33 202.69 1.54 1.68 4.09 4.96 1.97 49.68 -7.75 0.67
Car 0.00 0 -7.89 574.37 180.97 611.93 216.16 1.48 1.58 3.75 -0.86 1.87 33.13 -7.92 0.58
Pedestrian 0.00 0 -3.16 1170.35 160.01 1188.23 198.46 1.94 0.61 0.70 29.10 1.29 36.93 -2.50 0.29
Pedestrian 0.00 0 -1.94 222.26 187.06 369.20 374.00 1.78 0.62 0.71 -2.01 1.88 4.48 -2.36 0.17
Car 0.00 0 -4.67 544.96 180.51 563.70 197.47 1.52 1.61 4.19 -5.31 2.28 68.90 -4.75 0.17
Car 0.00 0 -4.71 888.09 143.54 914.37 167.12 1.58 1.68 3.95 20.75 -0.43 51.46 -4.32 0.12
Pedestrian 0.00 0 -7.62 948.68 166.35 970.35 210.83 1.93 0.77 0.48 15.35 1.65 31.78 -7.17 0.11
Car 0.00 0 -4.34 454.63 179.31 486.85 196.06 1.53 1.64 4.21 -13.43 2.17 69.70 -4.53 0.11
Car 0.00 0 -7.04 733.41 178.22 791.02 201.50 1.57 1.67 3.92 10.77 1.96 51.13 -6.83 0.11
Car 0.00 0 -6.51 563.43 181.39 679.79 223.78 1.49 1.64 4.10 0.36 1.82 27.06 -6.49 0.10
Car 0.00 0 -8.03 1025.78 168.31 1076.05 199.62 1.55 1.62 3.68 22.99 1.33 37.79 -7.48 0.10
