Car 0.00 0 -7.97 658.89 179.51 725.64 235.85 1.63 1.71 3.62 2.50 1.86 23.07 -7.86 0.97
Car 0.00 0 -4.36 128.19 189.39 477.67 374.00 1.52 1.73 4.62 -2.77 1.75 7.68 -4.70 0.95
Car 0.00 0 -4.56 486.04 185.67 552.51 238.88 1.49 1.57 3.36 -2.82 1.92 22.67 -4.68 0.92
Car 0.00 0 -5.39 831.49 208.04 1241.00 374.00 1.53 1.69 4.07 2.46 1.79 3.23 -4.74 0.92
Car 0.00 0 -5.06 752.89 185.55 990.79 352.57 1.54 1.52 3.42 2.81 1.73 8.66 -4.74 0.87
Car 0.00 0 -7.97 649.30 182.87 700.37 225.91 1.51 1.58 3.23 2.39 1.92 27.70 -7.88 0.62
Car 0.00 0 -4.51 544.95 184.14 579.08 209.24 1.51 1.51 3.69 -3.12 2.27 47.03 -4.58 0.61
Car 0.00 0 -7.96 642.04 180.25 688.03 219.93 1.65 1.67 3.87 2.40 2.01 32.72 -7.89 0.56
Car 0.00 0 -7.96 633.97 178.76 665.47 207.03 1.73 1.65 3.91 2.52 2.13 47.03 -7.90 0.46
Pedestrian 0.00 0 -7.31 896.89 168.76 951.37 267.61 1.83 0.58 0.90 5.98 1.75 13.84 -6.90 0.24
Pedestrian 0.00 0 -3.39 918.82 161.23 993.53 292.47 1.88 0.60 0.88 5.07 1.72 10.72 -2.95 0.17
Car 0.00 0 -8.87 1145.05 177.98 1241.00 374.00 1.64 1.70 4.29 5.94 1.69 4.60 -7.95 0.16
Pedestrian 0.00 0 -4.11 322.55 170.16 359.59 239.86 1.98 0.71 0.76 -7.85 1.90 20.95 -4.47 0.16
Pedestrian 0.00 0 -8.23 463.99 178.67 480.86 217.32 1.82 0.63 0.55 -6.61 2.10 34.48 -8.42 0.12
Pedestrian 0.00 0 -5.70 313.06 178.02 348.73 245.41 1.79 0.56 0.72 -7.62 1.94 19.59 -6.07 0.12
Pedestrian 0.00 0 -5.56 0.00 160.52 72.16 321.23 1.94 0.57 0.73 -7.33 1.79 8.99 -6.24 0.10
