Car 0.00 0 -4.36 147.41 188.16 485.18 374.00 1.50 1.63 3.79 -2.42 1.69 6.90 -4.69 0.96
Car 0.00 0 -4.53 539.45 180.71 606.57 227.35 1.38 1.58 3.77 -1.19 1.66 24.00 -4.58 0.94
Pedestrian 0.00 0 -5.21 873.58 160.68 903.30 211.91 1.91 0.69 0.93 10.51 1.45 27.38 -4.84 0.66
Car 0.00 0 -3.14 824.70 166.16 884.58 189.53 1.60 1.67 3.93 17.17 1.14 50.79 -2.81 0.37
Pedestrian 0.00 0 -2.81 256.88 160.54 291.43 220.62 1.93 0.62 0.87 -10.99 1.53 23.52 -3.25 0.30
Pedestrian 0.00 0 -3.61 659.28 169.56 674.70 203.61 1.71 0.56 0.59 2.86 1.55 36.65 -3.53 0.29
Pedestrian 0.00 0 -3.13 664.08 164.93 682.88 208.71 1.83 0.60 0.78 2.65 1.50 30.51 -3.04 0.26
Car 0.00 0 -6.02 359.45 182.20 462.40 215.80 1.53 1.67 4.41 -9.39 1.98 34.11 -6.29 0.21
Car 0.00 0 -7.28 532.53 175.85 596.44 205.60 1.47 1.59 3.72 -2.38 1.63 37.98 -7.34 0.19
Pedestrian 0.00 0 -2.86 955.83 164.29 982.19 213.09 1.71 0.59 0.71 12.77 1.41 25.75 -2.40 0.17
Car 0.00 0 -4.91 912.20 168.86 939.09 185.28 1.54 1.64 3.93 30.40 1.16 69.62 -4.50 0.17
Car 0.00 0 -4.80 918.33 171.17 949.36 194.90 1.55 1.59 3.81 21.99 1.44 49.16 -4.38 0.16
Car 0.00 0 -6.00 334.16 184.81 389.39 204.65 1.51 1.64 3.82 -19.60 2.47 57.00 -6.33 0.14
Car 0.00 0 -7.61 370.35 182.86 504.73 279.42 1.50 1.57 3.72 -3.09 1.71 13.43 -7.84 0.14
Pedestrian 0.00 0 -4.54 173.48 163.04 208.71 244.35 1.92 0.61 0.79 -10.20 1.69 17.50 -5.06 0.13
Pedestrian 0.00 0 -4.08 966.36 160.13 995.71 211.92 1.76 0.63 0.67 12.76 1.33 24.89 -3.60 0.12
Pedestrian 0.00 0 -8.22 1210.60 154.20 1241.00 231.73 1.63 0.54 0.60 13.33 1.24 15.51 -7.51 0.12
Cyclist 0.00 0 -6.74 535.40 169.54 579.58 215.54 1.76 0.66 1.60 -2.10 1.64 28.35 -6.82 0.10
Car 0.00 0 -4.44 681.96 172.25 720.73 194.32 1.54 1.72 4.31 6.68 1.50 52.63 -4.32 0.10
Cyclist 0.00 0 -2.04 0.00 165.10 3.04 301.10 1.79 0.59 1.86 -9.47 1.69 10.07 -2.80 0.10
