Car 0.00 0 -8.03 682.39 186.99 783.32 262.87 1.50 1.63 4.05 2.71 1.87 17.04 -7.87 0.98
Car 0.00 0 -4.51 346.61 196.70 495.75 314.35 1.45 1.56 3.67 -2.88 1.90 11.53 -4.75 0.93
Car 0.00 0 -7.77 516.15 188.76 562.61 228.32 1.44 1.61 3.81 -2.90 2.14 29.81 -7.87 0.92
Car 0.00 0 -7.95 671.50 188.99 737.19 243.32 1.45 1.63 3.94 2.80 2.00 22.48 -7.83 0.73
Car 0.00 0 -7.65 412.63 191.95 521.55 268.45 1.46 1.67 4.29 -3.26 1.97 17.00 -7.84 0.70
Car 0.00 0 -8.04 650.97 187.06 710.84 230.56 1.47 1.59 3.79 2.59 2.05 27.57 -7.94 0.68
Car 0.00 0 -8.01 646.19 182.58 695.77 223.61 1.67 1.65 3.64 2.61 2.13 32.12 -7.93 0.61
Car 0.00 0 -7.94 630.35 182.79 657.81 207.07 1.58 1.60 3.77 2.32 2.31 50.55 -7.89 0.61
Car 0.00 0 -7.74 470.29 189.29 511.36 219.63 1.41 1.67 4.03 -6.24 2.33 37.92 -7.90 0.41
Car 0.00 0 -4.80 554.08 185.32 586.88 215.84 1.57 1.53 3.67 -2.30 2.31 40.63 -4.85 0.40
Car 0.00 0 -4.83 622.26 182.27 644.96 200.38 1.49 1.54 4.03 2.03 2.35 63.61 -4.80 0.17
Pedestrian 0.00 0 -6.11 121.18 174.04 166.85 286.06 1.95 0.55 0.60 -8.39 1.97 12.93 -6.68 0.16
Pedestrian 0.00 0 -4.77 132.24 178.67 182.66 303.69 1.82 0.61 0.71 -6.98 1.92 11.03 -5.33 0.14
Cyclist 0.00 0 -6.41 433.68 181.16 481.50 231.11 1.88 0.71 1.74 -5.96 2.21 28.02 -6.62 0.12
Pedestrian 0.00 0 -2.28 143.72 176.52 219.58 308.99 1.83 0.56 0.79 -6.22 1.89 10.39 -2.82 0.12
