Car 0.00 0 -7.67 644.04 178.88 744.88 251.48 1.49 1.63 4.37 2.13 1.65 17.49 -7.55 0.96
Car 0.00 0 -7.97 888.37 170.93 1019.75 274.11 1.60 1.70 3.94 6.11 1.57 13.34 -7.54 0.94
Car 0.00 0 -7.66 689.91 179.03 768.53 233.43 1.47 1.63 4.14 3.73 1.68 22.28 -7.50 0.84
Car 0.00 0 -7.95 868.37 175.08 914.00 210.95 1.54 1.60 3.77 12.88 1.65 33.31 -7.58 0.82
Car 0.00 0 -4.77 777.34 173.91 806.32 199.32 1.61 1.64 4.01 12.05 1.69 48.10 -4.52 0.56
Pedestrian 0.00 0 -8.59 966.61 161.67 1013.26 236.11 1.89 0.71 0.81 9.83 1.60 18.78 -8.10 0.39
Pedestrian 0.00 0 -7.74 675.85 168.75 699.04 226.04 1.82 0.68 0.63 2.46 1.69 23.30 -7.63 0.29
Car 0.00 0 -8.01 883.02 178.41 974.89 245.00 1.48 1.54 3.71 7.92 1.63 18.30 -7.60 0.25
Pedestrian 0.00 0 -7.70 685.79 170.59 707.35 220.33 1.78 0.69 0.60 3.09 1.69 26.13 -7.59 0.23
Car 0.00 0 -4.73 866.05 174.11 894.04 200.27 1.56 1.57 4.06 16.92 1.64 45.39 -4.37 0.20
Car 0.00 0 -4.66 793.71 173.19 815.47 191.59 1.51 1.59 4.20 16.60 1.54 61.52 -4.40 0.15
Pedestrian 0.00 0 -5.48 356.88 152.15 441.43 301.98 1.84 0.62 0.87 -2.78 1.59 9.35 -5.77 0.15
Car 0.00 0 -4.60 752.19 172.33 776.92 191.92 1.60 1.60 4.12 13.08 1.55 61.03 -4.39 0.14
Pedestrian 0.00 0 -3.64 976.93 158.04 1011.58 220.61 1.93 0.62 0.75 11.97 1.47 22.57 -3.16 0.10
