Pedestrian 0.00 0 -4.55 252.01 185.35 301.49 297.82 1.71 0.60 0.78 -5.19 1.78 11.42 -4.98 0.89
Pedestrian 0.00 0 -3.56 758.43 158.19 841.74 304.53 1.83 0.64 0.86 2.53 1.54 9.38 -3.29 0.81
Pedestrian 0.00 0 -8.12 589.88 177.61 614.70 233.32 1.75 0.60 0.82 -0.00 1.63 23.08 -8.12 0.72
Pedestrian 0.00 0 -3.00 1017.21 144.41 1147.10 345.15 1.76 0.72 0.94 4.55 1.43 6.87 -2.41 0.71
Pedestrian 0.00 0 -5.23 1063.54 143.95 1138.64 265.66 1.79 0.61 0.82 7.58 1.24 10.99 -4.63 0.68
Pedestrian 0.00 0 -8.54 613.14 174.44 643.77 232.73 1.81 0.68 0.71 0.83 1.59 22.80 -8.50 0.64
Pedestrian 0.00 0 -4.56 340.62 185.14 369.27 251.24 1.71 0.59 0.89 -6.60 1.81 19.16 -4.89 0.63
Pedestrian 0.00 0 -4.70 129.99 178.72 242.60 373.00 1.81 0.77 0.95 -3.53 1.79 6.05 -5.23 0.58
Pedestrian 0.00 0 -3.33 123.90 186.40 179.26 268.72 1.75 0.67 0.93 -10.00 1.87 15.91 -3.89 0.58
Pedestrian 0.00 0 -5.75 637.84 170.01 685.27 260.41 1.83 0.63 0.78 1.22 1.60 15.06 -5.67 0.51
Cyclist 0.00 0 -4.40 499.05 177.93 533.85 235.67 1.84 0.63 1.78 -2.82 1.73 23.80 -4.52 0.45
Pedestrian 0.00 0 -3.93 234.92 190.34 279.79 283.96 1.62 0.52 0.51 -6.19 1.79 12.85 -4.38 0.44
Pedestrian 0.00 0 -5.95 498.86 176.81 512.75 200.03 1.85 0.49 1.00 -7.64 1.48 57.60 -6.09 0.41
Pedestrian 0.00 0 -6.47 883.61 161.38 925.52 237.69 1.87 0.65 0.86 7.57 1.38 18.05 -6.08 0.40
Pedestrian 0.00 0 -7.41 651.47 175.65 672.21 219.39 1.80 0.72 0.49 2.51 1.56 30.03 -7.32 0.38
Pedestrian 0.00 0 -4.87 304.41 197.14 321.81 241.31 1.35 0.43 0.50 -9.06 1.85 22.51 -5.25 0.37
Car 0.00 0 -4.54 436.44 177.55 505.95 236.99 1.88 1.65 4.27 -4.42 1.75 24.81 -4.72 0.36
Cyclist 0.00 0 -4.41 47.85 192.66 119.47 295.13 1.71 0.57 1.77 -9.46 1.93 13.13 -5.04 0.35
Cyclist 0.00 0 -5.03 691.86 179.76 731.46 245.69 1.61 0.51 1.64 2.77 1.57 18.43 -4.88 0.34
Pedestrian 0.00 0 -7.78 596.16 176.15 609.02 211.78 1.77 0.60 0.62 0.05 1.51 36.09 -7.78 0.34
Pedestrian 0.00 0 -4.05 598.74 177.39 620.81 217.93 1.78 0.66 0.76 0.36 1.60 32.11 -4.04 0.33
Car 0.00 0 -5.34 613.10 177.41 677.78 205.80 1.64 1.71 4.33 2.63 1.41 43.80 -5.28 0.28
Car 0.00 0 -3.24 0.00 197.98 10.54 256.96 1.43 1.70 4.47 -20.25 1.96 20.88 -4.01 0.26
Cyclist 0.00 0 -7.48 496.15 181.42 514.73 214.60 1.65 0.42 1.51 -4.87 1.64 36.45 -7.62 0.25
Pedestrian 0.00 0 -3.93 719.85 181.57 762.30 258.58 1.55 0.59 0.63 2.85 1.55 14.84 -3.74 0.25
Car 0.00 0 -4.67 248.43 190.15 306.31 241.50 1.48 1.57 3.96 -10.56 1.79 23.54 -5.10 0.25
Cyclist 0.00 0 -4.63 163.52 180.12 226.62 344.10 1.77 0.52 1.68 -4.90 1.76 8.65 -5.14 0.20
Pedestrian 0.00 0 -7.37 136.69 173.06 179.91 245.71 1.92 0.71 0.79 -11.98 1.70 19.39 -7.92 0.20
Pedestrian 0.00 0 -3.78 740.80 157.17 785.42 235.70 2.00 0.69 0.91 4.19 1.38 18.79 -3.56 0.18
Pedestrian 0.00 0 -4.79 104.72 176.76 138.57 253.55 1.94 0.67 0.84 -12.50 1.82 18.66 -5.38 0.18
Pedestrian 0.00 0 -7.08 1098.79 155.43 1166.90 261.01 1.61 0.60 0.62 8.30 1.21 11.28 -6.44 0.17
Pedestrian 0.00 0 -6.39 522.40 179.78 533.91 201.39 1.70 0.56 0.85 -5.77 1.56 56.75 -6.49 0.17
Car 0.00 0 -4.99 0.00 206.01 47.15 301.42 1.47 1.54 3.96 -12.36 2.00 13.64 -5.73 0.15
Car 0.00 0 -7.57 572.87 179.70 611.81 202.87 1.52 1.64 3.94 -0.57 1.40 49.27 -7.58 0.14
Car 0.00 0 -7.94 584.94 175.69 612.49 199.11 1.70 1.70 4.37 -0.23 1.28 54.50 -7.95 0.14
Pedestrian 0.00 0 -4.82 167.87 177.02 215.07 276.89 1.91 0.74 0.71 -8.19 1.83 14.27 -5.34 0.13
Pedestrian 0.00 0 -7.07 115.07 184.43 168.65 264.90 1.80 0.58 0.89 -10.63 1.87 16.58 -7.64 0.13
Pedestrian 0.00 0 -5.70 0.00 174.97 13.21 220.03 1.91 0.65 0.60 -25.79 1.63 30.81 -6.40 0.12
Car 0.00 0 -7.93 610.67 179.62 648.11 211.07 1.54 1.64 3.90 1.39 1.45 37.07 -7.89 0.12
Pedestrian 0.00 0 -3.33 759.84 154.99 798.20 237.25 2.03 0.69 0.82 4.43 1.38 18.07 -3.09 0.11
Car 0.00 0 -4.46 359.08 170.71 478.27 260.88 2.02 1.88 4.49 -4.51 1.78 18.33 -4.71 0.11
Pedestrian 0.00 0 -7.56 1094.54 141.72 1130.02 225.53 1.69 0.52 0.33 10.49 0.89 14.81 -6.94 0.11
Pedestrian 0.00 0 -3.44 669.74 168.95 695.13 213.65 1.94 0.61 0.97 3.54 1.40 31.58 -3.32 0.11
Car 0.00 0 -7.91 631.92 182.87 673.62 218.83 1.52 1.64 4.12 2.25 1.58 32.49 -7.84 0.10
Car 0.00 0 -8.17 638.60 179.17 689.97 210.31 1.54 1.58 3.75 3.22 1.43 37.52 -8.08 0.10
