Car 0.00 0 -4.50 481.54 186.84 531.99 220.61 1.54 1.68 4.26 -5.26 2.30 36.98 -4.64 0.89
Cyclist 0.00 0 -4.69 484.91 182.21 505.60 241.71 1.76 0.60 1.75 -3.62 2.07 22.55 -4.84 0.86
Car 0.00 0 -4.44 331.03 194.49 447.43 267.98 1.50 1.63 4.51 -5.46 2.11 18.28 -4.73 0.86
Cyclist 0.00 0 -4.49 318.77 179.10 407.96 349.42 1.81 0.60 1.94 -2.99 1.90 8.76 -4.81 0.81
Pedestrian 0.00 0 -6.05 709.32 165.06 737.09 222.81 1.99 0.66 0.84 3.94 1.73 25.38 -5.90 0.64
Cyclist 0.00 0 -4.32 236.94 188.66 356.77 359.27 1.72 0.56 1.99 -3.63 1.92 8.44 -4.72 0.60
Car 0.00 0 -6.21 639.16 181.66 713.89 213.21 1.57 1.69 3.78 3.47 2.05 37.71 -6.12 0.48
Car 0.00 0 -7.71 656.28 179.17 687.11 203.67 1.57 1.58 3.53 4.19 2.01 49.01 -7.62 0.44
Cyclist 0.00 0 -4.81 633.82 178.10 644.35 203.19 1.74 0.58 1.78 2.04 2.12 51.40 -4.77 0.35
Pedestrian 0.00 0 -4.86 1109.83 142.67 1206.32 332.08 1.72 0.63 0.86 5.29 1.45 7.08 -4.21 0.28
Pedestrian 0.00 0 -3.84 1025.81 121.62 1241.00 374.00 1.88 0.55 0.94 2.65 1.64 3.61 -3.20 0.23
Car 0.00 0 -4.44 519.31 185.19 558.97 210.14 1.49 1.58 3.93 -4.62 2.33 47.20 -4.54 0.22
Pedestrian 0.00 0 -2.75 336.52 173.94 368.53 237.49 2.04 0.71 0.77 -8.42 2.07 23.49 -3.09 0.21
Pedestrian 0.00 0 -3.66 334.24 179.23 362.56 237.31 1.91 0.62 0.68 -8.83 2.13 24.24 -4.01 0.20
Pedestrian 0.00 0 -4.49 979.62 154.36 1009.89 217.51 1.90 0.67 0.74 11.82 1.35 22.24 -4.00 0.20
Pedestrian 0.00 0 -4.57 1022.16 177.36 1057.75 249.95 1.44 0.55 0.60 8.74 1.53 14.75 -4.04 0.19
Pedestrian 0.00 0 -5.20 1211.48 133.14 1241.00 342.72 1.75 0.60 0.86 5.97 1.42 6.52 -4.46 0.13
