Car 0.00 0 -7.90 563.62 188.44 701.03 307.28 1.35 1.58 3.46 0.19 1.40 9.99 -7.88 0.95
Car 0.00 0 -7.88 574.22 170.00 652.35 243.58 1.54 1.64 3.96 0.01 1.22 17.04 -7.88 0.80
Car 0.00 0 -7.78 674.92 163.09 701.54 187.20 1.77 1.73 4.22 6.19 0.15 55.12 -7.67 0.39
Car 0.00 0 -8.06 416.17 176.66 445.90 194.76 1.44 1.61 3.82 -14.58 0.76 59.12 -8.31 0.26
Car 0.00 0 -7.45 546.84 171.44 585.47 191.55 1.51 1.63 3.88 -3.22 0.48 56.13 -7.51 0.25
Car 0.00 0 -7.95 562.14 170.75 618.46 216.91 1.48 1.57 3.83 -0.72 1.02 25.07 -7.98 0.24
Cyclist 0.00 0 -2.84 501.33 170.20 551.87 213.63 1.64 0.73 1.79 -3.15 1.07 27.61 -2.95 0.19
Cyclist 0.00 0 -7.42 0.00 168.40 13.26 234.99 1.70 0.33 1.68 -16.60 1.27 19.24 -8.13 0.17
Cyclist 0.00 0 -8.06 370.21 170.76 385.24 204.49 1.68 0.41 1.59 -11.76 0.96 36.63 -8.37 0.17
Car 0.00 0 -4.57 712.03 166.60 740.97 188.78 1.71 1.73 4.12 9.55 0.28 57.67 -4.41 0.16
Car 0.00 0 -7.58 487.18 171.71 517.63 190.33 1.58 1.61 4.01 -9.20 0.43 62.99 -7.72 0.15
Car 0.00 0 -7.44 568.18 170.62 618.72 196.42 1.50 1.64 3.93 -0.84 0.65 43.79 -7.46 0.14
Pedestrian 0.00 0 -3.67 613.28 163.63 625.32 199.25 1.83 0.57 0.39 0.57 0.72 37.30 -3.66 0.13
Cyclist 0.00 0 -5.16 893.99 165.60 934.02 220.62 1.67 0.55 1.53 9.56 1.07 22.57 -4.76 0.11
Car 0.00 0 -7.85 654.42 169.60 675.91 190.43 1.65 1.70 4.20 4.71 0.41 59.04 -7.77 0.11
