Car 0.00 0 -7.93 594.98 177.70 625.91 203.72 1.55 1.66 4.01 -0.04 1.87 45.80 -7.93 0.86
Car 0.00 0 -4.62 445.62 181.48 480.14 209.92 1.49 1.55 4.01 -8.40 2.01 41.24 -4.82 0.67
Car 0.00 0 -4.37 383.12 183.49 429.46 210.57 1.44 1.49 3.51 -11.75 2.09 41.69 -4.65 0.62
Pedestrian 0.00 0 -6.90 1073.06 153.00 1148.44 249.46 1.82 0.64 1.01 9.59 1.44 13.91 -6.30 0.50
Car 0.00 0 -4.73 499.41 178.76 517.94 196.90 1.55 1.58 3.91 -9.16 2.09 64.89 -4.87 0.47
Pedestrian 0.00 0 -4.44 822.71 162.60 850.37 220.72 1.94 0.71 0.79 7.67 1.59 24.55 -4.13 0.40
Pedestrian 0.00 0 -7.47 803.89 174.73 824.55 213.07 1.78 0.72 0.73 9.62 1.87 34.12 -7.20 0.20
Car 0.00 0 -4.41 301.37 185.19 413.65 251.68 1.55 1.71 4.17 -6.80 1.93 19.75 -4.74 0.17
Car 0.00 0 -8.34 1175.20 127.51 1241.00 164.34 1.49 1.63 3.67 27.05 -0.40 32.11 -7.64 0.17
Cyclist 0.00 0 -7.59 748.59 171.86 761.17 197.95 1.68 0.39 1.68 9.48 1.62 47.31 -7.40 0.16
Car 0.00 0 -8.04 781.72 176.20 825.70 206.04 1.53 1.65 3.79 10.46 1.72 39.32 -7.78 0.16
Car 0.00 0 -7.66 435.15 181.53 487.40 220.32 1.56 1.59 3.65 -6.51 1.96 31.69 -7.87 0.14
Pedestrian 0.00 0 -4.71 895.34 175.97 913.76 225.67 1.52 0.53 0.59 9.15 1.62 22.53 -4.32 0.11
Pedestrian 0.00 0 -6.53 875.11 168.97 899.54 220.95 1.70 0.56 0.63 9.12 1.57 23.85 -6.17 0.11
Car 0.00 0 -7.82 633.53 174.15 651.82 191.57 1.56 1.58 4.04 3.05 1.69 67.15 -7.78 0.11
Cyclist 0.00 0 -7.73 496.10 180.20 506.38 210.34 1.58 0.36 1.60 -5.90 1.98 38.94 -7.88 0.11
Cyclist 0.00 0 -4.81 838.90 174.00 855.77 217.32 1.64 0.46 1.77 9.27 1.69 28.34 -4.49 0.10
