Pedestrian 0.00 0 -8.41 1171.30 168.16 1207.52 227.14 1.77 0.66 0.56 17.57 1.63 21.95 -7.74 0.21
Car 0.00 0 -5.02 1092.35 193.66 1144.84 219.87 1.50 1.61 4.12 32.97 2.91 46.93 -4.41 0.21
Car 0.00 0 -4.69 742.50 181.28 765.71 206.23 1.80 1.66 4.12 11.16 2.48 55.83 -4.49 0.18
Pedestrian 0.00 0 -7.97 991.98 180.72 1009.51 220.23 1.82 0.65 0.63 18.23 2.19 33.74 -7.47 0.18
Pedestrian 0.00 0 -5.48 965.75 175.71 992.31 225.44 1.83 0.59 0.66 13.73 1.93 26.94 -5.01 0.16
Car 0.00 0 -4.99 607.64 183.76 648.77 208.05 1.47 1.65 4.24 1.13 2.23 48.01 -4.96 0.14
Cyclist 0.00 0 -3.45 885.84 178.37 930.92 219.13 1.84 0.68 1.79 13.62 2.09 33.06 -3.06 0.14
Pedestrian 0.00 0 -2.67 517.46 193.27 665.66 374.00 1.71 0.55 0.75 -0.16 1.85 4.47 -2.71 0.13
Pedestrian 0.00 0 -6.27 1053.56 176.91 1075.12 227.67 1.97 0.75 0.71 17.96 2.13 28.58 -5.71 0.13
Pedestrian 0.00 0 -3.19 912.36 176.29 931.47 221.09 1.79 0.64 0.68 12.63 1.93 29.31 -2.79 0.12
Cyclist 0.00 0 -7.81 789.25 180.65 796.86 210.08 1.64 0.36 1.55 10.46 2.09 41.36 -7.56 0.12
Pedestrian 0.00 0 -7.19 1141.21 162.74 1176.85 221.91 1.82 0.67 0.58 17.10 1.51 22.54 -6.54 0.11
Pedestrian 0.00 0 -7.14 168.95 173.32 359.59 374.00 1.81 0.64 0.58 -1.77 1.81 3.62 -7.60 0.10
