Car 0.00 0 -6.43 668.90 177.91 765.70 210.98 1.45 1.65 4.14 4.77 1.68 32.69 -6.28 0.88
Car 0.00 0 -6.24 645.79 176.20 699.11 195.38 1.42 1.62 3.97 4.73 1.67 54.66 -6.16 0.70
Car 0.00 0 -3.09 486.76 180.71 621.50 231.67 1.49 1.67 3.99 -1.72 1.74 22.24 -3.17 0.19
Cyclist 0.00 0 -5.03 677.60 171.21 704.43 218.89 1.75 0.53 1.61 3.02 1.69 27.38 -4.92 0.18
Pedestrian 0.00 0 -5.69 0.00 150.67 44.82 288.89 1.91 0.61 0.86 -8.79 1.60 10.30 -6.40 0.14
Pedestrian 0.00 0 -8.13 1026.25 164.14 1052.83 215.96 1.87 0.66 0.74 15.68 1.55 26.43 -7.60 0.13
Car 0.00 0 -7.89 1078.22 139.43 1116.53 170.15 1.67 1.67 3.89 28.04 -0.16 41.64 -7.30 0.12
Pedestrian 0.00 0 -5.57 679.89 164.26 696.45 196.41 1.99 0.57 0.87 4.85 1.45 45.07 -5.46 0.12
Pedestrian 0.00 0 -5.76 202.90 155.52 258.78 247.79 1.95 0.64 0.86 -8.22 1.58 15.56 -6.24 0.11
Pedestrian 0.00 0 -3.13 268.49 180.14 398.09 374.00 1.77 0.61 0.71 -1.79 1.82 4.53 -3.51 0.10
Pedestrian 0.00 0 -3.15 797.00 171.05 811.89 207.13 1.76 0.59 0.70 9.57 1.68 35.66 -2.89 0.10
