Car 0.00 0 -6.69 329.28 178.93 462.15 226.54 1.44 1.60 3.88 -6.72 1.36 23.57 -6.96 0.92
Car 0.00 0 -7.75 553.02 169.55 588.77 199.25 1.60 1.64 3.62 -1.68 0.96 40.56 -7.79 0.85
Car 0.00 0 -6.02 0.00 179.01 158.63 246.98 1.62 1.72 4.46 -14.36 1.56 18.78 -6.67 0.84
Cyclist 0.00 0 -4.56 379.90 173.20 400.55 214.81 1.66 0.59 1.52 -8.65 1.33 29.39 -4.85 0.36
Car 0.00 0 -5.10 531.53 169.26 571.18 192.97 1.71 1.65 3.81 -3.78 0.83 54.01 -5.17 0.24
Car 0.00 0 -7.76 605.87 167.37 629.99 188.71 1.79 1.70 4.33 1.50 0.60 62.35 -7.74 0.21
Car 0.00 0 -7.63 582.42 172.22 608.80 189.37 1.51 1.59 3.87 -0.46 0.70 65.42 -7.64 0.21
Pedestrian 0.00 0 -3.37 1016.21 148.39 1086.10 267.36 1.69 0.60 0.76 6.60 1.22 10.64 -2.82 0.18
Car 0.00 0 -8.37 957.93 127.02 1047.33 166.45 1.50 1.64 3.84 17.02 -0.68 30.71 -7.87 0.14
Car 0.00 0 -4.54 448.65 177.42 487.85 202.54 1.44 1.66 4.00 -7.96 1.21 43.26 -4.72 0.14
Cyclist 0.00 0 -6.24 79.61 177.44 114.48 207.94 1.73 0.67 1.62 -29.02 1.50 41.36 -6.85 0.13
Car 0.00 0 -7.69 480.55 177.46 522.31 207.73 1.40 1.50 3.31 -4.83 1.22 34.93 -7.83 0.13
Cyclist 0.00 0 -6.23 109.62 174.68 155.36 212.55 1.73 0.70 1.76 -21.95 1.42 33.64 -6.81 0.12
Pedestrian 0.00 0 -7.64 1129.59 126.43 1150.66 166.91 1.75 0.65 0.51 23.79 -0.65 31.74 -7.00 0.12
Pedestrian 0.00 0 -8.46 668.77 170.06 688.94 211.12 1.70 0.66 0.52 3.22 1.22 30.05 -8.35 0.11
Cyclist 0.00 0 -8.18 1230.65 114.23 1237.00 167.76 1.78 0.50 1.69 22.78 -0.50 25.27 -7.45 0.11
Pedestrian 0.00 0 -5.76 697.78 160.95 731.76 214.89 1.84 0.57 1.03 3.93 1.14 25.08 -5.60 0.10
Cyclist 0.00 0 -8.30 957.00 139.98 975.67 167.26 1.69 0.40 1.64 23.46 -0.93 46.18 -7.83 0.10
