Car 0.00 0 -4.57 488.59 172.27 569.65 233.14 1.53 1.68 4.09 -1.95 1.30 20.18 -4.66 0.91
Pedestrian 0.00 0 -8.09 551.32 172.18 627.02 314.86 1.63 0.73 0.89 -0.21 1.53 8.75 -8.11 0.85
Pedestrian 0.00 0 -6.05 713.46 158.71 816.12 343.06 1.72 0.55 0.90 1.58 1.51 7.15 -5.83 0.82
Pedestrian 0.00 0 -2.87 690.99 162.20 755.86 266.58 1.72 0.67 0.95 2.05 1.40 12.31 -2.71 0.80
Pedestrian 0.00 0 -8.77 858.35 163.95 1007.22 373.00 1.62 0.69 0.87 2.64 1.49 5.89 -8.35 0.78
Pedestrian 0.00 0 -5.11 652.89 161.31 708.32 275.79 1.75 0.61 0.81 1.21 1.44 11.45 -5.01 0.78
Pedestrian 0.00 0 -8.56 894.06 156.98 1116.05 373.00 1.72 0.75 0.94 2.36 1.59 4.39 -8.07 0.77
Pedestrian 0.00 0 -5.14 763.52 170.92 841.21 326.70 1.61 0.55 0.74 2.13 1.51 7.85 -4.88 0.74
Pedestrian 0.00 0 -5.31 606.10 161.87 638.90 217.86 1.78 0.65 0.94 0.66 1.16 23.41 -5.28 0.73
Pedestrian 0.00 0 -4.37 782.34 162.36 856.13 300.08 1.68 0.65 0.91 2.79 1.45 9.31 -4.08 0.67
Pedestrian 0.00 0 -8.50 555.25 166.99 603.74 258.58 1.72 0.72 0.61 -0.47 1.45 13.95 -8.54 0.64
Pedestrian 0.00 0 -4.52 187.96 160.33 233.98 254.92 1.80 0.66 0.80 -7.72 1.40 14.15 -5.02 0.63
Pedestrian 0.00 0 -5.02 632.00 162.72 657.91 213.84 1.78 0.65 0.98 1.52 1.13 25.55 -4.96 0.53
Cyclist 0.00 0 -5.05 411.72 167.16 474.77 266.16 1.73 0.58 1.82 -3.03 1.48 13.46 -5.27 0.52
Pedestrian 0.00 0 -4.98 651.12 163.28 672.24 212.70 1.74 0.57 0.78 2.13 1.10 25.74 -4.90 0.50
Pedestrian 0.00 0 -8.56 722.50 162.84 799.36 298.71 1.72 0.71 0.71 2.08 1.49 9.59 -8.35 0.42
Pedestrian 0.00 0 -5.09 562.39 168.44 609.17 267.81 1.68 0.62 0.64 -0.32 1.46 12.59 -5.12 0.38
Pedestrian 0.00 0 -5.44 160.14 163.93 224.59 261.35 1.73 0.61 0.86 -7.54 1.42 13.19 -5.96 0.36
Pedestrian 0.00 0 -4.28 687.89 159.86 714.62 215.81 1.79 0.67 0.62 3.24 1.10 23.47 -4.15 0.30
Pedestrian 0.00 0 -4.89 220.71 175.97 331.80 373.00 1.59 0.68 0.89 -2.75 1.55 5.94 -5.32 0.27
Pedestrian 0.00 0 -3.54 743.23 158.57 762.00 207.95 1.86 0.55 0.52 5.72 0.99 27.30 -3.34 0.24
Pedestrian 0.00 0 -5.03 0.00 159.52 34.59 308.99 1.78 0.64 0.84 -7.77 1.52 9.06 -5.74 0.22
Cyclist 0.00 0 -7.87 370.91 162.50 424.22 295.55 1.78 0.69 1.72 -3.05 1.52 10.51 -8.16 0.19
Cyclist 0.00 0 -3.76 917.54 159.59 1001.95 231.94 1.65 0.56 1.77 8.35 1.15 16.82 -3.30 0.17
Cyclist 0.00 0 -4.85 584.64 166.12 597.45 194.47 1.75 0.56 1.77 -0.66 0.80 45.34 -4.87 0.17
Pedestrian 0.00 0 -3.86 712.78 158.93 730.12 201.75 1.84 0.57 0.48 5.19 0.87 31.16 -3.70 0.17
Pedestrian 0.00 0 -4.27 751.09 156.62 777.97 207.83 1.86 0.66 0.88 6.03 0.96 26.64 -4.05 0.14
Cyclist 0.00 0 -7.53 487.95 165.39 512.24 207.63 1.69 0.46 1.73 -4.17 1.04 29.56 -7.67 0.12
Car 0.00 0 -8.15 646.13 165.56 705.69 204.19 1.55 1.55 3.51 3.10 0.91 30.67 -8.05 0.12
Pedestrian 0.00 0 -3.43 593.38 168.31 603.87 188.09 1.82 0.47 0.87 -0.22 0.61 66.60 -3.44 0.12
Cyclist 0.00 0 -4.93 689.12 168.74 717.58 228.88 1.65 0.51 1.43 2.86 1.30 20.47 -4.79 0.12
Pedestrian 0.00 0 -3.46 736.82 165.30 756.06 207.72 1.73 0.64 0.61 5.95 1.07 29.59 -3.26 0.12
Car 0.00 0 -7.81 687.45 173.76 736.25 215.30 1.40 1.59 3.91 4.09 1.14 26.34 -7.65 0.11
Car 0.00 0 -7.94 631.93 170.39 670.07 200.47 1.52 1.64 4.34 2.59 0.96 38.38 -7.88 0.11
Pedestrian 0.00 0 -8.30 647.32 164.05 663.85 201.98 1.75 0.60 0.52 2.51 0.94 33.40 -8.22 0.11
Pedestrian 0.00 0 -4.77 429.17 180.04 447.84 228.87 1.40 0.49 0.68 -4.80 1.36 21.02 -4.99 0.10
