Car 0.00 0 -2.68 170.07 178.29 331.73 238.41 1.47 1.55 3.38 -9.18 1.61 18.52 -3.14 0.96
Car 0.00 0 -4.65 513.79 174.94 554.91 209.21 1.48 1.64 4.07 -3.48 1.58 33.42 -4.75 0.87
Pedestrian 0.00 0 -7.72 948.16 170.10 975.82 227.68 1.66 0.64 0.75 10.37 1.58 21.34 -7.26 0.63
Car 0.00 0 -4.93 677.83 164.47 736.26 206.07 1.75 1.72 4.24 4.24 1.39 32.45 -4.80 0.43
Car 0.00 0 -4.47 530.15 173.29 572.45 200.86 1.53 1.58 3.88 -3.41 1.56 42.12 -4.55 0.29
Cyclist 0.00 0 -4.49 459.51 172.87 483.32 218.82 1.69 0.57 1.49 -5.27 1.69 27.29 -4.68 0.27
Pedestrian 0.00 0 -5.79 591.25 168.80 603.37 190.09 1.86 0.48 0.95 -1.14 1.51 63.40 -5.81 0.26
Pedestrian 0.00 0 -5.74 648.33 169.55 663.49 196.73 1.78 0.55 0.84 3.00 1.56 47.66 -5.68 0.22
Pedestrian 0.00 0 -5.49 318.28 175.55 352.09 230.06 1.60 0.62 0.72 -8.28 1.68 21.62 -5.86 0.19
Cyclist 0.00 0 -3.50 928.10 164.36 1101.47 302.68 1.71 0.67 1.85 5.15 1.61 9.38 -3.00 0.16
Car 0.00 0 -8.11 729.91 165.24 782.82 201.98 1.74 1.70 3.74 7.21 1.38 36.07 -7.91 0.15
Car 0.00 0 -4.85 598.98 169.73 623.55 188.37 1.61 1.63 4.08 0.06 1.34 64.35 -4.85 0.14
Pedestrian 0.00 0 -4.33 422.85 177.46 448.75 230.75 1.56 0.57 0.60 -5.25 1.70 21.55 -4.57 0.13
Pedestrian 0.00 0 -7.88 425.43 166.45 440.86 207.53 1.87 0.67 0.57 -8.18 1.58 33.18 -8.13 0.10
