Car 0.00 0 -8.07 678.12 179.15 785.85 252.85 1.47 1.62 4.06 2.65 1.64 16.85 -7.91 0.97
Pedestrian 0.00 0 -5.37 923.99 175.34 989.17 273.02 1.65 0.67 0.81 6.01 1.69 12.65 -4.92 0.34
Pedestrian 0.00 0 -2.98 1035.68 169.22 1100.73 289.74 1.74 0.56 0.75 6.86 1.69 10.89 -2.42 0.28
Pedestrian 0.00 0 -5.24 1043.21 161.48 1068.75 212.47 1.84 0.61 0.52 16.24 1.43 26.35 -4.68 0.18
Pedestrian 0.00 0 -7.85 445.44 151.33 456.63 182.18 1.87 0.66 0.69 -9.74 0.56 44.05 -8.07 0.16
Pedestrian 0.00 0 -3.45 793.27 162.47 825.94 225.55 1.94 0.69 0.81 6.17 1.62 22.50 -3.18 0.15
Pedestrian 0.00 0 -4.97 1056.33 158.32 1098.91 238.02 1.91 0.67 0.91 11.49 1.56 17.83 -4.40 0.13
Pedestrian 0.00 0 -4.70 1185.13 199.97 1223.54 283.08 1.24 0.46 0.38 9.22 1.68 11.25 -4.01 0.13
Pedestrian 0.00 0 -3.67 1239.57 147.58 1241.00 213.12 1.84 0.63 0.49 18.45 1.13 20.64 -2.94 0.13
Pedestrian 0.00 0 -3.56 1012.98 157.87 1074.20 241.14 1.93 0.59 1.10 10.20 1.58 17.08 -3.02 0.12
Pedestrian 0.00 0 -4.79 1207.72 147.83 1237.33 212.43 1.86 0.61 0.65 17.94 1.14 21.19 -4.09 0.12
Pedestrian 0.00 0 -4.87 943.45 163.23 970.23 214.87 1.90 0.78 0.87 12.94 1.54 27.03 -4.42 0.11
Car 0.00 0 -4.25 683.41 177.89 752.87 209.25 1.41 1.64 4.24 5.32 1.67 35.38 -4.10 0.11
Pedestrian 0.00 0 -3.78 1117.84 163.03 1150.44 217.32 1.80 0.63 0.63 17.53 1.47 24.20 -3.16 0.11
Pedestrian 0.00 0 -7.84 582.72 164.59 597.49 206.41 2.01 0.70 0.68 -1.00 1.61 34.96 -7.86 0.11
Pedestrian 0.00 0 -7.76 811.00 163.16 836.72 227.78 1.89 0.65 0.95 6.38 1.61 21.64 -7.47 0.10
Pedestrian 0.00 0 -8.74 1073.96 161.08 1106.49 215.48 1.74 0.66 0.60 15.56 1.36 23.45 -8.16 0.10
