Car 0.00 0 -7.87 589.94 170.31 623.07 202.77 1.62 1.66 4.40 -0.27 1.49 38.24 -7.88 0.88
Cyclist 0.00 0 -6.69 863.85 161.19 909.44 205.99 1.84 0.71 1.62 11.44 1.36 29.96 -6.32 0.38
Pedestrian 0.00 0 -4.29 859.04 165.01 888.99 221.54 1.68 0.62 0.70 7.99 1.45 21.96 -3.94 0.35
Cyclist 0.00 0 -6.36 855.74 158.02 895.32 197.72 1.88 0.64 1.74 12.71 1.18 34.67 -6.01 0.34
Pedestrian 0.00 0 -8.78 847.37 165.05 868.39 215.03 1.69 0.58 0.42 8.47 1.43 24.77 -8.45 0.29
Cyclist 0.00 0 -6.95 701.60 165.29 733.56 199.11 1.84 0.68 1.68 5.91 1.43 39.88 -6.80 0.21
Pedestrian 0.00 0 -9.03 1008.16 156.10 1049.37 226.31 1.81 0.60 0.78 11.04 1.38 19.11 -8.51 0.20
Car 0.00 0 -4.51 419.30 179.82 474.71 217.76 1.41 1.51 3.56 -6.58 1.71 29.23 -4.73 0.18
Pedestrian 0.00 0 -8.10 1103.04 155.06 1141.97 231.56 1.81 0.58 0.86 12.45 1.39 17.61 -7.48 0.18
Car 0.00 0 -7.58 374.84 177.12 458.14 225.67 1.50 1.66 4.26 -6.57 1.66 24.77 -7.84 0.17
Pedestrian 0.00 0 -4.88 1080.80 167.33 1114.25 237.50 1.57 0.52 0.72 11.11 1.44 16.53 -4.29 0.15
Car 0.00 0 -2.60 434.55 178.12 511.65 206.14 1.50 1.65 3.98 -7.73 1.80 40.55 -2.78 0.11
