Car 0.00 0 -8.50 562.32 199.33 961.34 374.00 1.51 1.61 3.42 0.97 1.81 6.36 -8.35 0.97
Car 0.00 0 -8.21 448.67 203.02 658.31 340.41 1.42 1.65 4.17 -1.11 1.97 10.69 -8.32 0.92
Car 0.00 0 -8.13 387.15 209.30 516.66 299.04 1.36 1.59 3.71 -3.36 2.20 14.61 -8.35 0.87
Car 0.00 0 -4.48 0.00 223.18 52.40 374.00 1.45 1.69 4.07 -7.49 2.15 7.83 -5.25 0.87
Car 0.00 0 -8.01 330.50 206.79 414.20 276.79 1.48 1.55 3.39 -6.36 2.46 18.94 -8.34 0.87
Car 0.00 0 -7.80 76.76 209.92 147.65 268.82 1.51 1.67 4.25 -16.17 2.83 23.53 -8.40 0.81
Car 0.00 0 -4.57 0.00 223.65 106.05 327.53 1.42 1.56 3.75 -10.88 2.54 13.85 -5.23 0.77
Car 0.00 0 -4.77 290.02 204.68 337.15 246.69 1.45 1.59 3.81 -12.47 2.87 30.13 -5.16 0.54
Car 0.00 0 -7.57 1195.72 158.13 1241.00 184.87 1.49 1.64 4.03 35.93 0.67 42.09 -6.87 0.47
Pedestrian 0.00 0 -3.73 967.27 142.63 1046.57 262.12 1.97 0.65 0.99 6.68 1.47 12.27 -3.23 0.36
Pedestrian 0.00 0 -7.99 1170.85 141.81 1199.35 192.22 1.90 0.79 0.55 21.98 0.73 27.64 -7.32 0.35
Car 0.00 0 -4.40 368.61 190.13 410.60 215.45 1.65 1.70 4.22 -15.88 2.95 52.09 -4.70 0.32
Car 0.00 0 -7.11 308.80 199.56 419.11 248.22 1.51 1.64 3.96 -9.09 2.58 26.87 -7.44 0.25
Car 0.00 0 -4.76 278.51 203.46 319.38 239.90 1.48 1.65 4.20 -15.28 3.07 35.25 -5.16 0.22
Cyclist 0.00 0 -5.38 1188.25 148.11 1234.08 187.30 1.74 0.58 1.87 27.48 0.64 33.07 -4.68 0.20
Car 0.00 0 -4.80 246.21 198.54 281.67 226.71 1.50 1.64 3.90 -21.34 3.16 44.36 -5.24 0.19
Pedestrian 0.00 0 -4.43 1059.57 141.65 1089.92 198.05 1.83 0.70 0.60 15.32 0.82 23.86 -3.86 0.19
Pedestrian 0.00 0 -6.86 1169.24 157.93 1193.60 208.09 1.68 0.58 0.39 19.37 1.18 24.53 -6.19 0.18
Car 0.00 0 -8.07 243.89 185.73 272.63 204.57 1.56 1.60 3.50 -31.34 2.74 64.20 -8.52 0.18
Pedestrian 0.00 0 -5.57 348.23 187.92 361.01 214.39 1.84 0.77 0.46 -18.11 2.92 51.10 -5.91 0.17
Pedestrian 0.00 0 -4.36 559.10 175.84 578.30 220.97 1.86 0.66 0.53 -1.76 1.98 30.05 -4.42 0.14
Car 0.00 0 -4.77 251.99 198.47 282.16 224.86 1.58 1.63 4.06 -23.60 3.41 49.53 -5.22 0.13
Pedestrian 0.00 0 -5.08 50.13 194.52 75.51 239.91 1.98 0.73 0.64 -24.68 2.98 32.49 -5.73 0.13
Pedestrian 0.00 0 -4.12 1085.60 148.62 1111.12 205.13 1.96 0.62 0.41 17.15 1.12 25.40 -3.52 0.12
Car 0.00 0 -4.22 221.06 208.33 349.95 279.13 1.53 1.71 3.37 -8.48 2.55 19.06 -4.64 0.12
Pedestrian 0.00 0 -5.75 267.90 203.37 286.39 235.06 1.68 0.67 0.67 -18.15 3.35 39.26 -6.18 0.12
Pedestrian 0.00 0 -8.40 511.88 171.21 535.93 226.05 2.04 0.71 0.57 -3.30 1.98 27.29 -8.52 0.12
Car 0.00 0 -3.42 349.78 193.55 436.30 226.48 1.53 1.60 4.02 -11.28 2.65 37.46 -3.71 0.11
Cyclist 0.00 0 -2.96 372.26 188.22 404.08 217.22 1.75 0.69 1.78 -13.69 2.71 44.45 -3.26 0.10
