Car 0.00 0 -8.16 841.57 139.68 1085.02 296.62 1.69 1.67 4.30 4.46 1.33 9.99 -7.74 0.93
Pedestrian 0.00 0 -8.99 1176.49 161.16 1241.00 374.00 1.49 0.61 0.64 4.05 1.43 4.54 -8.26 0.23
Cyclist 0.00 0 -8.14 1217.15 133.79 1241.00 283.37 1.64 0.46 1.79 7.96 1.21 8.83 -7.41 0.19
Cyclist 0.00 0 -4.77 862.88 164.50 878.01 201.70 1.64 0.56 1.48 11.70 1.27 32.55 -4.42 0.17
Pedestrian 0.00 0 -4.78 1065.66 145.12 1096.02 217.31 1.81 0.61 0.51 11.96 1.11 18.41 -4.21 0.14
Pedestrian 0.00 0 -8.56 553.89 163.96 586.23 226.89 1.65 0.58 0.65 -1.12 1.42 19.36 -8.61 0.13
Pedestrian 0.00 0 -7.48 1028.64 143.65 1082.31 243.80 1.72 0.59 0.70 7.85 1.22 12.80 -6.92 0.12
Cyclist 0.00 0 -5.66 988.70 141.74 1069.92 215.62 1.82 0.70 1.73 10.81 1.06 18.74 -5.14 0.12
Cyclist 0.00 0 -8.26 1127.71 143.26 1220.23 263.98 1.63 0.44 1.67 8.17 1.23 10.59 -7.60 0.11
Pedestrian 0.00 0 -4.33 0.00 181.74 136.22 374.00 1.56 0.54 0.75 -3.66 1.62 4.80 -4.98 0.11
Pedestrian 0.00 0 -4.46 840.82 150.29 869.77 216.01 1.78 0.58 0.78 6.78 1.17 20.07 -4.13 0.10
Pedestrian 0.00 0 -5.30 1180.75 233.39 1241.00 374.00 1.16 0.45 0.44 3.38 1.51 3.86 -4.58 0.10
