Cyclist 0.00 0 -8.39 1072.90 132.53 1227.17 312.33 1.85 0.57 1.82 6.10 1.44 8.36 -7.76 0.80
Pedestrian 0.00 0 -8.51 1148.50 141.00 1234.05 273.17 1.74 0.57 0.76 7.90 1.32 9.90 -7.83 0.68
Car 0.00 0 -5.10 967.54 180.80 1024.00 205.52 1.47 1.65 4.49 24.90 2.01 46.81 -4.61 0.55
Car 0.00 0 -5.07 1023.76 176.52 1068.55 195.84 1.46 1.69 4.25 34.75 1.77 57.64 -4.52 0.49
Pedestrian 0.00 0 -3.22 812.13 164.93 833.33 219.79 1.89 0.74 0.66 7.42 1.62 25.33 -2.93 0.45
Car 0.00 0 -3.59 896.78 184.94 992.51 215.32 1.58 1.66 4.41 17.99 2.24 38.98 -3.16 0.41
Car 0.00 0 -3.44 784.38 173.48 877.20 203.88 1.61 1.70 4.52 11.91 1.65 39.21 -3.14 0.40
Pedestrian 0.00 0 -8.28 1200.60 146.63 1241.00 274.23 1.67 0.62 0.76 8.61 1.33 9.89 -7.57 0.38
Pedestrian 0.00 0 -6.70 666.90 171.28 679.91 193.42 1.76 0.49 0.92 5.06 1.64 57.87 -6.61 0.21
Pedestrian 0.00 0 -2.78 683.50 168.09 700.55 196.92 1.89 0.50 1.01 5.39 1.58 47.68 -2.67 0.21
Car 0.00 0 -5.06 984.00 177.50 1024.44 196.98 1.51 1.65 3.98 32.25 1.91 59.18 -4.56 0.17
Cyclist 0.00 0 -8.13 745.94 166.72 769.94 210.65 1.81 0.54 1.76 6.23 1.56 30.67 -7.93 0.16
Pedestrian 0.00 0 -4.88 975.11 181.55 997.82 232.99 1.32 0.43 0.62 9.88 1.56 19.05 -4.40 0.15
Car 0.00 0 -4.74 1179.55 183.60 1221.42 213.11 1.52 1.71 3.94 33.27 2.16 40.77 -4.06 0.12
Car 0.00 0 -4.73 1138.38 176.94 1166.32 196.91 1.43 1.62 4.13 40.95 1.75 54.56 -4.09 0.11
Car 0.00 0 -4.98 1066.25 176.37 1106.38 196.07 1.49 1.63 4.12 37.80 1.78 57.38 -4.40 0.11
Car 0.00 0 -4.49 399.15 183.73 444.99 213.66 1.42 1.50 3.81 -9.76 2.02 37.55 -4.74 0.11
Car 0.00 0 -6.12 949.44 176.91 1021.76 204.15 1.55 1.61 3.63 22.42 1.80 43.17 -5.64 0.10
