Car 0.00 0 -7.69 490.30 177.11 555.20 223.93 1.47 1.63 3.72 -2.97 1.63 24.86 -7.81 0.77
Car 0.00 0 -7.36 108.47 183.38 342.04 288.04 1.43 1.67 4.30 -6.36 1.65 12.47 -7.83 0.66
Cyclist 0.00 0 -7.91 984.31 169.34 999.57 220.21 1.64 0.36 1.54 12.68 1.53 24.06 -7.42 0.51
Pedestrian 0.00 0 -7.64 980.31 160.07 1006.37 215.89 1.91 0.67 0.68 13.35 1.48 25.21 -7.15 0.33
Car 0.00 0 -5.00 805.71 175.61 846.82 201.43 1.64 1.65 3.67 14.30 1.83 47.98 -4.71 0.27
Pedestrian 0.00 0 -3.94 1044.75 163.75 1090.25 232.62 1.74 0.53 0.88 11.75 1.51 18.62 -3.38 0.20
Car 0.00 0 -3.09 998.05 178.06 1049.28 198.76 1.57 1.64 3.45 32.79 2.00 57.25 -2.57 0.19
Car 0.00 0 -8.49 951.07 169.17 1162.05 251.41 1.54 1.65 4.26 9.37 1.47 15.71 -7.96 0.14
Car 0.00 0 -5.06 1096.54 165.81 1241.00 333.24 1.60 1.68 4.60 7.89 1.53 9.35 -4.36 0.13
Cyclist 0.00 0 -4.52 227.85 167.15 263.77 240.57 1.76 0.53 1.50 -9.14 1.62 18.04 -4.99 0.13
Car 0.00 0 -4.93 703.08 174.74 735.11 196.59 1.64 1.67 3.86 8.47 1.79 56.46 -4.78 0.12
Car 0.00 0 -6.58 451.21 179.46 506.84 199.63 1.46 1.58 3.88 -9.99 1.98 54.95 -6.76 0.11
