Car 0.00 0 -7.87 581.30 175.95 643.50 235.05 1.55 1.64 3.68 0.05 1.31 20.75 -7.87 0.96
Car 0.00 0 -7.63 394.40 176.89 496.25 247.57 1.57 1.65 3.92 -3.97 1.39 17.97 -7.85 0.94
Car 0.00 0 -7.74 470.56 178.58 519.05 216.98 1.49 1.57 3.69 -4.66 1.24 29.80 -7.89 0.90
Car 0.00 0 -7.49 276.33 184.45 373.51 237.68 1.44 1.56 3.38 -8.25 1.42 21.15 -7.86 0.65
Car 0.00 0 -7.61 362.28 180.10 424.47 217.71 1.47 1.61 3.78 -8.88 1.27 29.94 -7.90 0.59
Car 0.00 0 -7.82 573.12 178.18 614.88 215.39 1.47 1.62 3.86 -0.56 1.19 30.30 -7.84 0.52
Car 0.00 0 -4.43 324.45 179.06 380.06 210.47 1.50 1.58 4.03 -12.91 1.21 36.45 -4.77 0.48
Car 0.00 0 -7.74 496.39 180.26 529.83 205.23 1.36 1.48 3.44 -5.35 1.09 40.74 -7.87 0.45
Car 0.00 0 -4.64 519.12 175.39 545.88 198.47 1.52 1.55 3.86 -5.15 0.87 49.33 -4.74 0.30
Car 0.00 0 -7.98 431.49 178.51 465.11 203.68 1.44 1.51 3.56 -9.60 1.06 43.00 -8.20 0.23
Pedestrian 0.00 0 -5.50 0.00 163.42 102.14 375.00 1.84 0.60 0.85 -3.41 1.74 3.86 -6.22 0.17
Car 0.00 0 -7.73 443.06 162.75 471.02 192.46 2.53 1.87 4.76 -13.33 0.62 63.76 -7.94 0.10
