Pedestrian 0.00 0 -4.65 515.90 155.93 567.89 294.66 1.82 0.66 0.92 -0.90 1.50 9.75 -4.74 0.78
Pedestrian 0.00 0 -5.18 977.21 217.16 1081.57 369.00 1.25 0.39 0.72 3.14 1.55 5.36 -4.65 0.25
Cyclist 0.00 0 -4.50 64.38 165.37 122.96 264.82 1.72 0.55 1.64 -9.49 1.46 13.10 -5.12 0.23
Pedestrian 0.00 0 -8.10 837.99 168.82 869.19 233.63 1.60 0.60 0.63 6.21 1.31 17.79 -7.77 0.16
Car 0.00 0 -6.25 653.57 143.86 719.96 171.66 1.51 1.61 3.68 4.66 -0.52 40.25 -6.13 0.15
Pedestrian 0.00 0 -5.15 684.90 164.69 728.88 252.69 1.75 0.60 0.82 2.04 1.43 14.51 -5.01 0.14
Pedestrian 0.00 0 -4.18 747.50 170.26 791.80 255.88 1.66 0.55 0.79 3.27 1.47 14.20 -3.96 0.13
Pedestrian 0.00 0 -4.24 856.09 161.32 911.25 268.12 1.73 0.61 0.72 4.66 1.42 11.94 -3.86 0.13
Pedestrian 0.00 0 -4.44 0.00 176.45 47.71 261.61 1.65 0.62 0.75 -11.71 1.57 14.16 -5.13 0.13
Cyclist 0.00 0 -8.08 948.29 170.75 1016.51 280.17 1.59 0.55 1.80 5.91 1.45 11.23 -7.60 0.13
Car 0.00 0 -8.77 1091.30 191.21 1223.00 369.00 1.48 1.55 3.42 5.00 1.57 4.39 -7.92 0.12
Pedestrian 0.00 0 -3.10 1015.32 152.08 1076.38 265.94 1.80 0.61 0.83 7.22 1.35 11.64 -2.54 0.12
Cyclist 0.00 0 -8.46 929.07 163.31 1004.67 254.22 1.72 0.54 1.57 7.18 1.40 14.19 -8.00 0.11
Pedestrian 0.00 0 -5.05 641.46 171.56 688.14 263.89 1.63 0.62 0.80 1.04 1.47 12.92 -4.97 0.10
