Car 0.00 0 -8.01 650.69 180.95 718.95 229.55 1.45 1.63 4.28 2.38 1.74 24.38 -7.91 0.97
Car 0.00 0 -8.16 694.39 186.62 824.32 268.89 1.39 1.57 3.49 2.83 1.71 14.64 -7.97 0.97
Car 0.00 0 -2.57 3.25 193.55 332.18 301.36 1.40 1.56 3.88 -6.35 1.73 10.53 -3.11 0.95
Car 0.00 0 -2.31 0.00 197.05 65.94 374.00 1.46 1.58 3.84 -6.89 1.68 5.69 -3.19 0.92
Car 0.00 0 -2.69 244.55 187.56 429.27 251.09 1.42 1.57 3.90 -6.60 1.79 17.51 -3.05 0.88
Car 0.00 0 -5.81 109.41 188.15 362.50 274.60 1.43 1.49 3.79 -6.65 1.73 12.98 -6.28 0.82
Car 0.00 0 -2.72 172.94 191.08 390.75 262.41 1.38 1.49 3.89 -6.82 1.78 15.12 -3.14 0.75
Car 0.00 0 -2.78 288.61 185.13 438.46 241.22 1.46 1.53 3.62 -6.81 1.82 20.00 -3.11 0.73
Car 0.00 0 -6.08 386.55 184.46 506.07 222.52 1.40 1.62 4.27 -6.31 1.87 27.95 -6.30 0.72
Car 0.00 0 -7.95 642.20 180.74 682.78 212.79 1.43 1.57 4.09 2.47 1.84 35.26 -7.88 0.58
Car 0.00 0 -5.97 317.53 180.53 447.16 235.02 1.61 1.61 3.51 -7.05 1.86 22.41 -6.27 0.55
Car 0.00 0 -8.00 625.71 175.86 655.03 198.99 1.67 1.63 4.02 2.23 1.90 54.56 -7.96 0.49
Pedestrian 0.00 0 -5.82 1054.59 153.42 1120.79 264.17 1.92 0.66 0.78 8.55 1.58 13.01 -5.24 0.46
Car 0.00 0 -2.98 411.04 174.55 496.20 213.26 1.72 1.71 3.58 -7.16 1.80 33.09 -3.19 0.44
Car 0.00 0 -8.32 496.85 181.70 545.52 205.89 1.39 1.52 3.63 -5.60 1.97 44.95 -8.45 0.38
Pedestrian 0.00 0 -7.89 965.86 158.28 988.01 212.79 1.90 0.68 0.47 12.92 1.39 25.50 -7.42 0.38
Car 0.00 0 -2.99 405.15 179.92 500.18 216.97 1.51 1.61 3.74 -6.66 1.82 30.62 -3.20 0.29
Car 0.00 0 -7.78 490.27 176.38 523.15 207.50 1.58 1.49 3.51 -5.57 1.78 38.94 -7.92 0.27
Car 0.00 0 -7.72 669.69 164.45 692.69 182.00 1.59 1.64 3.79 6.65 0.83 67.35 -7.62 0.19
Car 0.00 0 -7.97 563.25 183.46 628.96 236.10 1.44 1.60 3.66 -0.56 1.80 22.47 -8.00 0.19
Pedestrian 0.00 0 -7.33 427.48 174.75 444.17 208.79 1.77 0.63 0.61 -9.19 1.87 37.94 -7.56 0.18
Pedestrian 0.00 0 -2.66 491.43 212.90 618.13 374.00 1.56 0.56 0.60 -0.39 1.83 4.52 -2.74 0.18
Pedestrian 0.00 0 -4.44 858.25 161.81 887.42 232.72 1.93 0.62 0.63 7.26 1.63 20.05 -4.09 0.17
Pedestrian 0.00 0 -8.36 737.61 163.88 753.88 201.62 2.01 0.64 0.63 7.28 1.54 38.91 -8.17 0.14
Car 0.00 0 -4.49 523.60 177.72 558.18 201.54 1.64 1.65 4.10 -5.04 2.02 52.83 -4.58 0.14
Pedestrian 0.00 0 -7.83 1075.68 157.61 1095.09 205.65 1.73 0.58 0.41 17.29 1.18 26.30 -7.25 0.13
Pedestrian 0.00 0 -5.29 838.25 232.50 976.79 374.00 1.50 0.44 0.48 1.40 1.82 3.59 -4.92 0.12
Car 0.00 0 -4.85 752.06 179.98 804.98 221.66 1.45 1.49 3.31 6.29 1.74 27.38 -4.63 0.11
Pedestrian 0.00 0 -7.27 814.88 158.77 848.71 220.34 1.96 0.66 0.92 7.19 1.51 23.52 -6.98 0.11
Cyclist 0.00 0 -4.24 503.96 174.69 537.36 223.55 1.76 0.59 1.58 -3.36 1.83 26.89 -4.37 0.11
Pedestrian 0.00 0 -7.98 1042.30 159.67 1071.16 223.59 1.88 0.68 0.47 13.28 1.49 21.54 -7.43 0.11
