Car 0.00 0 -4.33 230.12 183.42 500.22 356.81 1.61 1.72 4.02 -2.75 1.77 9.01 -4.62 0.97
Car 0.00 0 -8.04 743.79 181.08 917.44 321.80 1.54 1.60 3.35 2.74 1.67 9.82 -7.77 0.93
Car 0.00 0 -4.59 637.11 175.13 665.78 198.24 1.62 1.64 3.97 3.06 1.80 53.14 -4.53 0.65
Pedestrian 0.00 0 -4.35 894.97 153.31 956.81 274.23 1.92 0.67 0.92 5.23 1.61 12.04 -3.94 0.28
Pedestrian 0.00 0 -7.76 830.26 169.38 865.51 247.37 1.80 0.73 0.69 5.60 1.72 17.13 -7.44 0.24
Car 0.00 0 -8.06 801.12 169.79 842.97 201.64 1.84 1.66 3.90 12.78 1.67 43.78 -7.78 0.18
Pedestrian 0.00 0 -5.09 75.43 152.10 166.65 320.72 1.94 0.60 0.99 -6.03 1.70 8.81 -5.69 0.18
Pedestrian 0.00 0 -3.48 1008.92 161.13 1125.85 338.51 1.74 0.59 0.87 4.64 1.62 7.45 -2.92 0.13
Pedestrian 0.00 0 -4.77 277.66 169.43 324.67 281.93 1.75 0.65 0.82 -5.09 1.70 11.74 -5.18 0.11
Pedestrian 0.00 0 -5.52 0.00 156.20 9.42 293.55 1.91 0.63 0.83 -9.35 1.68 10.36 -6.26 0.11
