Car 0.00 0 -4.54 422.50 173.66 504.85 241.03 1.64 1.57 3.58 -3.89 1.67 19.45 -4.73 0.90
Car 0.00 0 -7.84 640.62 173.11 672.32 206.48 1.70 1.62 3.64 2.49 1.72 38.71 -7.77 0.62
Car 0.00 0 -2.52 138.80 186.41 386.55 267.97 1.43 1.67 4.20 -6.80 1.71 14.18 -2.97 0.53
Car 0.00 0 -4.80 623.68 179.24 646.53 197.46 1.53 1.68 4.22 2.18 2.12 64.21 -4.76 0.47
Pedestrian 0.00 0 -3.21 991.46 166.72 1150.82 374.00 1.70 0.57 0.87 3.04 1.66 4.91 -2.66 0.39
Cyclist 0.00 0 -5.16 1017.10 156.44 1070.73 229.08 1.68 0.46 1.62 10.44 1.30 17.49 -4.62 0.35
Car 0.00 0 -4.63 545.74 179.52 576.62 205.03 1.55 1.69 4.13 -3.17 2.01 47.04 -4.70 0.28
Pedestrian 0.00 0 -7.63 0.00 152.94 72.30 324.62 1.79 0.58 0.86 -6.50 1.58 8.04 -8.31 0.28
Cyclist 0.00 0 -5.01 1191.68 197.35 1221.66 239.53 1.65 0.46 1.80 24.91 2.71 30.19 -4.32 0.24
Pedestrian 0.00 0 -5.17 878.23 158.79 972.54 326.92 1.78 0.66 0.83 3.44 1.63 8.05 -4.77 0.24
Car 0.00 0 -4.80 1017.53 175.31 1051.41 200.40 1.64 1.66 3.94 29.12 1.81 49.63 -4.27 0.22
Pedestrian 0.00 0 -4.87 518.84 168.36 532.67 203.43 1.90 0.62 0.93 -4.66 1.66 39.61 -4.99 0.20
Cyclist 0.00 0 -7.71 547.65 178.54 556.39 201.41 1.65 0.42 1.57 -4.30 2.07 53.21 -7.79 0.18
Pedestrian 0.00 0 -7.86 1159.68 165.24 1241.00 374.00 1.72 0.70 0.78 3.40 1.69 3.93 -7.14 0.18
Cyclist 0.00 0 -8.24 499.57 174.49 521.49 210.23 1.70 0.49 1.62 -4.91 1.78 35.24 -8.37 0.16
Pedestrian 0.00 0 -5.38 133.13 166.20 207.44 290.66 1.76 0.60 0.75 -6.51 1.67 10.61 -5.93 0.16
Pedestrian 0.00 0 -4.79 1231.53 177.87 1241.00 243.72 1.99 0.69 0.83 19.76 2.15 22.42 -4.06 0.15
Car 0.00 0 -4.75 1147.77 188.13 1185.40 219.08 1.73 1.67 4.11 34.24 2.71 44.51 -4.10 0.15
Pedestrian 0.00 0 -8.13 763.93 169.13 811.88 259.10 1.70 0.70 0.85 3.41 1.63 14.10 -7.89 0.14
Pedestrian 0.00 0 -3.13 766.12 167.81 808.73 268.60 1.74 0.58 0.72 3.11 1.66 12.84 -2.89 0.14
Cyclist 0.00 0 -8.23 939.15 146.93 1100.01 371.94 1.83 0.70 1.75 3.69 1.62 6.78 -7.73 0.12
Pedestrian 0.00 0 -5.29 987.13 144.58 1043.43 239.80 1.95 0.65 0.91 8.48 1.37 15.21 -4.78 0.12
Pedestrian 0.00 0 -2.73 829.01 170.80 898.34 295.99 1.65 0.58 0.74 3.46 1.63 9.99 -2.40 0.11
Pedestrian 0.00 0 -4.08 691.78 169.06 719.37 218.81 1.76 0.61 0.84 3.41 1.63 26.09 -3.95 0.11
Cyclist 0.00 0 -3.29 1049.85 178.55 1198.86 282.53 1.56 0.77 1.86 8.18 1.66 11.65 -2.68 0.10
