Car 0.00 0 -5.07 734.25 185.41 1061.92 374.00 1.48 1.62 3.77 2.37 1.64 7.13 -4.75 0.97
Car 0.00 0 -4.06 492.75 181.28 679.53 269.96 1.52 1.61 4.22 -0.38 1.72 14.93 -4.08 0.94
Car 0.00 0 -8.66 920.68 196.91 1241.00 374.00 1.53 1.54 3.42 2.48 1.67 2.40 -7.85 0.93
Pedestrian 0.00 0 -7.91 415.56 171.68 431.80 213.15 1.94 0.71 0.60 -8.88 1.89 34.23 -8.17 0.31
Pedestrian 0.00 0 -3.77 78.60 161.54 161.64 292.95 1.87 0.68 0.77 -7.32 1.71 10.72 -4.37 0.29
Cyclist 0.00 0 -2.74 325.50 171.26 360.92 204.03 1.85 0.62 1.79 -15.24 1.76 41.13 -3.10 0.27
Pedestrian 0.00 0 -5.72 141.84 184.68 201.15 275.17 1.64 0.57 0.76 -8.23 1.87 13.47 -6.27 0.27
Pedestrian 0.00 0 -2.65 273.82 178.45 290.49 213.37 1.74 0.57 0.57 -16.57 2.03 36.39 -3.08 0.23
Pedestrian 0.00 0 -7.48 883.86 164.07 898.00 200.26 1.90 0.61 0.37 14.83 1.44 38.19 -7.11 0.19
Pedestrian 0.00 0 -3.06 246.32 157.32 337.39 310.04 1.89 0.52 1.04 -4.15 1.70 9.34 -3.47 0.19
Pedestrian 0.00 0 -3.90 1111.98 161.44 1139.67 215.72 1.73 0.53 0.49 16.56 1.36 23.23 -3.28 0.17
Pedestrian 0.00 0 -7.61 791.59 165.33 812.57 217.63 1.86 0.61 0.59 6.91 1.60 26.11 -7.35 0.17
Pedestrian 0.00 0 -6.89 485.13 172.25 497.92 204.51 1.70 0.57 0.42 -6.33 1.67 38.30 -7.06 0.15
Pedestrian 0.00 0 -7.45 659.59 177.28 679.13 220.40 1.69 0.63 0.50 2.32 1.87 28.69 -7.37 0.15
Pedestrian 0.00 0 -3.36 973.56 154.30 1036.31 261.48 1.82 0.48 0.88 6.83 1.50 12.60 -2.86 0.13
Cyclist 0.00 0 -3.10 761.58 167.06 794.72 201.73 1.84 0.65 1.71 9.03 1.54 38.89 -2.87 0.12
Pedestrian 0.00 0 -8.13 1228.92 163.65 1241.00 219.98 1.67 0.56 0.56 19.12 1.40 21.82 -7.41 0.12
Pedestrian 0.00 0 -4.45 36.80 159.59 109.55 299.23 1.80 0.61 0.77 -7.29 1.63 9.75 -5.09 0.11
Pedestrian 0.00 0 -4.61 25.64 180.76 70.45 282.28 1.69 0.54 0.74 -9.80 1.83 12.53 -5.27 0.11
Pedestrian 0.00 0 -3.44 787.13 164.24 798.52 204.19 1.94 0.56 0.39 8.91 1.52 35.34 -3.19 0.11
Cyclist 0.00 0 -4.23 1232.87 154.91 1241.00 207.85 1.75 0.60 1.70 21.97 1.16 24.47 -3.50 0.10
Car 0.00 0 -5.67 172.10 184.15 253.88 214.07 1.48 1.50 3.49 -20.55 2.08 37.34 -6.17 0.10
Cyclist 0.00 0 -2.82 382.81 173.38 416.26 205.78 1.82 0.66 1.70 -11.96 1.85 40.90 -3.11 0.10
