Car 0.00 0 -7.52 228.97 192.80 417.81 310.44 1.42 1.56 3.32 -4.03 1.56 10.60 -7.89 0.98
Car 0.00 0 -7.43 165.43 185.47 307.88 252.56 1.44 1.62 3.80 -8.84 1.45 17.41 -7.90 0.93
Car 0.00 0 -7.87 562.65 177.79 599.53 214.14 1.60 1.63 3.83 -1.32 1.28 33.65 -7.91 0.92
Car 0.00 0 -7.27 0.00 189.89 200.64 312.08 1.44 1.59 4.16 -8.01 1.52 10.74 -7.91 0.91
Car 0.00 0 -7.07 0.00 190.08 258.51 375.00 1.67 1.64 3.94 -3.16 1.70 2.89 -7.90 0.90
Car 0.00 0 -7.32 153.56 185.22 263.81 232.53 1.42 1.53 3.55 -12.87 1.42 23.35 -7.82 0.78
Car 0.00 0 -7.14 0.00 185.16 79.28 265.91 1.42 1.53 3.70 -12.84 1.42 14.53 -7.87 0.76
Car 0.00 0 -7.59 275.60 183.45 339.83 217.92 1.42 1.60 4.03 -13.21 1.35 31.77 -7.98 0.57
Car 0.00 0 -7.67 388.38 179.30 439.89 215.90 1.59 1.62 3.84 -8.90 1.33 33.16 -7.93 0.47
Pedestrian 0.00 0 -6.70 645.36 172.55 668.38 211.65 1.84 0.58 0.94 2.31 1.25 34.33 -6.63 0.36
Pedestrian 0.00 0 -3.82 930.14 160.25 999.34 281.50 1.84 0.60 0.76 5.53 1.46 11.26 -3.37 0.19
Car 0.00 0 -8.03 405.06 180.68 447.14 208.82 1.47 1.57 3.90 -10.08 1.23 39.60 -8.28 0.19
Car 0.00 0 -2.75 242.14 170.47 397.28 229.37 1.83 1.75 4.32 -9.27 1.37 23.25 -3.13 0.16
Pedestrian 0.00 0 -2.79 515.08 168.24 535.25 203.36 1.93 0.61 0.96 -4.62 1.00 39.96 -2.90 0.15
Car 0.00 0 -7.92 112.99 173.39 139.62 192.96 1.61 1.62 4.05 -41.11 0.64 61.34 -8.51 0.12
Cyclist 0.00 0 -3.77 1224.46 158.18 1240.00 375.00 1.72 0.86 1.92 6.04 1.53 5.49 -2.94 0.11
