Car 0.00 0 -4.33 96.53 183.02 411.20 369.97 1.56 1.69 4.23 -3.73 1.71 8.38 -4.75 0.96
Car 0.00 0 -4.52 464.44 184.07 533.12 229.37 1.39 1.60 4.14 -3.85 1.82 25.33 -4.67 0.95
Car 0.00 0 -4.83 658.06 176.00 741.33 246.61 1.64 1.68 3.97 2.19 1.73 18.93 -4.71 0.90
Car 0.00 0 -7.99 637.92 182.37 695.87 227.21 1.44 1.57 3.57 1.92 1.80 25.79 -7.92 0.84
Car 0.00 0 -4.64 512.69 180.50 545.25 210.53 1.57 1.55 3.59 -4.53 2.01 40.39 -4.75 0.50
Car 0.00 0 -4.81 612.47 175.91 633.90 194.14 1.58 1.59 3.79 1.15 1.87 65.32 -4.79 0.36
Car 0.00 0 -4.66 489.69 180.92 531.51 219.77 1.54 1.61 4.04 -4.34 1.92 31.63 -4.80 0.33
Car 0.00 0 -4.78 628.66 179.50 672.83 218.96 1.55 1.63 4.17 1.65 1.86 31.13 -4.72 0.29
Car 0.00 0 -4.87 616.56 177.76 652.80 204.46 1.56 1.63 4.22 1.47 1.89 45.26 -4.83 0.20
Pedestrian 0.00 0 -4.53 191.74 171.19 228.50 246.63 1.84 0.67 0.87 -10.08 1.80 18.13 -5.04 0.19
Car 0.00 0 -4.96 532.87 179.58 569.28 204.50 1.54 1.50 3.81 -3.97 2.00 47.71 -5.05 0.12
Pedestrian 0.00 0 -8.00 877.40 175.27 920.10 271.92 1.76 0.66 0.57 5.35 1.81 13.52 -7.63 0.12
Pedestrian 0.00 0 -7.57 1037.78 169.23 1109.05 304.69 1.69 0.62 0.69 6.01 1.64 9.44 -7.00 0.11
