Car 0.00 0 -4.49 411.42 187.41 549.57 283.91 1.43 1.65 3.94 -2.25 1.74 13.29 -4.66 0.95
Car 0.00 0 -4.60 566.98 179.15 616.66 217.93 1.48 1.64 3.73 -0.74 1.76 30.02 -4.62 0.79
Pedestrian 0.00 0 -4.74 850.22 165.15 869.11 209.90 1.87 0.74 0.75 10.54 1.55 30.59 -4.41 0.74
Cyclist 0.00 0 -7.89 1032.99 168.73 1053.49 228.89 1.66 0.45 1.62 12.42 1.55 20.78 -7.35 0.35
Car 0.00 0 -4.82 574.20 181.97 640.92 236.90 1.48 1.58 4.17 -0.21 1.79 22.31 -4.83 0.27
Pedestrian 0.00 0 -8.05 655.34 170.65 669.21 204.49 1.81 0.62 0.68 2.79 1.70 39.04 -7.98 0.24
Cyclist 0.00 0 -4.57 337.19 169.53 391.51 300.82 1.79 0.54 1.70 -3.66 1.74 10.70 -4.90 0.21
Pedestrian 0.00 0 -5.72 42.24 163.21 111.11 274.29 1.92 0.68 0.74 -9.54 1.76 12.85 -6.36 0.21
Pedestrian 0.00 0 -3.18 658.68 166.05 677.98 206.81 1.85 0.60 0.86 2.63 1.54 33.08 -3.10 0.15
Cyclist 0.00 0 -4.68 542.78 174.91 556.67 215.32 1.69 0.54 1.65 -2.62 1.78 31.01 -4.76 0.15
Pedestrian 0.00 0 -2.19 20.97 169.02 94.64 290.87 1.85 0.61 0.74 -8.73 1.79 11.35 -2.84 0.13
Pedestrian 0.00 0 -7.21 282.05 170.41 306.94 222.47 1.86 0.68 0.46 -11.42 1.77 26.01 -7.62 0.12
Cyclist 0.00 0 -2.91 435.55 175.39 462.16 202.25 1.80 0.67 1.64 -10.89 1.97 48.64 -3.13 0.12
Car 0.00 0 -7.48 548.71 176.45 598.55 204.26 1.49 1.58 3.81 -2.06 1.71 41.28 -7.53 0.12
Car 0.00 0 -4.75 754.77 173.44 774.05 189.57 1.52 1.67 4.14 14.99 1.58 70.25 -4.54 0.11
Pedestrian 0.00 0 -6.57 948.85 151.69 1239.03 374.00 1.77 0.49 0.87 1.84 1.69 2.93 -6.01 0.11
Pedestrian 0.00 0 -5.70 647.61 172.67 669.75 214.46 1.75 0.65 0.70 2.03 1.74 30.67 -5.63 0.11
Car 0.00 0 -4.71 822.98 170.69 846.45 192.30 1.56 1.62 3.83 16.84 1.40 54.13 -4.40 0.11
Pedestrian 0.00 0 -3.46 561.43 173.61 573.02 196.08 1.76 0.54 0.78 -3.40 1.82 56.97 -3.52 0.11
Cyclist 0.00 0 -4.27 266.22 176.39 328.25 273.38 1.72 0.47 1.54 -5.92 1.79 13.62 -4.68 0.10
Pedestrian 0.00 0 -6.39 310.85 169.35 338.64 222.87 1.92 0.60 0.88 -10.44 1.79 26.29 -6.77 0.10
