Car 0.00 0 -4.60 469.90 175.40 579.36 261.22 1.42 1.64 4.08 -1.37 1.32 13.90 -4.70 0.94
Pedestrian 0.00 0 -8.38 1123.64 147.14 1237.00 373.00 1.67 0.67 0.69 3.83 1.47 4.57 -7.68 0.82
Pedestrian 0.00 0 -5.11 762.00 147.78 826.17 262.97 1.85 0.71 0.98 3.17 1.31 12.06 -4.85 0.63
Pedestrian 0.00 0 -4.57 502.54 158.43 523.03 206.74 1.86 0.68 0.87 -3.48 0.97 28.06 -4.70 0.45
Pedestrian 0.00 0 -2.11 55.27 151.99 136.15 283.42 1.84 0.67 0.77 -7.44 1.43 10.51 -2.72 0.41
Pedestrian 0.00 0 -7.79 443.00 167.31 463.54 217.35 1.63 0.63 0.57 -4.92 1.17 23.77 -8.00 0.39
Pedestrian 0.00 0 -3.70 530.44 162.69 545.44 200.93 1.76 0.57 0.47 -2.97 0.90 33.42 -3.78 0.31
Car 0.00 0 -7.66 640.86 166.61 707.51 214.22 1.50 1.61 3.58 2.53 1.03 24.52 -7.56 0.30
Pedestrian 0.00 0 -7.95 376.17 172.14 401.56 226.26 1.50 0.62 0.72 -6.07 1.24 20.40 -8.24 0.24
Pedestrian 0.00 0 -5.58 591.79 160.88 609.27 192.98 1.89 0.61 0.85 -0.05 0.68 42.78 -5.58 0.23
Cyclist 0.00 0 -8.51 937.92 7.07 1237.00 373.00 1.92 0.72 1.77 1.88 1.54 2.47 -7.86 0.22
Pedestrian 0.00 0 -7.68 455.04 167.73 474.18 208.13 1.72 0.70 0.70 -5.90 1.13 30.93 -7.87 0.22
Pedestrian 0.00 0 -7.87 764.13 163.70 830.62 346.15 1.61 0.57 0.81 1.79 1.45 6.78 -7.61 0.19
Pedestrian 0.00 0 -4.55 177.57 154.31 220.57 247.56 1.83 0.63 0.88 -8.22 1.30 14.63 -5.06 0.18
Pedestrian 0.00 0 -3.45 700.15 161.86 708.18 198.49 1.74 0.44 0.26 4.90 0.81 34.35 -3.31 0.18
Cyclist 0.00 0 -2.73 462.29 167.77 503.75 204.02 1.73 0.75 1.83 -5.74 1.07 34.78 -2.89 0.18
Pedestrian 0.00 0 -3.66 598.76 162.20 616.34 192.59 1.87 0.57 0.93 0.38 0.68 44.65 -3.65 0.18
Pedestrian 0.00 0 -4.43 584.37 163.37 595.50 188.02 1.83 0.61 0.91 -0.84 0.48 53.72 -4.45 0.16
Pedestrian 0.00 0 -4.26 610.84 159.63 626.58 191.59 1.89 0.60 0.94 1.04 0.60 43.09 -4.24 0.16
Pedestrian 0.00 0 -7.70 538.39 164.91 551.71 196.83 1.77 0.67 0.57 -3.15 0.85 40.16 -7.78 0.15
Car 0.00 0 -7.36 111.29 176.44 249.75 238.78 1.44 1.54 3.60 -10.64 1.32 18.41 -7.89 0.15
Pedestrian 0.00 0 -3.20 618.72 168.72 635.33 216.05 1.59 0.48 0.54 0.84 1.16 24.40 -3.17 0.15
Pedestrian 0.00 0 -5.14 567.72 165.96 579.11 190.31 1.91 0.60 0.85 -2.19 0.69 56.73 -5.18 0.15
Car 0.00 0 -4.17 472.57 172.52 532.39 201.68 1.44 1.51 3.48 -5.09 1.00 37.30 -4.31 0.14
Pedestrian 0.00 0 -4.20 0.00 158.55 27.39 325.72 1.72 0.59 0.83 -6.92 1.49 7.87 -4.92 0.14
Pedestrian 0.00 0 -2.48 523.05 162.11 539.50 192.85 1.93 0.65 0.81 -4.44 0.71 45.53 -2.58 0.14
Pedestrian 0.00 0 -2.77 401.31 154.67 452.74 236.20 1.79 0.61 0.97 -3.94 1.20 16.13 -3.01 0.14
Car 0.00 0 -6.69 1185.25 173.29 1237.00 373.00 1.39 1.57 4.05 7.40 1.34 5.78 -5.78 0.14
Pedestrian 0.00 0 -4.86 575.48 163.16 584.81 188.13 1.85 0.58 0.81 -1.57 0.49 53.56 -4.89 0.14
Pedestrian 0.00 0 -3.28 706.16 158.48 725.39 201.69 1.78 0.67 0.70 4.75 0.83 29.97 -3.13 0.14
Pedestrian 0.00 0 -3.61 129.82 153.20 205.00 281.44 1.85 0.65 0.76 -6.61 1.45 10.88 -4.16 0.14
Pedestrian 0.00 0 -3.66 559.68 162.75 571.78 194.08 1.87 0.58 0.51 -2.15 0.75 43.37 -3.71 0.13
Car 0.00 0 -3.04 518.80 161.43 574.29 184.08 1.67 1.69 4.00 -4.07 0.19 53.87 -3.11 0.13
Pedestrian 0.00 0 -4.56 830.05 149.57 865.49 239.19 1.79 0.59 0.72 5.05 1.16 14.82 -4.23 0.13
Pedestrian 0.00 0 -7.78 823.25 159.42 901.70 352.35 1.61 0.61 0.85 2.33 1.43 6.52 -7.43 0.12
Cyclist 0.00 0 -5.99 254.34 171.32 395.43 282.68 1.59 0.68 1.83 -4.10 1.44 10.64 -6.36 0.12
Car 0.00 0 -7.82 554.63 165.25 580.84 190.44 1.61 1.62 3.90 -2.20 0.57 47.86 -7.87 0.11
Cyclist 0.00 0 -4.81 436.57 164.41 451.75 209.24 1.69 0.44 1.46 -6.13 1.05 27.87 -5.02 0.11
Pedestrian 0.00 0 -2.79 166.41 177.97 231.18 270.52 1.51 0.67 0.77 -6.80 1.45 12.08 -3.31 0.11
Pedestrian 0.00 0 -4.21 257.03 156.35 342.81 317.35 1.81 0.60 0.86 -3.60 1.53 8.52 -4.61 0.11
Pedestrian 0.00 0 -8.13 402.69 170.85 429.69 225.73 1.59 0.66 0.50 -5.49 1.28 21.19 -8.38 0.10
