Car 0.00 0 -4.43 487.80 185.58 569.90 239.48 1.42 1.53 3.61 -2.41 1.84 21.86 -4.54 0.97
Car 0.00 0 -4.03 0.00 201.99 304.75 374.00 1.50 1.69 4.42 -4.34 1.82 5.76 -4.68 0.95
Cyclist 0.00 0 -7.87 721.64 167.56 751.17 256.27 1.81 0.59 1.75 2.67 1.70 15.61 -7.70 0.86
Car 0.00 0 -4.44 629.28 178.87 667.34 204.35 1.50 1.54 3.33 2.40 1.89 45.08 -4.39 0.79
Car 0.00 0 -7.80 765.32 174.36 789.53 195.65 1.58 1.62 3.89 13.01 1.70 56.04 -7.57 0.36
Cyclist 0.00 0 -4.43 718.27 171.31 756.52 241.24 1.77 0.58 1.61 3.34 1.73 19.10 -4.26 0.28
Car 0.00 0 -2.72 0.00 200.70 198.35 315.63 1.48 1.67 4.23 -9.09 1.97 11.28 -3.40 0.25
Car 0.00 0 -4.47 677.09 177.13 707.43 196.49 1.47 1.53 3.90 6.62 1.83 57.97 -4.36 0.21
Pedestrian 0.00 0 -3.93 337.78 188.59 372.78 245.84 1.53 0.62 0.68 -7.10 1.98 19.97 -4.27 0.20
Car 0.00 0 -2.74 481.58 174.19 557.65 200.17 1.44 1.58 4.05 -5.22 1.52 41.49 -2.86 0.18
Pedestrian 0.00 0 -7.86 481.43 185.06 499.30 226.88 1.57 0.67 0.62 -4.62 2.04 27.61 -8.02 0.17
Car 0.00 0 -4.54 651.67 177.03 683.31 201.30 1.57 1.55 3.78 3.95 1.87 49.50 -4.46 0.17
