Car 0.00 0 -7.79 560.94 172.58 626.66 231.98 1.54 1.66 3.19 -0.37 1.21 20.22 -7.81 0.90
Car 0.00 0 -7.78 532.12 172.57 563.61 198.27 1.51 1.63 4.19 -3.67 0.77 44.35 -7.86 0.44
Car 0.00 0 -4.61 500.48 176.11 549.01 211.99 1.40 1.59 4.30 -3.46 1.05 30.24 -4.72 0.41
Car 0.00 0 -7.86 501.80 159.76 522.83 180.41 1.67 1.71 3.79 -8.12 -0.42 60.98 -7.99 0.35
Car 0.00 0 -2.89 352.89 182.25 512.18 238.20 1.45 1.55 3.91 -4.69 1.37 19.39 -3.13 0.34
Car 0.00 0 -7.97 573.37 172.17 607.48 198.93 1.54 1.62 3.76 -1.11 0.79 43.24 -8.00 0.34
Car 0.00 0 -7.87 517.12 173.21 551.14 202.80 1.43 1.64 4.05 -3.86 0.85 36.91 -7.98 0.28
Pedestrian 0.00 0 -8.15 508.99 174.07 522.79 203.99 1.70 0.66 0.50 -5.29 1.07 41.14 -8.28 0.18
Cyclist 0.00 0 -7.75 636.05 170.84 649.54 209.86 1.62 0.42 1.57 1.47 1.03 30.74 -7.70 0.17
Pedestrian 0.00 0 -8.76 1110.17 182.69 1240.00 375.00 1.64 0.74 0.59 2.33 1.63 2.59 -8.03 0.14
Car 0.00 0 -4.73 546.41 170.71 569.10 192.97 1.55 1.58 3.91 -3.68 0.54 52.16 -4.80 0.13
Pedestrian 0.00 0 -4.32 328.91 182.12 409.57 351.45 1.67 0.53 0.82 -2.52 1.64 7.50 -4.65 0.13
Car 0.00 0 -7.79 621.05 165.55 643.18 183.81 1.50 1.65 3.78 2.09 -0.12 61.14 -7.76 0.11
