Pedestrian 0.00 0 -7.99 944.10 166.61 1074.61 373.00 1.60 0.65 0.84 2.66 1.51 4.86 -7.49 0.87
Pedestrian 0.00 0 -7.90 671.37 164.75 695.73 225.60 1.64 0.63 0.87 2.23 1.19 19.86 -7.79 0.83
Pedestrian 0.00 0 -5.66 996.52 118.86 1167.33 344.90 1.90 0.79 1.06 4.38 1.38 6.68 -5.08 0.75
Pedestrian 0.00 0 -7.76 583.54 160.97 611.23 234.11 1.76 0.60 0.96 -0.13 1.27 17.82 -7.77 0.74
Pedestrian 0.00 0 -8.31 461.50 164.58 492.04 233.10 1.75 0.54 0.69 -3.29 1.32 18.76 -8.48 0.69
Pedestrian 0.00 0 -4.79 490.85 157.50 533.10 257.16 1.82 0.73 0.86 -1.75 1.39 13.64 -4.91 0.68
Pedestrian 0.00 0 -7.96 609.68 161.70 630.86 212.73 1.80 0.66 0.96 0.65 1.10 25.85 -7.94 0.64
Pedestrian 0.00 0 -7.62 363.54 173.56 427.53 300.42 1.64 0.66 0.83 -2.81 1.54 9.71 -7.90 0.63
Pedestrian 0.00 0 -7.94 626.41 165.48 642.81 203.03 1.75 0.71 0.67 1.54 1.00 33.74 -7.89 0.54
Pedestrian 0.00 0 -4.72 628.37 163.77 654.14 229.14 1.68 0.66 0.87 1.01 1.22 18.89 -4.67 0.54
Pedestrian 0.00 0 -6.18 542.29 167.82 555.90 199.46 1.86 0.64 0.74 -3.09 1.05 42.46 -6.26 0.51
Pedestrian 0.00 0 -8.22 681.00 158.16 713.53 219.12 1.79 0.64 1.03 2.85 1.10 21.61 -8.09 0.50
Pedestrian 0.00 0 -5.24 639.75 161.38 673.70 233.24 1.72 0.54 0.73 1.32 1.24 17.66 -5.17 0.49
Pedestrian 0.00 0 -7.96 706.71 158.41 728.61 218.31 1.77 0.56 0.93 3.48 1.09 21.74 -7.80 0.48
Cyclist 0.00 0 -4.83 821.53 170.81 855.15 240.75 1.46 0.53 1.39 5.12 1.23 15.68 -4.51 0.40
Pedestrian 0.00 0 -6.31 756.04 163.52 779.07 211.35 1.64 0.58 0.76 5.76 1.03 25.03 -6.09 0.39
Pedestrian 0.00 0 -4.71 856.93 152.11 894.77 251.94 1.77 0.63 0.84 5.03 1.25 13.27 -4.35 0.32
Car 0.00 0 -4.76 551.40 170.37 578.06 194.18 1.51 1.58 3.53 -2.45 0.81 47.43 -4.81 0.32
Pedestrian 0.00 0 -7.59 681.31 162.46 696.79 202.22 1.76 0.56 0.55 3.90 0.92 32.10 -7.47 0.31
Pedestrian 0.00 0 -6.25 660.62 159.65 683.74 207.84 1.77 0.55 0.84 2.61 0.97 26.65 -6.15 0.31
Pedestrian 0.00 0 -6.12 531.16 164.11 549.07 199.80 1.85 0.67 0.84 -3.21 0.95 37.64 -6.21 0.30
Pedestrian 0.00 0 -7.83 703.11 156.11 722.45 208.62 1.79 0.65 0.63 3.82 0.92 24.80 -7.68 0.30
Pedestrian 0.00 0 -7.70 523.00 165.74 541.03 204.90 1.78 0.72 0.72 -3.19 1.06 32.95 -7.80 0.30
Pedestrian 0.00 0 -8.42 720.43 153.15 821.50 321.08 1.75 0.74 0.89 1.83 1.46 8.03 -8.19 0.29
Pedestrian 0.00 0 -7.49 673.45 160.90 694.97 206.65 1.74 0.61 0.73 3.18 0.96 27.74 -7.38 0.28
Car 0.00 0 -8.02 692.28 176.20 786.29 241.43 1.38 1.58 3.69 3.12 1.27 17.05 -7.84 0.27
Car 0.00 0 -5.29 926.23 173.06 1200.17 292.88 1.43 1.54 3.66 6.31 1.33 10.41 -4.74 0.26
Pedestrian 0.00 0 -4.92 1225.84 135.11 1237.00 345.73 1.69 0.65 0.81 5.92 1.32 6.27 -4.16 0.24
Pedestrian 0.00 0 -6.54 657.90 165.34 678.58 203.87 1.71 0.60 0.80 2.99 0.99 32.27 -6.45 0.23
Pedestrian 0.00 0 -3.16 788.76 167.87 821.78 231.57 1.57 0.48 0.79 5.08 1.24 18.05 -2.89 0.23
Pedestrian 0.00 0 -7.41 98.62 194.77 216.65 373.00 1.51 0.63 0.54 -3.57 1.62 5.74 -7.96 0.22
Pedestrian 0.00 0 -2.17 419.21 183.16 464.80 264.57 1.42 0.60 0.54 -2.91 1.45 12.94 -2.39 0.21
Pedestrian 0.00 0 -3.48 789.28 154.28 827.54 223.92 1.80 0.58 0.82 5.40 1.10 18.89 -3.20 0.20
Pedestrian 0.00 0 -7.74 499.91 165.25 517.21 207.10 1.76 0.67 0.58 -3.95 1.08 30.48 -7.87 0.20
Pedestrian 0.00 0 -7.56 266.40 187.42 341.63 328.97 1.46 0.61 0.56 -3.24 1.53 7.73 -7.95 0.20
Cyclist 0.00 0 -6.91 138.96 154.54 290.26 297.83 1.86 0.68 1.87 -5.51 1.51 10.29 -7.41 0.19
Pedestrian 0.00 0 -3.45 640.89 164.56 667.08 222.36 1.64 0.49 0.63 1.48 1.16 20.63 -3.38 0.18
Pedestrian 0.00 0 -3.89 128.25 230.74 283.79 373.00 1.36 0.49 0.63 -2.32 1.67 4.17 -4.40 0.18
Cyclist 0.00 0 -3.69 674.98 176.15 772.07 266.56 1.52 0.51 1.66 2.10 1.43 12.59 -3.52 0.17
Pedestrian 0.00 0 -4.66 307.03 157.31 359.59 295.18 1.79 0.64 0.84 -3.69 1.47 9.80 -5.02 0.17
Pedestrian 0.00 0 -4.88 452.87 163.34 471.94 208.19 1.85 0.66 0.78 -5.84 1.10 30.08 -5.07 0.16
Pedestrian 0.00 0 -7.58 468.69 159.35 486.06 199.03 1.90 0.68 0.63 -6.00 0.84 34.70 -7.75 0.16
Pedestrian 0.00 0 -2.69 336.11 190.19 415.22 320.56 1.46 0.71 0.65 -2.71 1.57 8.51 -3.00 0.15
Pedestrian 0.00 0 -4.78 176.49 204.40 242.93 367.58 1.39 0.50 0.58 -3.65 1.61 6.59 -5.28 0.14
Pedestrian 0.00 0 -4.48 105.47 189.98 165.29 308.65 1.42 0.49 0.65 -5.88 1.53 9.02 -5.06 0.14
Cyclist 0.00 0 -7.96 773.88 159.06 797.14 217.50 1.67 0.49 1.63 5.44 1.03 21.38 -7.72 0.14
Pedestrian 0.00 0 -7.29 477.35 166.01 492.88 206.59 1.71 0.58 0.30 -4.97 1.06 30.59 -7.45 0.13
Pedestrian 0.00 0 -3.89 220.58 153.18 303.48 295.48 1.84 0.64 0.80 -4.65 1.48 9.78 -4.33 0.12
Pedestrian 0.00 0 -6.18 846.27 157.40 873.06 216.87 1.72 0.60 0.69 7.60 1.02 21.21 -5.84 0.12
Pedestrian 0.00 0 -5.66 379.32 160.25 398.72 211.37 1.82 0.57 0.42 -7.68 1.06 25.90 -5.95 0.12
Pedestrian 0.00 0 -3.56 888.63 167.67 936.43 262.69 1.60 0.55 0.58 5.31 1.37 12.37 -3.16 0.12
Pedestrian 0.00 0 -4.61 16.37 138.78 90.53 316.46 1.98 0.61 0.91 -6.53 1.50 8.53 -5.26 0.12
Cyclist 0.00 0 -6.85 884.31 157.71 937.72 210.60 1.79 0.66 1.58 10.64 0.99 24.75 -6.44 0.11
Car 0.00 0 -2.75 321.81 164.16 423.60 198.64 1.56 1.65 4.22 -10.65 0.78 33.54 -3.05 0.11
Pedestrian 0.00 0 -4.64 1132.28 158.86 1202.66 330.54 1.53 0.48 0.69 5.33 1.33 6.81 -3.98 0.11
Pedestrian 0.00 0 -5.80 57.51 173.86 145.02 303.23 1.64 0.57 0.77 -6.60 1.55 9.45 -6.41 0.10
Pedestrian 0.00 0 -3.67 756.40 154.46 787.12 210.51 1.80 0.59 0.78 5.53 0.93 23.46 -3.44 0.10
