Pedestrian 0.00 0 -7.88 1102.29 152.23 1177.01 298.40 1.74 0.73 0.79 6.69 1.41 8.94 -7.23 0.78
Pedestrian 0.00 0 -5.17 975.53 211.63 1081.49 369.00 1.29 0.40 0.73 3.13 1.54 5.36 -4.65 0.24
Pedestrian 0.00 0 -8.11 836.91 169.61 869.54 234.89 1.61 0.63 0.64 6.20 1.34 17.80 -7.77 0.17
Cyclist 0.00 0 -7.73 498.22 162.89 550.52 264.17 1.73 0.74 1.85 -1.49 1.43 13.01 -7.85 0.15
Cyclist 0.00 0 -8.65 1137.52 161.32 1223.00 264.53 1.65 0.50 1.69 10.08 1.35 12.17 -7.96 0.14
Car 0.00 0 -4.45 0.00 179.01 7.05 239.23 1.53 1.61 4.09 -18.64 1.49 20.09 -5.20 0.14
Cyclist 0.00 0 -5.90 662.99 165.06 752.75 253.14 1.72 0.53 1.74 2.05 1.42 14.44 -5.76 0.13
Cyclist 0.00 0 -8.36 931.66 163.52 1001.50 254.54 1.73 0.55 1.59 7.18 1.41 14.20 -7.89 0.12
Cyclist 0.00 0 -4.41 62.04 167.09 126.56 265.87 1.72 0.52 1.63 -9.51 1.49 13.16 -5.04 0.12
Cyclist 0.00 0 -8.04 955.45 169.26 1016.71 281.39 1.63 0.52 1.83 5.96 1.47 11.21 -7.55 0.12
Pedestrian 0.00 0 -7.65 17.71 169.58 70.64 257.46 1.72 0.68 0.85 -11.42 1.51 14.36 -8.32 0.12
Pedestrian 0.00 0 -3.00 816.92 173.62 859.54 253.90 1.55 0.47 0.75 4.60 1.42 14.06 -2.69 0.11
Car 0.00 0 -8.02 653.65 140.98 692.88 169.97 1.55 1.66 3.81 3.92 -0.64 41.17 -7.92 0.11
Pedestrian 0.00 0 -6.25 572.94 165.37 613.45 248.60 1.70 0.49 0.83 -0.28 1.39 14.71 -6.27 0.10
Pedestrian 0.00 0 -4.53 751.90 169.17 786.83 255.62 1.68 0.55 0.81 3.27 1.46 14.20 -4.31 0.10
