Car 0.00 0 -7.85 629.20 174.37 727.48 268.36 1.47 1.54 3.63 1.19 1.50 13.19 -7.76 0.84
Pedestrian 0.00 0 -7.95 596.65 163.34 641.06 259.96 1.70 0.73 0.85 0.10 1.53 13.15 -7.94 0.70
Car 0.00 0 -7.93 617.42 169.85 660.42 206.60 1.48 1.55 3.64 1.15 1.36 30.98 -7.90 0.49
Car 0.00 0 -7.35 0.00 175.94 364.52 374.00 1.61 1.72 4.12 -3.92 1.65 6.84 -7.87 0.45
Car 0.00 0 -6.41 653.43 166.95 715.62 193.64 1.60 1.63 3.59 4.48 1.24 44.01 -6.31 0.30
Car 0.00 0 -7.82 611.78 162.60 638.73 190.22 1.75 1.65 4.11 1.02 1.10 47.73 -7.80 0.23
Car 0.00 0 -6.02 305.99 174.26 407.87 213.17 1.53 1.57 3.63 -10.27 1.59 29.33 -6.36 0.16
Car 0.00 0 -2.79 454.31 172.31 522.96 197.17 1.60 1.69 4.14 -8.02 1.56 47.62 -2.96 0.15
Pedestrian 0.00 0 -4.68 707.63 172.86 728.43 225.44 1.54 0.60 0.67 3.18 1.54 21.54 -4.54 0.14
Pedestrian 0.00 0 -3.15 740.79 158.59 750.47 199.65 1.79 0.49 0.41 5.93 1.17 31.79 -2.97 0.11
Pedestrian 0.00 0 -4.39 1095.71 145.62 1241.00 374.00 1.72 0.64 0.67 3.73 1.56 4.87 -3.74 0.11
Pedestrian 0.00 0 -3.41 536.14 170.68 545.48 190.71 1.72 0.57 0.68 -6.01 1.54 62.45 -3.51 0.11
Car 0.00 0 -7.59 483.63 167.29 512.68 187.22 1.80 1.75 3.83 -10.40 1.30 67.22 -7.75 0.10
Pedestrian 0.00 0 -2.51 0.00 159.68 2.77 374.00 1.81 0.59 0.90 -5.94 1.71 6.15 -3.28 0.10
