Car 0.00 0 -3.99 0.00 192.61 164.92 374.00 1.55 1.73 3.98 -5.95 1.78 6.25 -4.75 0.96
Car 0.00 0 -4.38 84.30 181.96 193.32 237.10 1.57 1.74 4.03 -15.21 1.90 23.48 -4.95 0.93
Car 0.00 0 -8.67 941.23 197.13 1241.00 374.00 1.52 1.63 3.84 3.03 1.69 2.96 -7.87 0.92
Car 0.00 0 -4.88 457.47 181.32 508.83 219.02 1.44 1.56 3.56 -5.44 1.82 30.44 -5.05 0.91
Car 0.00 0 -5.51 334.87 182.23 419.62 213.36 1.52 1.70 4.29 -12.32 2.04 38.03 -5.82 0.83
Car 0.00 0 -7.46 19.38 184.43 122.70 233.99 1.47 1.52 3.53 -17.94 1.88 24.13 -8.10 0.82
Car 0.00 0 -3.58 639.62 174.64 705.48 196.97 1.56 1.67 4.45 4.48 1.69 52.07 -3.49 0.70
Car 0.00 0 -7.44 0.00 188.52 44.59 236.82 1.38 1.61 3.67 -20.54 1.94 23.86 -8.15 0.69
Car 0.00 0 -3.69 527.96 176.93 596.72 201.05 1.54 1.68 4.39 -3.21 1.82 48.59 -3.75 0.59
Car 0.00 0 -7.33 128.54 188.35 249.97 241.52 1.38 1.54 3.63 -12.53 1.89 21.66 -7.86 0.59
Pedestrian 0.00 0 -5.02 677.64 170.51 703.17 215.92 1.79 0.75 1.00 3.18 1.70 29.02 -4.91 0.57
Pedestrian 0.00 0 -4.37 958.84 160.15 1001.58 250.39 1.73 0.53 0.77 7.29 1.49 14.29 -3.90 0.48
Cyclist 0.00 0 -8.50 1221.05 163.00 1241.00 215.35 1.63 0.36 1.58 20.50 1.33 23.32 -7.78 0.41
Car 0.00 0 -4.65 533.55 179.74 567.14 208.59 1.47 1.60 4.05 -3.28 1.87 39.87 -4.73 0.38
Cyclist 0.00 0 -8.03 730.49 167.70 750.27 214.05 1.75 0.47 1.63 5.03 1.56 28.13 -7.86 0.30
Car 0.00 0 -4.16 0.00 190.29 113.64 306.69 1.48 1.58 4.03 -10.18 1.82 11.94 -4.87 0.28
Pedestrian 0.00 0 -4.94 985.79 156.86 1011.04 209.05 1.94 0.73 0.58 14.58 1.34 27.17 -4.44 0.23
Pedestrian 0.00 0 -7.86 819.83 165.49 839.29 216.42 1.89 0.69 0.90 8.27 1.62 27.33 -7.57 0.19
Pedestrian 0.00 0 -4.35 156.22 168.41 186.97 222.44 1.95 0.69 0.89 -16.14 1.79 26.50 -4.89 0.19
Cyclist 0.00 0 -4.29 300.22 174.63 333.52 225.58 1.76 0.57 1.44 -10.48 1.83 25.72 -4.68 0.15
Pedestrian 0.00 0 -8.11 1021.69 155.46 1047.17 207.56 1.93 0.72 0.51 15.91 1.29 27.13 -7.58 0.14
Pedestrian 0.00 0 -4.32 997.35 154.33 1033.42 222.07 1.86 0.61 0.84 11.34 1.35 20.27 -3.80 0.14
Car 0.00 0 -4.25 487.67 178.56 523.34 195.15 1.52 1.68 4.36 -10.14 2.10 70.22 -4.40 0.11
Car 0.00 0 -4.68 284.55 184.11 320.93 215.10 1.47 1.62 4.09 -16.14 2.09 37.94 -5.08 0.10
