Car 0.00 0 -2.49 0.00 202.84 122.05 244.14 1.41 1.57 3.79 -20.50 2.56 26.65 -3.15 0.92
Car 0.00 0 -8.81 1003.78 202.46 1241.00 374.00 1.48 1.61 3.83 3.04 1.66 2.23 -7.87 0.88
Car 0.00 0 -3.49 823.57 173.36 936.53 212.23 1.43 1.51 3.71 10.12 1.45 27.30 -3.14 0.84
Car 0.00 0 -5.70 0.00 211.24 57.13 274.98 1.39 1.53 3.81 -16.47 2.41 18.07 -6.44 0.83
Pedestrian 0.00 0 -4.87 980.40 129.45 1063.56 301.67 1.87 0.70 0.92 4.71 1.40 8.41 -4.36 0.64
Car 0.00 0 -4.65 123.64 191.86 169.35 224.84 1.41 1.65 4.06 -22.73 2.40 35.43 -5.22 0.57
Car 0.00 0 -2.69 184.36 180.10 333.27 235.99 1.98 1.78 4.63 -12.92 2.25 26.63 -3.14 0.49
Car 0.00 0 -4.92 175.44 191.48 225.13 223.74 1.44 1.50 3.20 -20.38 2.40 35.78 -5.44 0.43
Car 0.00 0 -6.97 947.92 167.96 1075.44 205.87 1.38 1.62 4.14 15.18 1.20 27.40 -6.46 0.43
Car 0.00 0 -6.98 1064.70 160.86 1241.00 223.49 1.54 1.56 3.66 14.01 1.25 18.66 -6.34 0.40
Car 0.00 0 -5.18 292.84 186.06 363.31 218.77 1.48 1.59 4.09 -14.18 2.17 36.09 -5.56 0.36
Pedestrian 0.00 0 -6.75 1119.42 131.63 1241.00 318.92 1.82 0.64 0.94 5.85 1.42 7.40 -6.08 0.23
Cyclist 0.00 0 -6.34 761.99 171.63 803.66 211.56 1.63 0.72 1.65 7.13 1.58 30.00 -6.10 0.18
Pedestrian 0.00 0 -3.88 868.48 159.47 883.37 201.45 1.90 0.52 0.39 12.10 1.29 32.93 -3.53 0.18
Cyclist 0.00 0 -7.40 514.97 176.76 537.03 209.73 1.63 0.47 1.58 -4.29 1.83 36.63 -7.52 0.17
Pedestrian 0.00 0 -6.41 1027.73 158.69 1072.87 260.92 1.63 0.63 0.56 7.20 1.40 11.90 -5.86 0.16
Car 0.00 0 -7.67 459.29 174.18 501.32 205.40 1.65 1.64 3.82 -7.21 1.73 40.22 -7.85 0.16
Pedestrian 0.00 0 -8.13 1089.73 152.76 1154.61 268.69 1.67 0.59 0.84 7.64 1.38 10.86 -7.52 0.15
Pedestrian 0.00 0 -4.74 426.11 171.89 440.03 211.49 1.94 0.65 0.78 -8.81 1.89 35.78 -4.98 0.15
Car 0.00 0 -4.69 243.16 190.37 286.29 225.90 1.45 1.73 4.08 -16.18 2.33 33.86 -5.13 0.14
Car 0.00 0 -4.19 592.64 173.82 645.62 199.74 1.55 1.62 3.90 0.59 1.62 45.52 -4.18 0.13
Pedestrian 0.00 0 -8.32 726.07 162.57 745.11 201.23 1.89 0.66 0.75 6.18 1.39 35.75 -8.15 0.13
Pedestrian 0.00 0 -5.39 938.80 183.26 966.62 240.29 1.19 0.37 0.40 7.26 1.42 15.39 -4.95 0.13
Cyclist 0.00 0 -6.41 768.13 164.81 806.57 200.67 1.75 0.64 1.78 8.73 1.36 35.73 -6.17 0.13
Pedestrian 0.00 0 -7.39 514.27 173.46 530.02 207.54 1.75 0.60 0.60 -4.59 1.78 37.37 -7.51 0.12
Pedestrian 0.00 0 -5.36 1018.96 174.37 1075.91 264.16 1.33 0.44 0.65 6.65 1.36 11.08 -4.82 0.12
Car 0.00 0 -5.19 0.00 191.58 68.98 219.75 1.53 1.62 3.88 -34.24 2.69 42.86 -5.86 0.12
Car 0.00 0 -7.81 428.30 184.11 459.78 211.81 1.44 1.59 3.89 -9.49 2.12 41.32 -8.04 0.11
Cyclist 0.00 0 -8.16 524.87 172.01 542.25 202.27 1.79 0.53 1.78 -4.65 1.74 43.53 -8.26 0.11
Pedestrian 0.00 0 -3.44 853.86 137.92 980.40 370.76 1.81 0.38 0.87 2.40 1.54 5.82 -3.05 0.11
Pedestrian 0.00 0 -3.77 1165.87 119.66 1241.00 325.32 1.83 0.59 0.92 5.83 1.35 6.74 -3.06 0.10
