Car 0.00 0 -4.17 0.00 192.52 335.28 374.00 1.54 1.67 4.23 -4.61 1.80 7.63 -4.71 0.97
Car 0.00 0 -3.76 0.00 222.00 56.20 374.00 1.49 1.62 3.72 -4.62 1.83 3.07 -4.75 0.94
Car 0.00 0 -8.02 739.57 177.79 832.05 242.31 1.43 1.60 3.96 4.28 1.57 18.28 -7.79 0.92
Car 0.00 0 -8.15 774.58 156.12 982.47 294.06 1.82 1.77 4.80 4.04 1.60 11.93 -7.82 0.92
Car 0.00 0 -8.03 716.67 173.69 780.64 222.31 1.50 1.51 3.34 4.48 1.53 23.93 -7.84 0.88
Car 0.00 0 -4.57 513.20 176.42 560.43 209.21 1.45 1.66 4.15 -3.47 1.63 34.45 -4.67 0.88
Car 0.00 0 -7.94 706.81 174.33 755.07 213.87 1.48 1.59 3.87 4.77 1.54 29.10 -7.78 0.76
Car 0.00 0 -7.92 698.41 173.74 736.08 206.94 1.50 1.56 3.63 5.05 1.55 34.59 -7.77 0.66
Car 0.00 0 -7.67 582.60 174.26 609.29 193.29 1.56 1.65 3.52 -1.19 1.69 61.37 -7.69 0.50
Car 0.00 0 -7.32 1002.11 154.42 1102.86 197.61 1.64 1.66 3.98 17.79 0.94 29.05 -6.77 0.44
Car 0.00 0 -4.86 768.93 169.41 800.44 192.96 1.65 1.67 3.89 12.64 1.41 52.52 -4.62 0.39
Pedestrian 0.00 0 -5.27 1018.53 158.90 1068.62 239.15 1.72 0.59 0.83 9.49 1.42 15.89 -4.74 0.23
Cyclist 0.00 0 -1.98 90.20 160.39 152.11 255.34 1.91 0.40 1.75 -10.31 1.66 15.12 -2.58 0.19
Cyclist 0.00 0 -3.72 1174.25 159.64 1241.00 212.76 1.58 0.69 1.64 18.20 1.19 21.91 -3.02 0.19
Car 0.00 0 -4.45 550.76 173.47 591.55 198.68 1.51 1.55 4.06 -2.42 1.55 45.34 -4.50 0.19
Pedestrian 0.00 0 -5.62 429.76 181.95 444.93 211.98 1.61 0.65 0.52 -9.43 2.11 39.25 -5.86 0.17
Car 0.00 0 -7.74 693.81 170.83 732.42 201.60 1.59 1.63 3.99 5.63 1.48 39.32 -7.59 0.16
Car 0.00 0 -2.85 448.71 172.98 514.78 199.10 1.57 1.66 3.70 -7.92 1.58 44.52 -3.03 0.15
Pedestrian 0.00 0 -7.64 888.31 156.43 914.02 211.12 1.82 0.67 0.73 9.85 1.27 24.51 -7.26 0.14
Pedestrian 0.00 0 -3.21 1166.14 154.01 1197.93 231.42 1.85 0.55 0.57 13.91 1.40 17.61 -2.55 0.14
Car 0.00 0 -2.92 492.90 162.83 551.41 183.12 1.62 1.69 4.47 -7.15 0.82 58.75 -3.04 0.14
Car 0.00 0 -7.34 499.54 169.18 544.30 191.16 1.52 1.55 3.75 -6.30 1.26 51.77 -7.46 0.13
Car 0.00 0 -8.14 896.15 161.60 941.14 191.01 1.93 1.75 4.06 21.06 1.19 49.45 -7.74 0.13
Car 0.00 0 -4.60 537.90 176.14 574.00 204.64 1.49 1.57 3.96 -3.00 1.68 40.24 -4.67 0.13
Pedestrian 0.00 0 -4.64 958.11 176.06 985.20 240.32 1.47 0.52 0.76 8.51 1.55 17.06 -4.18 0.12
Pedestrian 0.00 0 -7.27 1145.80 151.59 1205.41 253.60 1.77 0.56 0.68 10.07 1.40 12.92 -6.60 0.12
Pedestrian 0.00 0 -4.75 282.61 165.81 302.06 217.84 1.91 0.64 0.79 -11.95 1.66 27.04 -5.17 0.11
Cyclist 0.00 0 -4.64 490.34 176.32 501.53 204.73 1.59 0.52 1.56 -6.55 1.79 41.27 -4.80 0.11
Pedestrian 0.00 0 -3.48 1226.83 143.99 1241.00 242.62 1.80 0.47 0.42 11.84 1.28 13.48 -2.76 0.10
