Car 0.00 0 -5.77 13.30 179.74 362.30 288.48 1.47 1.63 4.22 -6.11 1.58 10.69 -6.29 0.98
Car 0.00 0 -8.01 684.31 183.25 782.02 251.43 1.35 1.62 3.84 2.69 1.62 16.84 -7.86 0.96
Car 0.00 0 -5.96 268.53 169.93 463.01 240.57 1.68 1.69 4.29 -6.04 1.61 18.02 -6.29 0.92
Car 0.00 0 -4.59 554.87 176.89 587.57 204.70 1.49 1.44 3.50 -2.20 1.73 40.92 -4.65 0.85
Car 0.00 0 -7.95 666.61 179.42 722.69 222.94 1.41 1.60 3.99 2.93 1.67 26.00 -7.84 0.83
Car 0.00 0 -3.05 417.50 174.99 515.90 211.33 1.57 1.66 4.17 -6.37 1.66 32.24 -3.24 0.75
Car 0.00 0 -4.84 642.43 172.27 675.20 199.04 1.58 1.60 3.37 2.93 1.55 44.35 -4.77 0.67
Car 0.00 0 -6.36 502.40 175.50 563.90 199.16 1.53 1.64 3.95 -5.16 1.71 48.02 -6.47 0.60
Car 0.00 0 -5.79 395.09 179.06 503.84 221.48 1.44 1.46 3.57 -5.82 1.68 26.05 -6.01 0.53
Car 0.00 0 -6.14 352.47 182.37 492.60 227.75 1.37 1.49 4.18 -5.96 1.69 23.13 -6.39 0.48
Car 0.00 0 -2.81 177.85 175.73 427.57 265.25 1.55 1.63 3.99 -5.64 1.61 13.50 -3.21 0.27
Car 0.00 0 -4.33 528.61 179.45 585.98 209.93 1.37 1.54 3.69 -2.56 1.71 35.32 -4.40 0.21
Pedestrian 0.00 0 -7.87 739.05 176.14 749.50 206.44 1.54 0.52 0.50 6.85 1.71 37.03 -7.69 0.19
Car 0.00 0 -5.69 417.38 177.21 528.97 216.83 1.48 1.64 4.20 -5.54 1.67 28.97 -5.88 0.19
Car 0.00 0 -2.73 295.80 172.60 444.88 229.30 1.55 1.54 3.74 -6.84 1.54 20.62 -3.05 0.18
Cyclist 0.00 0 -7.06 389.33 171.68 468.78 252.19 1.69 0.64 1.78 -4.04 1.66 16.04 -7.31 0.15
Pedestrian 0.00 0 -3.15 473.16 218.85 599.87 374.00 1.52 0.45 0.70 -0.49 1.81 4.25 -3.27 0.14
