Car 0.00 0 -7.13 419.90 172.54 532.00 217.29 1.56 1.70 4.42 -4.68 1.25 27.29 -7.30 0.93
Car 0.00 0 -7.64 570.28 171.84 615.54 202.37 1.46 1.57 3.59 -0.39 1.00 36.19 -7.66 0.92
Car 0.00 0 -4.22 328.34 180.77 391.50 209.78 1.45 1.57 3.80 -12.70 1.42 37.98 -4.55 0.62
Car 0.00 0 -7.60 559.54 167.96 590.26 188.43 1.62 1.61 3.85 -2.12 0.55 58.98 -7.64 0.18
Pedestrian 0.00 0 -3.06 817.54 133.42 922.87 324.70 1.85 0.50 0.98 2.72 1.39 7.39 -2.71 0.17
Car 0.00 0 -8.47 952.85 125.58 1047.89 165.69 1.52 1.64 3.84 16.97 -0.72 30.80 -7.96 0.15
Car 0.00 0 -4.84 1076.81 127.61 1130.54 162.98 1.46 1.61 3.93 23.74 -0.93 34.07 -4.23 0.13
Pedestrian 0.00 0 -8.14 378.55 172.82 399.12 215.62 1.71 0.65 0.61 -8.64 1.36 29.12 -8.43 0.12
Pedestrian 0.00 0 -8.45 668.79 170.10 689.03 211.15 1.70 0.66 0.53 3.22 1.23 30.05 -8.35 0.11
Cyclist 0.00 0 -3.66 1120.63 123.83 1170.65 165.27 1.79 0.59 1.69 24.03 -0.73 31.76 -3.01 0.11
Pedestrian 0.00 0 -5.81 328.01 168.75 344.33 200.38 1.93 0.61 0.75 -16.34 1.16 44.27 -6.17 0.11
Pedestrian 0.00 0 -4.32 700.51 161.06 718.03 198.33 1.84 0.58 0.87 5.39 0.83 35.92 -4.17 0.10
