Car 0.00 0 -4.48 355.66 179.27 424.35 221.76 1.65 1.81 4.55 -9.40 1.95 31.06 -4.77 0.90
Car 0.00 0 -7.92 588.98 178.04 616.93 202.82 1.52 1.60 3.54 -0.52 1.87 46.90 -7.93 0.82
Car 0.00 0 -7.79 549.14 179.30 573.16 199.42 1.47 1.61 3.77 -3.78 1.99 55.86 -7.86 0.66
Car 0.00 0 -4.59 453.20 176.77 484.64 200.00 1.69 1.83 4.37 -10.80 2.00 55.36 -4.78 0.65
Cyclist 0.00 0 -6.30 982.70 148.93 1025.21 187.87 1.82 0.72 1.76 18.76 0.70 34.46 -5.80 0.52
Pedestrian 0.00 0 -8.08 1179.74 131.84 1215.80 192.28 1.77 0.69 0.75 17.57 0.57 21.64 -7.40 0.33
Car 0.00 0 -4.04 0.00 197.26 42.68 255.54 1.48 1.57 4.02 -19.71 2.30 22.11 -4.77 0.23
Car 0.00 0 -7.43 155.92 192.85 336.80 283.07 1.42 1.63 4.13 -7.02 1.87 14.34 -7.89 0.18
Car 0.00 0 -7.30 279.98 183.41 340.39 212.35 1.55 1.57 3.64 -17.40 2.19 41.95 -7.69 0.17
Pedestrian 0.00 0 -7.07 964.30 152.97 984.79 185.55 1.79 0.64 0.79 20.17 0.70 40.00 -6.60 0.15
Pedestrian 0.00 0 -3.26 738.10 156.45 782.49 237.14 1.98 0.58 1.02 3.70 1.58 18.06 -3.06 0.15
Pedestrian 0.00 0 -4.83 1153.04 128.49 1188.40 202.11 1.89 0.67 0.54 14.69 0.75 18.97 -4.17 0.15
Car 0.00 0 -7.61 382.41 183.51 451.10 229.34 1.54 1.62 3.76 -7.18 1.96 26.98 -7.87 0.14
Pedestrian 0.00 0 -5.79 622.46 173.23 633.77 195.36 1.89 0.45 0.86 1.54 1.92 62.04 -5.76 0.12
Pedestrian 0.00 0 -6.06 630.16 172.76 636.57 192.22 1.74 0.59 0.45 2.08 1.73 64.66 -6.02 0.11
Car 0.00 0 -4.21 371.62 180.70 428.88 206.40 1.51 1.66 4.23 -13.32 2.03 45.96 -4.49 0.11
Pedestrian 0.00 0 -4.36 1137.83 143.84 1155.78 182.84 1.82 0.58 0.39 25.32 0.47 34.09 -3.72 0.11
Pedestrian 0.00 0 -8.99 1099.03 135.67 1119.20 185.74 1.70 0.55 0.37 17.10 0.44 24.78 -8.39 0.11
Car 0.00 0 -4.70 479.15 179.28 503.87 204.33 1.54 1.53 3.54 -7.73 1.97 47.05 -4.86 0.11
Pedestrian 0.00 0 -4.98 1099.89 127.29 1154.26 230.57 1.91 0.66 0.78 9.81 1.07 13.79 -4.37 0.11
Car 0.00 0 -7.47 351.18 179.26 400.05 203.56 1.54 1.65 4.35 -15.93 2.00 49.18 -7.78 0.10
