Car 0.00 0 -8.01 651.54 174.99 703.42 213.50 1.55 1.65 3.96 2.82 1.65 31.38 -7.92 0.96
Car 0.00 0 -4.43 414.23 187.90 477.87 230.10 1.44 1.48 3.46 -6.26 2.06 27.70 -4.66 0.95
Car 0.00 0 -3.85 0.00 225.06 72.47 374.00 1.47 1.63 3.72 -6.03 1.97 5.08 -4.72 0.89
Car 0.00 0 -7.31 129.10 196.91 211.97 233.43 1.53 1.74 3.65 -20.91 2.74 34.44 -7.86 0.89
Car 0.00 0 -4.52 450.35 186.34 500.34 220.82 1.42 1.55 3.96 -6.19 2.08 33.29 -4.71 0.85
Car 0.00 0 -7.34 86.40 198.85 166.52 234.27 1.50 1.60 3.78 -23.59 2.84 35.30 -7.93 0.84
Car 0.00 0 -7.30 34.43 198.80 121.49 235.07 1.54 1.71 3.73 -25.96 2.88 35.32 -7.93 0.83
Car 0.00 0 -7.50 188.87 196.37 257.14 233.65 1.55 1.67 3.75 -18.45 2.74 34.49 -7.99 0.72
Car 0.00 0 -4.53 483.42 181.74 523.80 211.21 1.56 1.57 4.10 -6.10 2.10 41.55 -4.67 0.46
Pedestrian 0.00 0 -3.94 1169.48 137.64 1241.00 272.67 1.76 0.60 0.68 8.08 1.30 9.75 -3.24 0.44
Car 0.00 0 -8.16 822.71 159.65 862.44 181.05 1.62 1.74 4.34 18.20 0.62 56.73 -7.85 0.40
Pedestrian 0.00 0 -3.34 1031.71 143.64 1083.08 248.63 1.82 0.58 0.68 7.95 1.32 12.93 -2.79 0.36
Car 0.00 0 -4.93 623.60 176.28 655.47 198.17 1.53 1.55 3.90 2.11 1.80 53.26 -4.89 0.32
Car 0.00 0 -4.67 518.58 182.31 541.05 203.29 1.44 1.49 3.78 -5.90 2.16 53.12 -4.78 0.31
Cyclist 0.00 0 -4.29 1016.24 146.29 1117.14 260.80 1.72 0.66 1.92 7.33 1.32 11.63 -3.73 0.21
Car 0.00 0 -3.21 419.93 183.59 472.15 206.78 1.54 1.56 3.46 -11.50 2.31 50.44 -3.43 0.21
Car 0.00 0 -7.91 1207.31 164.84 1241.00 198.53 1.43 1.62 3.77 28.11 1.09 32.63 -7.20 0.20
Cyclist 0.00 0 -4.65 408.29 181.51 427.42 237.55 1.74 0.51 1.47 -6.26 2.03 23.37 -4.91 0.14
Pedestrian 0.00 0 -7.84 828.08 163.21 839.49 192.02 1.78 0.68 0.66 13.96 1.19 45.10 -7.54 0.14
Car 0.00 0 -4.76 520.64 178.66 542.69 198.33 1.48 1.56 3.69 -6.28 1.96 57.37 -4.87 0.13
Car 0.00 0 -5.15 1128.25 143.89 1192.64 169.56 1.48 1.64 3.91 33.59 -0.21 44.19 -4.50 0.11
Pedestrian 0.00 0 -3.37 363.48 175.53 376.55 219.40 2.05 0.56 0.47 -11.41 2.18 34.17 -3.69 0.11
Car 0.00 0 -4.73 506.14 181.11 531.12 205.79 1.54 1.58 4.07 -6.20 2.11 48.44 -4.86 0.10
Pedestrian 0.00 0 -3.55 384.18 177.18 397.02 215.69 1.97 0.48 0.48 -11.39 2.20 37.34 -3.84 0.10
Car 0.00 0 -6.08 1130.84 159.48 1241.00 197.79 1.45 1.58 4.04 23.81 0.94 29.36 -5.40 0.10
