Car 0.00 0 -7.71 382.69 184.82 515.30 293.40 1.54 1.70 4.28 -2.73 1.79 12.92 -7.92 0.98
Car 0.00 0 -8.06 688.60 168.31 828.80 284.66 1.77 1.65 3.82 2.42 1.70 12.89 -7.87 0.97
Car 0.00 0 -4.58 500.02 186.41 556.08 229.07 1.37 1.56 3.81 -2.97 1.91 26.37 -4.70 0.90
Car 0.00 0 -8.06 652.53 183.91 727.98 235.01 1.42 1.59 3.97 2.41 1.80 22.95 -7.95 0.86
Car 0.00 0 -4.75 545.91 181.28 573.05 206.15 1.53 1.64 3.89 -3.41 2.11 47.71 -4.82 0.65
Car 0.00 0 -8.00 683.97 182.89 771.76 252.71 1.50 1.59 3.75 2.77 1.78 17.93 -7.85 0.60
Car 0.00 0 -4.90 621.87 178.17 654.28 201.74 1.64 1.67 3.93 2.00 2.05 53.15 -4.86 0.50
Pedestrian 0.00 0 -3.62 317.46 180.71 353.73 251.63 1.62 0.52 0.63 -6.51 1.81 16.99 -3.99 0.31
Pedestrian 0.00 0 -7.41 331.79 171.55 369.63 246.42 1.85 0.56 0.94 -6.61 1.82 18.30 -7.76 0.27
Car 0.00 0 -4.85 562.40 178.14 585.08 196.91 1.64 1.56 3.99 -3.38 2.14 66.21 -4.90 0.19
Pedestrian 0.00 0 -4.56 356.41 192.10 380.91 253.65 1.38 0.45 0.61 -5.66 1.84 16.78 -4.89 0.16
Cyclist 0.00 0 -4.89 368.52 181.81 393.08 233.59 1.66 0.49 1.72 -7.79 1.98 24.35 -5.20 0.15
Pedestrian 0.00 0 -4.01 141.78 171.19 191.09 251.82 1.80 0.63 0.75 -10.18 1.76 16.49 -4.57 0.14
Car 0.00 0 -7.99 704.98 163.34 752.08 212.28 2.13 1.61 4.03 5.39 1.72 33.44 -7.83 0.13
Pedestrian 0.00 0 -3.04 788.27 165.12 828.61 248.26 1.95 0.58 0.88 4.73 1.77 17.38 -2.78 0.11
Cyclist 0.00 0 -6.07 464.13 172.90 500.20 207.54 1.90 0.55 1.89 -7.10 1.91 39.93 -6.25 0.11
