Car 0.00 0 -8.19 683.70 178.52 867.52 300.18 1.44 1.52 3.31 2.15 1.54 10.46 -7.99 0.97
Car 0.00 0 -3.80 581.21 173.39 688.45 215.11 1.40 1.61 3.63 0.88 1.42 25.92 -3.77 0.92
Car 0.00 0 -7.39 950.92 164.52 1034.72 205.52 1.45 1.45 3.32 14.37 1.16 27.11 -6.90 0.84
Car 0.00 0 -7.43 1002.71 154.56 1099.12 200.75 1.78 1.71 4.46 18.18 1.07 29.76 -6.88 0.83
Car 0.00 0 -7.32 863.81 161.92 975.20 211.48 1.56 1.61 4.14 10.52 1.21 24.52 -6.92 0.79
Car 0.00 0 -3.96 720.66 171.33 808.56 207.49 1.40 1.42 3.67 6.34 1.35 29.64 -3.75 0.78
Car 0.00 0 -7.18 774.60 168.04 902.51 221.06 1.47 1.55 3.95 6.87 1.33 21.70 -6.87 0.70
Cyclist 0.00 0 -2.43 458.48 164.97 501.35 208.04 1.73 0.65 1.73 -5.40 1.41 29.67 -2.61 0.49
Car 0.00 0 -7.78 1106.87 157.46 1152.26 190.73 1.57 1.56 3.79 25.92 0.84 36.00 -7.15 0.47
Pedestrian 0.00 0 -8.12 705.97 153.52 757.55 257.79 1.83 0.73 0.83 2.15 1.49 13.12 -7.96 0.44
Pedestrian 0.00 0 -5.58 407.30 164.84 435.85 214.59 1.76 0.62 0.77 -6.82 1.48 25.97 -5.84 0.32
Cyclist 0.00 0 -7.42 574.75 162.79 604.86 208.81 1.73 0.50 1.71 -0.81 1.35 28.04 -7.45 0.30
Car 0.00 0 -7.87 1092.06 165.59 1120.12 187.11 1.45 1.55 3.65 34.61 0.96 50.44 -7.27 0.25
Pedestrian 0.00 0 -4.64 364.92 165.26 385.91 219.32 1.76 0.61 0.79 -7.83 1.51 23.97 -4.95 0.24
Car 0.00 0 -8.06 1195.30 153.54 1241.00 207.95 1.56 1.60 3.75 19.83 1.01 22.75 -7.34 0.23
Car 0.00 0 -7.55 828.63 167.10 883.62 199.19 1.41 1.47 3.43 11.44 1.16 33.55 -7.22 0.21
Cyclist 0.00 0 -2.21 444.95 164.13 480.28 204.91 1.73 0.59 1.73 -6.46 1.36 31.36 -2.41 0.19
Cyclist 0.00 0 -7.39 681.64 165.18 708.70 205.10 1.68 0.49 1.62 3.65 1.36 31.21 -7.27 0.16
Car 0.00 0 -7.57 1154.60 156.94 1218.92 188.30 1.60 1.62 4.08 30.85 0.79 38.61 -6.90 0.15
Cyclist 0.00 0 -7.43 709.75 163.69 734.99 203.15 1.72 0.49 1.64 4.99 1.32 32.23 -7.28 0.15
Cyclist 0.00 0 -7.46 118.93 169.82 171.33 241.54 1.72 0.55 1.56 -11.69 1.65 18.11 -8.03 0.14
Pedestrian 0.00 0 -4.19 535.05 162.97 561.23 211.42 1.77 0.63 0.86 -2.35 1.41 26.94 -4.27 0.13
Cyclist 0.00 0 -8.00 442.00 160.68 454.51 197.39 1.66 0.34 1.56 -7.55 1.11 33.46 -8.22 0.12
Car 0.00 0 -7.70 951.46 164.41 995.60 193.33 1.52 1.60 3.94 20.11 1.07 39.92 -7.24 0.12
