Cyclist 0.00 0 -8.32 946.44 147.41 1065.96 284.01 1.84 0.75 1.96 5.76 1.50 10.73 -7.82 0.92
Car 0.00 0 -7.86 556.92 174.58 688.13 295.58 1.60 1.74 4.71 0.13 1.63 11.94 -7.84 0.91
Car 0.00 0 -7.91 594.96 173.39 624.15 199.71 1.64 1.67 3.96 -0.10 1.68 47.11 -7.91 0.54
Car 0.00 0 -4.80 592.58 181.30 641.65 222.49 1.40 1.51 3.67 0.17 1.74 27.23 -4.80 0.52
Pedestrian 0.00 0 -5.82 534.47 173.74 552.03 214.75 1.77 0.64 0.53 -2.95 1.81 31.48 -5.92 0.24
Car 0.00 0 -4.45 584.57 173.46 611.15 191.02 1.62 1.59 3.90 -1.14 1.68 68.79 -4.47 0.18
Pedestrian 0.00 0 -8.04 659.42 170.99 676.24 208.71 1.91 0.79 0.45 2.91 1.82 36.83 -7.96 0.18
Car 0.00 0 -5.82 0.00 177.99 343.25 343.69 1.59 1.64 4.24 -5.44 1.66 8.09 -6.42 0.13
Car 0.00 0 -4.84 718.18 170.17 749.86 195.28 1.73 1.70 4.25 8.83 1.54 51.83 -4.67 0.13
Car 0.00 0 -5.17 559.45 175.97 596.36 195.56 1.56 1.56 3.79 -2.74 1.83 60.34 -5.22 0.11
Cyclist 0.00 0 -6.70 648.45 169.34 677.58 200.83 1.82 0.57 1.61 3.07 1.62 42.21 -6.62 0.11
