Car 0.00 0 -8.01 987.22 193.10 1241.00 374.00 1.53 1.70 3.52 4.62 1.78 6.92 -7.42 0.96
Car 0.00 0 -7.95 918.70 189.96 975.65 234.92 1.51 1.62 4.31 13.09 2.24 28.29 -7.51 0.88
Pedestrian 0.00 0 -4.63 1167.46 171.32 1193.90 227.44 1.94 0.68 0.66 20.07 1.89 25.43 -3.96 0.40
Pedestrian 0.00 0 -7.00 1097.78 173.64 1126.16 219.23 1.93 0.71 0.71 21.44 1.96 30.89 -6.39 0.37
Pedestrian 0.00 0 -7.95 1073.71 179.11 1099.00 228.99 1.89 0.75 0.76 18.46 2.14 28.04 -7.36 0.27
Pedestrian 0.00 0 -4.27 1216.13 163.79 1241.00 225.58 2.02 0.63 0.52 20.65 1.73 24.02 -3.56 0.24
Pedestrian 0.00 0 -4.85 1046.25 179.41 1072.93 235.48 1.83 0.65 0.83 15.00 2.05 24.16 -4.30 0.24
Car 0.00 0 -6.54 1115.40 186.39 1225.36 220.34 1.49 1.69 3.83 26.55 2.16 34.38 -5.88 0.24
Pedestrian 0.00 0 -4.77 1132.62 180.79 1180.50 266.74 1.69 0.74 0.79 11.17 1.86 14.84 -4.13 0.21
Pedestrian 0.00 0 -5.57 281.46 156.49 366.28 309.74 1.90 0.65 0.79 -3.76 1.70 9.37 -5.95 0.20
Pedestrian 0.00 0 -7.48 1200.89 166.26 1233.95 224.23 2.03 0.68 0.74 21.63 1.80 25.74 -6.78 0.19
Cyclist 0.00 0 -7.54 1188.16 182.77 1223.37 229.06 1.71 0.57 1.63 22.81 2.10 27.67 -6.85 0.17
Pedestrian 0.00 0 -7.90 799.99 176.78 813.05 212.21 1.91 0.66 0.58 10.69 2.13 39.38 -7.64 0.16
Cyclist 0.00 0 -8.00 1029.29 184.29 1047.56 226.46 1.61 0.38 1.76 17.14 2.09 28.95 -7.46 0.16
Pedestrian 0.00 0 -5.40 368.27 160.03 433.83 293.74 1.90 0.68 0.65 -3.15 1.72 10.72 -5.68 0.11
Pedestrian 0.00 0 -6.99 1134.96 173.49 1174.41 230.85 1.96 0.73 0.81 18.89 1.99 25.09 -6.35 0.10
