Car 0.00 0 -4.43 382.26 182.69 450.17 220.95 1.41 1.63 4.11 -7.95 1.85 29.79 -4.69 0.95
Car 0.00 0 -4.53 478.31 178.39 509.08 200.02 1.48 1.56 3.76 -8.42 1.90 52.29 -4.69 0.64
Cyclist 0.00 0 -7.95 709.43 177.93 725.17 221.25 1.69 0.46 1.79 4.30 1.90 29.26 -7.80 0.34
Car 0.00 0 -6.80 0.00 194.60 121.52 245.74 1.43 1.45 3.31 -18.10 2.19 23.49 -7.45 0.28
Car 0.00 0 -6.24 626.96 178.07 692.19 203.39 1.54 1.64 4.02 3.11 1.88 45.39 -6.17 0.20
Cyclist 0.00 0 -3.74 71.84 180.82 116.52 217.41 1.74 0.65 1.74 -25.50 2.14 35.65 -4.36 0.18
Pedestrian 0.00 0 -5.98 917.54 170.43 970.97 281.32 1.82 0.61 0.67 5.63 1.78 12.27 -5.55 0.17
Pedestrian 0.00 0 -4.65 807.17 173.02 847.63 269.87 1.74 0.68 0.83 4.02 1.75 13.48 -4.36 0.17
Car 0.00 0 -6.46 653.12 182.71 740.61 214.30 1.50 1.67 4.08 4.23 2.00 35.81 -6.34 0.16
Pedestrian 0.00 0 -4.83 1169.64 175.91 1234.61 303.00 1.77 0.65 0.78 8.60 1.82 10.58 -4.15 0.14
Pedestrian 0.00 0 -5.09 170.43 182.69 194.49 223.94 1.65 0.64 0.69 -17.56 2.06 29.56 -5.62 0.14
Cyclist 0.00 0 -8.14 991.55 178.66 1050.55 280.21 1.67 0.46 1.67 7.24 1.79 12.86 -7.62 0.13
Pedestrian 0.00 0 -4.52 1136.86 191.62 1190.21 307.69 1.52 0.48 0.58 7.56 1.79 9.93 -3.87 0.13
Car 0.00 0 -4.24 521.51 178.70 554.52 195.04 1.49 1.59 3.84 -6.92 2.07 69.48 -4.34 0.11
Pedestrian 0.00 0 -3.75 864.88 167.34 924.76 273.38 1.84 0.62 0.78 5.03 1.74 12.90 -3.38 0.11
Car 0.00 0 -4.73 692.00 181.04 718.55 207.81 1.56 1.57 3.89 5.90 2.09 45.18 -4.60 0.10
