Car 0.00 0 -3.84 1055.97 128.04 1223.00 192.09 1.49 1.62 4.38 13.73 0.27 17.36 -3.17 0.88
Cyclist 0.00 0 -6.38 632.63 163.63 666.22 196.37 1.81 0.59 1.82 2.47 0.88 39.50 -6.32 0.87
Cyclist 0.00 0 -6.20 694.16 158.78 733.15 196.13 1.87 0.59 1.92 5.52 0.79 35.99 -6.04 0.84
Cyclist 0.00 0 -4.95 851.29 156.98 867.86 184.68 1.76 0.61 1.75 16.51 0.27 45.87 -4.61 0.42
Cyclist 0.00 0 -5.20 903.56 143.54 944.54 196.86 1.73 0.50 1.73 10.70 0.53 23.82 -4.78 0.42
Cyclist 0.00 0 -8.51 940.19 148.21 979.53 190.07 1.64 0.48 1.71 14.33 0.38 28.64 -8.04 0.36
Cyclist 0.00 0 -4.94 1058.26 133.10 1091.21 185.44 1.84 0.62 1.74 17.12 0.18 25.83 -4.36 0.36
Pedestrian 0.00 0 -5.05 1080.68 116.86 1131.64 206.37 1.85 0.63 0.86 10.63 0.54 15.08 -4.44 0.36
Car 0.00 0 -7.28 140.91 180.57 197.83 202.74 1.46 1.60 3.62 -29.72 1.46 48.35 -7.83 0.33
Car 0.00 0 -8.36 1001.71 146.83 1064.54 174.97 1.79 1.78 4.28 29.03 -0.39 48.09 -7.82 0.28
Cyclist 0.00 0 -5.59 979.42 142.13 1051.79 206.08 1.61 0.64 1.61 10.78 0.65 18.67 -5.07 0.26
Car 0.00 0 -6.49 778.93 163.07 860.43 190.11 1.54 1.69 4.28 12.43 0.55 41.16 -6.20 0.26
Car 0.00 0 -6.68 918.19 150.18 996.45 175.09 1.64 1.73 4.42 23.83 -0.37 47.93 -6.22 0.24
Car 0.00 0 -5.05 811.43 157.01 874.17 191.09 1.55 1.62 3.98 11.36 0.48 34.09 -4.73 0.22
Pedestrian 0.00 0 -5.93 969.93 148.22 994.56 204.34 1.58 0.57 0.46 10.80 0.67 20.29 -5.44 0.19
Cyclist 0.00 0 -3.98 0.00 182.46 65.89 369.00 1.79 0.61 1.75 -5.35 1.81 5.69 -4.74 0.17
Car 0.00 0 -3.62 1014.18 147.70 1126.02 184.68 1.45 1.54 3.46 18.75 0.17 28.65 -3.04 0.14
Cyclist 0.00 0 -7.78 750.39 160.68 758.56 186.32 1.68 0.42 1.62 9.98 0.38 47.17 -7.57 0.13
Pedestrian 0.00 0 -3.12 423.95 170.36 451.35 221.95 1.68 0.63 0.87 -5.58 1.36 23.48 -3.35 0.13
Car 0.00 0 -4.67 795.23 163.13 828.82 191.60 1.47 1.62 3.62 11.29 0.57 38.46 -4.39 0.12
Pedestrian 0.00 0 -7.45 939.29 150.63 968.20 204.09 1.62 0.66 0.49 10.77 0.72 21.89 -7.00 0.11
Car 0.00 0 -5.43 207.46 177.36 276.17 201.26 1.52 1.68 4.21 -23.90 1.32 46.53 -5.90 0.11
Car 0.00 0 -5.95 533.70 172.18 601.88 196.63 1.46 1.56 3.91 -2.29 0.97 43.64 -6.00 0.11
