Car 0.00 0 -3.66 0.00 222.42 35.16 374.00 1.54 1.70 4.32 -4.67 1.86 2.59 -4.73 0.96
Car 0.00 0 -8.12 771.86 188.33 925.63 288.54 1.46 1.64 3.87 4.08 1.79 13.11 -7.82 0.95
Car 0.00 0 -8.12 729.47 184.35 828.46 250.88 1.51 1.59 3.66 4.25 1.84 18.87 -7.90 0.94
Car 0.00 0 -7.96 716.19 183.23 778.62 234.30 1.50 1.63 3.83 4.45 1.88 24.03 -7.78 0.94
Car 0.00 0 -4.53 483.86 187.21 543.41 229.98 1.53 1.69 3.89 -3.86 2.15 29.17 -4.66 0.90
Car 0.00 0 -7.96 702.28 183.68 752.11 223.39 1.46 1.63 3.69 4.67 1.93 29.42 -7.80 0.80
Car 0.00 0 -8.35 848.28 157.72 1241.00 374.00 1.87 1.76 4.66 3.91 1.77 7.05 -7.85 0.78
Car 0.00 0 -4.64 571.72 182.62 597.19 204.84 1.62 1.69 3.85 -1.98 2.40 56.19 -4.67 0.50
Car 0.00 0 -5.01 914.55 179.64 960.45 205.76 1.50 1.53 3.76 20.10 1.94 44.48 -4.59 0.49
Car 0.00 0 -4.56 515.91 184.27 561.82 220.90 1.60 1.60 4.25 -3.43 2.20 35.12 -4.66 0.47
Pedestrian 0.00 0 -4.76 1145.23 155.38 1181.93 234.83 1.82 0.65 0.80 13.00 1.42 17.02 -4.11 0.46
Car 0.00 0 -8.22 909.43 179.68 1015.13 237.44 1.50 1.56 3.57 10.05 1.71 20.95 -7.77 0.40
Car 0.00 0 -5.07 876.16 178.62 921.06 202.41 1.55 1.60 3.93 19.86 1.96 49.88 -4.69 0.36
Car 0.00 0 -8.10 1017.38 179.13 1078.12 213.04 1.46 1.55 3.86 20.41 1.77 33.85 -7.55 0.32
Car 0.00 0 -4.64 532.26 185.29 566.11 215.12 1.51 1.62 3.54 -3.34 2.22 39.72 -4.73 0.25
Car 0.00 0 -5.93 422.82 189.71 498.93 218.33 1.47 1.51 3.76 -8.12 2.41 39.24 -6.14 0.22
Car 0.00 0 -7.95 691.95 181.96 734.86 218.04 1.57 1.65 4.16 4.86 2.04 34.65 -7.81 0.22
Car 0.00 0 -7.96 689.29 179.59 720.91 207.62 1.67 1.60 3.83 5.99 2.12 45.97 -7.83 0.19
Car 0.00 0 -8.11 894.90 171.21 958.63 209.00 1.47 1.57 3.55 13.04 1.41 29.97 -7.70 0.17
Pedestrian 0.00 0 -3.00 193.60 177.22 224.02 238.72 1.85 0.65 0.74 -12.36 1.98 22.17 -3.51 0.13
Car 0.00 0 -7.54 475.64 184.01 522.13 210.35 1.55 1.75 4.27 -7.15 2.31 46.66 -7.69 0.13
Pedestrian 0.00 0 -7.47 464.51 184.44 481.90 221.07 1.80 0.61 0.77 -6.91 2.39 36.25 -7.65 0.11
Car 0.00 0 -5.90 390.40 180.21 455.59 204.63 1.51 1.56 3.74 -12.01 1.99 46.29 -6.16 0.11
Pedestrian 0.00 0 -7.62 99.10 142.65 120.57 182.31 1.82 0.69 0.62 -23.25 0.43 33.49 -8.23 0.10
