Pedestrian 0.00 0 -4.90 566.05 157.69 618.92 280.33 1.79 0.64 0.96 -0.25 1.46 10.88 -4.92 0.90
Pedestrian 0.00 0 -4.51 662.54 142.21 677.00 174.18 1.77 0.67 0.79 3.64 -0.36 39.83 -4.42 0.25
Pedestrian 0.00 0 -8.07 837.84 170.16 871.05 234.84 1.59 0.63 0.78 6.24 1.34 17.82 -7.74 0.22
Car 0.00 0 -8.87 1105.68 189.89 1223.00 369.00 1.49 1.52 3.07 4.99 1.57 4.32 -8.01 0.21
Cyclist 0.00 0 -7.37 43.79 166.00 128.11 268.68 1.76 0.54 1.67 -9.51 1.51 12.97 -8.00 0.19
Pedestrian 0.00 0 -4.11 744.14 164.85 793.61 253.89 1.72 0.57 0.88 3.25 1.42 14.20 -3.89 0.19
Pedestrian 0.00 0 -6.20 600.84 173.19 631.77 248.24 1.53 0.49 0.61 0.20 1.39 14.72 -6.19 0.16
Pedestrian 0.00 0 -8.20 545.46 161.29 578.64 236.22 1.82 0.61 0.74 -1.11 1.35 17.63 -8.27 0.15
Pedestrian 0.00 0 -4.20 838.17 156.77 890.95 260.81 1.79 0.62 0.70 4.58 1.38 12.59 -3.85 0.15
Pedestrian 0.00 0 -5.14 1000.57 228.67 1090.51 369.00 1.16 0.35 0.62 3.27 1.55 5.37 -4.60 0.14
Car 0.00 0 -3.11 0.00 174.59 13.23 211.18 1.53 1.58 4.27 -29.17 1.28 31.48 -3.86 0.14
Pedestrian 0.00 0 -7.95 528.91 160.79 563.07 260.78 1.78 0.55 0.87 -1.15 1.43 13.09 -8.04 0.12
Pedestrian 0.00 0 -4.38 0.00 176.34 49.48 259.04 1.60 0.60 0.81 -11.71 1.52 14.18 -5.07 0.11
Cyclist 0.00 0 -8.02 699.98 164.54 720.77 210.54 1.71 0.53 1.53 3.99 1.12 27.04 -7.88 0.10
Pedestrian 0.00 0 -8.16 598.20 158.44 631.74 233.69 1.83 0.62 0.79 0.20 1.29 17.63 -8.15 0.10
