Car 0.00 0 -8.41 862.07 196.35 1241.00 374.00 1.50 1.63 3.66 2.74 1.69 4.03 -7.81 0.97
Car 0.00 0 -8.18 731.82 170.84 1002.29 344.81 1.66 1.70 4.51 2.79 1.64 9.14 -7.89 0.95
Car 0.00 0 -4.58 495.05 176.74 566.37 230.46 1.58 1.76 4.47 -2.55 1.72 23.76 -4.69 0.91
Car 0.00 0 -8.01 660.71 177.89 712.11 215.14 1.47 1.62 3.91 3.18 1.71 31.09 -7.90 0.81
Pedestrian 0.00 0 -7.84 174.14 182.24 220.66 290.13 1.56 0.60 0.62 -6.30 1.71 10.93 -8.36 0.48
Car 0.00 0 -7.99 650.75 177.83 692.46 208.79 1.47 1.60 4.02 3.06 1.74 36.98 -7.90 0.40
Pedestrian 0.00 0 -8.31 486.24 173.51 504.60 212.67 1.74 0.60 0.63 -5.20 1.77 32.48 -8.47 0.35
Car 0.00 0 -8.02 676.42 166.16 755.52 227.86 1.82 1.80 4.69 3.30 1.62 23.67 -7.88 0.34
Pedestrian 0.00 0 -4.58 449.43 182.17 469.82 225.27 1.46 0.60 0.77 -5.25 1.79 24.99 -4.79 0.30
Car 0.00 0 -8.23 801.27 165.31 931.48 247.95 1.77 1.61 3.93 5.97 1.61 17.42 -7.90 0.19
Car 0.00 0 -7.60 516.88 162.65 549.18 192.73 2.71 1.87 4.83 -7.17 1.79 67.52 -7.71 0.15
Pedestrian 0.00 0 -6.60 1166.44 167.14 1241.00 374.00 1.61 0.59 0.58 4.62 1.57 5.48 -5.90 0.14
Pedestrian 0.00 0 -2.20 87.50 187.87 172.77 321.35 1.54 0.54 0.72 -5.88 1.73 8.76 -2.79 0.13
Cyclist 0.00 0 -8.10 940.51 158.78 1006.50 287.57 1.76 0.47 1.64 5.29 1.56 10.69 -7.64 0.11
