Car 0.00 0 -4.06 0.00 193.12 285.61 374.00 1.50 1.66 4.23 -5.64 1.79 8.25 -4.66 0.98
Car 0.00 0 -8.07 697.10 173.18 797.88 243.55 1.48 1.55 3.65 3.07 1.49 17.02 -7.89 0.97
Car 0.00 0 -8.26 773.08 178.04 1072.20 346.96 1.48 1.63 4.07 3.22 1.56 8.52 -7.90 0.97
Car 0.00 0 -4.46 390.56 176.68 468.21 227.01 1.47 1.55 3.69 -5.76 1.60 23.21 -4.70 0.93
Car 0.00 0 -5.63 1004.92 187.54 1241.00 374.00 1.57 1.60 3.94 3.29 1.66 2.63 -4.74 0.91
Car 0.00 0 -8.04 681.62 169.50 751.00 224.11 1.57 1.54 3.23 3.18 1.48 22.41 -7.90 0.78
Car 0.00 0 -4.57 441.71 177.28 491.61 216.31 1.43 1.50 3.17 -5.62 1.61 28.34 -4.77 0.69
Car 0.00 0 -5.86 106.64 173.23 245.94 217.80 1.47 1.52 3.80 -14.81 1.48 24.71 -6.40 0.47
Car 0.00 0 -4.19 222.35 177.16 300.10 211.59 1.44 1.52 3.66 -15.63 1.64 32.44 -4.64 0.28
Car 0.00 0 -7.48 398.78 171.59 444.79 197.53 1.72 1.74 4.07 -13.04 1.64 50.09 -7.74 0.28
Car 0.00 0 -4.06 0.00 177.66 45.15 243.51 1.44 1.57 3.57 -16.13 1.57 17.88 -4.79 0.23
Car 0.00 0 -4.18 0.00 176.35 55.86 207.28 1.65 1.64 3.91 -33.60 1.86 40.98 -4.87 0.17
Pedestrian 0.00 0 -7.90 722.86 158.41 739.75 203.65 1.89 0.67 0.73 5.08 1.28 30.49 -7.73 0.17
Car 0.00 0 -2.10 189.28 160.04 256.45 188.59 1.55 1.61 3.88 -21.98 0.85 40.87 -2.59 0.16
Pedestrian 0.00 0 -3.28 673.02 161.00 692.52 200.59 1.87 0.65 0.84 3.43 1.31 34.40 -3.18 0.16
Car 0.00 0 -7.99 673.32 173.75 726.26 213.37 1.44 1.55 3.74 3.40 1.48 28.18 -7.87 0.16
Pedestrian 0.00 0 -7.92 741.94 160.11 760.31 205.19 1.85 0.71 0.68 5.82 1.33 30.01 -7.73 0.14
Cyclist 0.00 0 -2.67 159.44 154.71 200.91 188.98 1.82 0.70 1.79 -23.06 0.86 38.67 -3.20 0.13
Pedestrian 0.00 0 -4.01 779.52 141.79 839.02 256.05 1.91 0.61 0.83 3.41 1.39 12.53 -3.74 0.11
Pedestrian 0.00 0 -3.13 303.21 160.49 322.33 209.68 1.92 0.65 0.69 -11.83 1.44 28.62 -3.52 0.11
Car 0.00 0 -8.06 538.47 155.23 568.72 184.33 2.59 1.86 4.73 -5.27 1.02 66.65 -8.14 0.10
