Car 0.00 0 -6.59 777.76 170.81 883.98 209.57 1.51 1.56 3.77 8.75 1.43 28.91 -6.29 0.79
Car 0.00 0 -7.80 659.20 166.72 685.12 190.56 1.63 1.65 3.95 4.44 1.21 51.52 -7.72 0.46
Pedestrian 0.00 0 -5.86 433.78 169.38 447.35 194.30 1.86 0.52 0.86 -12.78 1.61 54.32 -6.10 0.34
Pedestrian 0.00 0 -4.47 970.70 172.13 1009.10 256.78 1.57 0.51 0.65 7.23 1.56 13.82 -3.99 0.19
Pedestrian 0.00 0 -5.19 1094.70 286.00 1241.00 374.00 1.16 0.45 0.50 2.77 1.77 3.64 -4.54 0.16
Pedestrian 0.00 0 -5.13 1127.65 134.63 1241.00 330.67 1.83 0.62 0.87 5.68 1.47 7.23 -4.46 0.16
Pedestrian 0.00 0 -5.06 0.00 171.37 3.21 273.73 1.69 0.48 0.34 -10.70 1.67 12.22 -5.78 0.15
Pedestrian 0.00 0 -4.91 970.06 144.23 1038.47 283.37 1.84 0.68 0.80 5.40 1.46 10.01 -4.42 0.15
Pedestrian 0.00 0 -8.29 1004.71 147.09 1028.56 194.28 1.87 0.66 0.54 16.26 0.85 28.94 -7.78 0.14
Cyclist 0.00 0 -7.82 878.92 160.16 905.17 249.33 1.76 0.46 1.69 5.87 1.51 15.12 -7.45 0.13
Pedestrian 0.00 0 -6.00 51.52 162.09 81.11 253.52 1.76 0.44 0.36 -10.74 1.56 14.19 -6.65 0.13
Car 0.00 0 -6.45 738.60 164.48 838.63 204.67 1.76 1.69 4.17 7.97 1.40 32.65 -6.21 0.12
Pedestrian 0.00 0 -4.41 974.41 160.82 1016.21 244.67 1.74 0.60 0.73 8.19 1.49 15.43 -3.92 0.12
Pedestrian 0.00 0 -4.77 536.15 167.45 548.06 199.60 1.83 0.64 0.77 -3.94 1.52 41.50 -4.87 0.12
Pedestrian 0.00 0 -5.06 1218.00 196.33 1241.00 374.00 1.39 0.55 0.57 4.76 1.58 5.17 -4.32 0.11
Pedestrian 0.00 0 -3.98 971.26 158.33 989.52 203.39 1.80 0.56 0.35 14.88 1.22 29.07 -3.51 0.11
Car 0.00 0 -6.47 446.81 176.37 538.22 212.18 1.53 1.66 3.82 -5.34 1.69 32.52 -6.63 0.10
