Cyclist 0.00 0 -8.19 1003.46 151.63 1096.46 294.25 1.83 0.57 1.74 6.09 1.56 10.17 -7.65 0.71
Car 0.00 0 -6.72 940.71 167.89 1103.16 219.78 1.60 1.62 4.26 13.10 1.45 23.21 -6.21 0.23
Car 0.00 0 -7.89 645.18 177.22 676.52 206.12 1.50 1.59 3.68 2.74 1.76 39.99 -7.82 0.22
Cyclist 0.00 0 -5.72 1084.01 163.09 1160.33 234.81 1.71 0.55 1.49 12.69 1.48 17.99 -5.10 0.16
Cyclist 0.00 0 -7.63 1096.89 175.55 1116.99 211.39 1.62 0.42 1.58 22.94 1.75 33.36 -7.03 0.15
Cyclist 0.00 0 -7.97 980.33 171.26 993.93 206.36 1.63 0.39 1.67 17.87 1.55 34.27 -7.49 0.14
Pedestrian 0.00 0 -7.91 807.76 164.08 822.99 203.00 1.99 0.72 0.72 10.58 1.54 37.31 -7.63 0.14
Car 0.00 0 -8.25 743.29 176.03 791.51 201.33 1.50 1.60 3.84 9.77 1.70 45.19 -8.03 0.12
Pedestrian 0.00 0 -2.98 537.38 230.88 661.24 374.00 1.52 0.44 0.71 -0.11 1.90 4.46 -3.00 0.11
Pedestrian 0.00 0 -7.81 887.45 170.92 901.07 207.09 1.77 0.60 0.58 14.05 1.68 35.75 -7.43 0.10
