Car 0.00 0 -8.29 746.44 189.44 1147.70 374.00 1.42 1.56 3.78 2.41 1.61 6.37 -7.93 0.98
Car 0.00 0 -4.42 265.45 187.95 479.76 323.93 1.40 1.62 3.96 -2.99 1.64 9.82 -4.71 0.96
Car 0.00 0 -4.59 512.87 173.39 559.85 209.36 1.46 1.56 3.85 -3.17 1.48 31.28 -4.69 0.85
Car 0.00 0 -7.85 643.56 170.71 676.97 201.45 1.48 1.61 3.90 2.53 1.38 36.71 -7.78 0.75
Car 0.00 0 -7.90 548.83 171.48 574.58 194.52 1.52 1.58 3.74 -3.37 1.43 49.50 -7.97 0.56
Car 0.00 0 -7.43 247.67 164.76 368.51 228.83 1.72 1.72 4.26 -8.88 1.50 21.53 -7.83 0.30
Car 0.00 0 -8.04 623.69 164.72 657.49 190.26 1.76 1.71 4.08 2.13 1.20 51.99 -8.00 0.23
Car 0.00 0 -8.02 625.18 166.34 660.07 192.50 1.64 1.63 4.00 2.07 1.23 47.42 -7.98 0.15
Cyclist 0.00 0 -7.28 0.00 228.72 126.81 374.00 1.52 0.57 1.71 -3.03 1.84 3.33 -8.02 0.14
Pedestrian 0.00 0 -3.93 279.26 182.04 312.64 248.00 1.41 0.51 0.43 -6.90 1.61 15.74 -4.35 0.13
Pedestrian 0.00 0 -5.45 828.30 152.31 880.86 244.81 1.84 0.60 0.87 4.99 1.43 14.89 -5.13 0.13
Pedestrian 0.00 0 -7.48 443.89 166.20 463.65 208.98 1.76 0.63 0.58 -6.54 1.49 30.01 -7.69 0.11
Pedestrian 0.00 0 -2.88 0.00 155.90 76.73 320.62 1.81 0.63 0.86 -6.86 1.62 8.38 -3.57 0.10
Car 0.00 0 -6.21 497.11 172.45 551.15 192.86 1.57 1.62 4.08 -6.70 1.54 56.38 -6.33 0.10
