Pedestrian 0.00 0 -4.84 540.47 148.96 593.00 283.60 1.76 0.62 0.82 -0.58 1.35 9.68 -4.90 0.82
Pedestrian 0.00 0 -5.41 896.09 148.81 1045.10 369.00 1.69 0.63 0.85 2.77 1.47 5.52 -4.95 0.79
Pedestrian 0.00 0 -4.95 324.86 154.30 429.74 369.00 1.72 0.61 0.85 -1.89 1.53 5.64 -5.27 0.71
Pedestrian 0.00 0 -5.52 1025.43 95.49 1223.00 369.00 1.87 0.65 0.91 2.68 1.51 3.54 -4.87 0.71
Pedestrian 0.00 0 -5.18 628.35 132.49 806.56 369.00 1.82 0.66 0.85 0.53 1.59 3.92 -5.04 0.69
Pedestrian 0.00 0 -5.55 1194.97 118.82 1223.00 369.00 1.73 0.60 0.99 3.55 1.47 3.45 -4.75 0.67
Cyclist 0.00 0 -4.55 289.30 132.08 349.97 253.81 1.97 0.70 1.80 -5.00 1.19 12.38 -4.93 0.60
Pedestrian 0.00 0 -4.95 636.57 138.54 705.69 277.29 1.84 0.75 0.98 0.86 1.29 9.92 -4.86 0.58
Pedestrian 0.00 0 -4.47 635.68 137.53 661.59 197.06 1.83 0.63 0.82 1.34 0.51 22.16 -4.41 0.46
Pedestrian 0.00 0 -7.87 117.93 138.64 165.09 246.23 1.74 0.65 0.63 -7.81 1.06 11.84 -8.45 0.41
Cyclist 0.00 0 -3.36 582.76 145.47 631.56 190.93 1.75 0.69 1.80 0.06 0.40 27.67 -3.36 0.41
Pedestrian 0.00 0 -7.62 92.30 147.01 129.49 214.99 1.75 0.68 0.61 -13.05 0.89 18.63 -8.23 0.39
Pedestrian 0.00 0 -4.81 237.16 144.63 283.21 257.09 1.77 0.60 0.83 -5.72 1.21 11.62 -5.27 0.38
Car 0.00 0 -4.41 0.00 46.83 240.18 369.00 1.72 1.82 4.61 -3.03 1.53 3.48 -5.13 0.34
Pedestrian 0.00 0 -3.05 386.59 148.77 405.57 186.93 1.79 0.67 0.81 -9.94 0.30 33.61 -3.34 0.33
Pedestrian 0.00 0 -7.88 358.22 147.08 372.64 184.15 1.80 0.65 0.79 -11.80 0.18 34.78 -8.21 0.32
Pedestrian 0.00 0 -4.76 752.18 134.18 810.64 274.66 1.91 0.76 1.14 2.49 1.28 10.25 -4.52 0.28
Pedestrian 0.00 0 -6.69 568.24 148.79 584.45 186.87 1.70 0.65 0.52 -1.32 0.29 32.00 -6.73 0.26
Pedestrian 0.00 0 -4.41 486.64 145.39 503.67 179.88 1.78 0.68 0.78 -5.76 -0.03 36.99 -4.57 0.26
Pedestrian 0.00 0 -8.40 677.47 139.16 711.77 209.12 1.80 0.64 0.68 2.33 0.74 18.67 -8.27 0.26
Pedestrian 0.00 0 -5.93 296.85 146.27 309.81 184.02 1.82 0.53 0.42 -14.67 0.17 34.35 -6.34 0.25
Pedestrian 0.00 0 -5.27 699.68 130.27 842.85 369.00 1.80 0.63 0.90 1.13 1.47 5.17 -5.06 0.25
Pedestrian 0.00 0 -4.37 337.68 141.61 369.56 202.52 1.80 0.67 0.81 -7.59 0.65 21.28 -4.71 0.23
Car 0.00 0 -5.03 523.77 153.30 592.85 192.71 1.46 1.62 3.82 -1.96 0.45 28.27 -5.10 0.22
Pedestrian 0.00 0 -6.00 173.76 145.26 198.08 206.76 1.75 0.59 0.46 -12.18 0.75 20.50 -6.54 0.20
Car 0.00 0 -5.55 0.00 124.90 38.59 240.40 1.57 1.63 3.87 -11.18 0.82 10.60 -6.37 0.20
Pedestrian 0.00 0 -5.95 702.29 143.20 724.10 208.28 1.75 0.54 0.44 2.92 0.75 19.30 -5.80 0.19
Car 0.00 0 -2.43 0.00 155.60 74.43 188.04 1.51 1.61 3.72 -27.82 0.35 33.78 -3.12 0.19
Pedestrian 0.00 0 -7.88 626.62 148.88 643.63 193.28 1.65 0.63 0.59 1.11 0.48 26.64 -7.83 0.17
Car 0.00 0 -4.52 55.97 141.73 128.59 183.09 1.47 1.56 3.76 -19.58 0.09 27.11 -5.15 0.17
Pedestrian 0.00 0 -4.75 406.42 144.15 416.95 173.55 1.82 0.61 0.92 -12.16 -0.44 44.45 -5.01 0.17
Cyclist 0.00 0 -4.74 425.82 145.04 436.67 179.45 1.77 0.50 1.66 -9.16 -0.06 37.21 -4.99 0.16
Car 0.00 0 -8.02 429.96 146.82 468.68 174.58 1.48 1.59 3.67 -8.98 -0.36 40.58 -8.23 0.16
Pedestrian 0.00 0 -4.90 427.43 166.90 471.50 255.08 1.47 0.64 0.58 -2.73 1.25 12.19 -5.12 0.16
Pedestrian 0.00 0 -3.33 496.53 146.78 506.79 180.76 1.73 0.55 0.42 -5.32 0.01 36.29 -3.48 0.15
Pedestrian 0.00 0 -7.97 159.28 146.46 178.26 190.84 1.77 0.60 0.50 -17.68 0.41 28.61 -8.52 0.15
Pedestrian 0.00 0 -5.63 264.47 144.19 288.75 203.62 1.75 0.51 0.44 -9.83 0.68 21.11 -6.06 0.15
Car 0.00 0 -4.72 541.89 142.87 573.19 173.66 1.53 1.60 3.98 -2.59 -0.39 38.17 -4.79 0.14
Pedestrian 0.00 0 -4.78 285.17 162.12 316.57 238.98 1.47 0.53 0.54 -6.01 1.12 13.86 -5.19 0.14
Pedestrian 0.00 0 -7.89 301.58 137.55 329.44 203.30 1.83 0.70 0.75 -8.30 0.64 20.18 -8.29 0.13
Car 0.00 0 -4.15 0.00 145.66 55.47 189.74 1.52 1.55 3.67 -22.49 0.32 26.33 -4.86 0.13
Pedestrian 0.00 0 -5.98 162.89 145.72 193.64 203.76 1.70 0.73 0.59 -12.78 0.68 21.13 -6.52 0.13
Cyclist 0.00 0 -2.55 362.48 162.95 484.87 271.98 1.55 0.59 1.75 -2.77 1.30 10.63 -2.80 0.12
Car 0.00 0 -4.15 0.00 160.86 41.05 232.58 1.43 1.56 3.82 -14.91 1.04 16.11 -4.90 0.12
Pedestrian 0.00 0 -3.47 567.91 143.79 585.92 183.14 1.80 0.65 0.66 -1.32 0.12 32.79 -3.51 0.11
Car 0.00 0 -6.33 490.89 146.90 559.61 173.78 1.50 1.65 3.90 -4.67 -0.40 41.17 -6.44 0.11
Pedestrian 0.00 0 -8.19 272.48 139.58 312.89 213.81 1.76 0.68 0.79 -7.67 0.79 17.27 -8.61 0.11
Pedestrian 0.00 0 -8.08 375.25 145.79 390.82 177.36 1.70 0.66 0.74 -12.14 -0.17 38.61 -8.39 0.10
Pedestrian 0.00 0 -4.47 709.38 146.59 733.93 198.04 1.74 0.67 0.77 4.00 0.59 24.40 -4.31 0.10
Cyclist 0.00 0 -7.85 861.14 155.00 883.67 208.58 1.59 0.63 1.66 8.23 0.83 21.85 -7.49 0.10
Car 0.00 0 -4.69 383.38 145.17 407.95 169.61 1.66 1.66 4.16 -15.39 -0.84 52.14 -4.98 0.10
