Car 0.00 0 -7.69 411.87 174.26 512.65 245.20 1.41 1.59 4.21 -3.28 1.44 16.52 -7.89 0.96
Car 0.00 0 -7.98 654.56 163.47 727.88 220.59 1.54 1.64 4.19 2.28 1.29 21.57 -7.87 0.92
Car 0.00 0 -8.17 717.66 155.95 951.27 318.45 1.64 1.61 3.89 2.52 1.47 9.28 -7.91 0.90
Car 0.00 0 -7.50 135.02 187.97 452.98 374.00 1.37 1.57 4.37 -2.98 1.58 7.78 -7.87 0.88
Car 0.00 0 -7.83 627.14 166.34 657.03 195.44 1.48 1.53 3.60 1.72 1.15 38.65 -7.79 0.78
Pedestrian 0.00 0 -5.58 0.00 134.16 42.42 361.01 1.81 0.59 0.95 -5.55 1.51 6.08 -6.32 0.23
Pedestrian 0.00 0 -4.36 280.67 160.09 331.57 256.79 1.73 0.61 0.85 -5.64 1.50 13.31 -4.76 0.21
Pedestrian 0.00 0 -2.77 506.46 158.06 523.17 194.68 1.92 0.65 0.69 -5.08 1.15 38.27 -2.91 0.13
Cyclist 0.00 0 -7.57 334.87 159.04 375.58 238.69 1.66 0.42 1.61 -5.61 1.37 15.82 -7.92 0.12
Pedestrian 0.00 0 -5.51 0.00 140.73 128.14 346.56 1.83 0.62 0.87 -5.21 1.54 6.76 -6.17 0.12
Pedestrian 0.00 0 -3.57 772.24 132.23 910.96 369.17 1.81 0.60 0.90 1.81 1.50 5.87 -3.27 0.11
Pedestrian 0.00 0 -7.73 521.14 161.22 535.41 194.02 1.83 0.71 0.76 -4.63 1.18 40.57 -7.84 0.11
