Car 0.00 0 -7.12 0.00 206.22 304.85 369.00 1.52 1.62 3.92 -3.16 1.72 3.45 -7.86 0.96
Car 0.00 0 -6.99 1044.03 151.72 1207.00 199.78 1.48 1.63 4.16 16.60 0.59 22.68 -6.36 0.87
Pedestrian 0.00 0 -7.56 276.54 177.10 316.67 254.65 1.54 0.59 0.65 -6.33 1.48 14.44 -7.97 0.58
Cyclist 0.00 0 -5.17 877.21 157.08 906.38 196.04 1.80 0.53 1.81 13.55 0.72 33.49 -4.79 0.48
Pedestrian 0.00 0 -4.35 789.71 162.18 806.11 195.63 1.76 0.61 0.76 10.27 0.80 37.69 -4.08 0.29
Pedestrian 0.00 0 -3.36 774.32 158.72 793.56 191.51 1.87 0.54 0.97 10.26 0.63 40.56 -3.11 0.22
Cyclist 0.00 0 -8.16 985.82 151.35 1028.18 221.25 1.73 0.44 1.77 10.38 1.01 18.37 -7.65 0.22
Pedestrian 0.00 0 -3.29 725.09 163.46 736.59 186.94 1.85 0.48 0.83 9.96 0.51 55.90 -3.11 0.20
Pedestrian 0.00 0 -5.09 1019.57 150.02 1043.57 190.61 1.88 0.67 0.92 19.99 0.47 33.17 -4.54 0.17
Cyclist 0.00 0 -8.07 803.89 162.99 820.94 196.03 1.67 0.49 1.68 10.71 0.79 36.58 -7.79 0.16
Pedestrian 0.00 0 -8.04 987.63 148.84 1006.61 188.71 1.88 0.69 0.60 18.69 0.39 33.73 -7.54 0.15
Pedestrian 0.00 0 -6.12 1158.90 165.03 1192.74 236.02 1.39 0.42 0.46 11.35 1.08 14.11 -5.45 0.14
Pedestrian 0.00 0 -8.20 907.30 161.44 921.66 194.58 1.77 0.57 0.51 16.59 0.75 37.92 -7.79 0.13
Car 0.00 0 -8.02 479.53 172.26 519.34 200.11 1.50 1.61 3.95 -6.05 1.06 40.13 -8.17 0.12
Car 0.00 0 -4.88 1171.42 157.38 1223.00 191.03 1.48 1.62 3.87 28.02 0.47 33.28 -4.18 0.11
