Car 0.00 0 -7.49 270.39 187.59 435.23 282.14 1.43 1.58 3.53 -4.36 1.47 12.71 -7.82 0.98
Car 0.00 0 -7.24 0.00 196.75 167.80 314.40 1.34 1.58 3.74 -8.32 1.54 10.47 -7.91 0.97
Car 0.00 0 -7.67 414.67 182.14 488.94 231.83 1.43 1.57 4.05 -4.85 1.34 22.66 -7.88 0.95
Car 0.00 0 -7.50 257.53 177.15 364.27 236.99 1.59 1.62 3.97 -8.61 1.38 21.10 -7.89 0.92
Car 0.00 0 -7.71 475.54 179.95 522.03 214.00 1.43 1.56 3.64 -4.83 1.21 32.03 -7.86 0.91
Car 0.00 0 -7.88 575.46 176.78 608.37 206.97 1.50 1.63 3.84 -0.90 1.08 37.60 -7.90 0.90
Car 0.00 0 -7.64 460.47 169.82 495.54 194.59 1.70 1.68 3.92 -9.26 0.65 51.45 -7.82 0.74
Car 0.00 0 -7.62 362.18 180.02 421.03 217.75 1.46 1.53 3.60 -8.85 1.26 29.57 -7.91 0.56
Car 0.00 0 -4.43 271.79 179.98 344.59 219.79 1.49 1.58 4.33 -12.04 1.29 29.08 -4.83 0.22
Car 0.00 0 -4.71 404.69 170.40 431.02 196.37 1.66 1.63 4.16 -12.72 0.71 48.08 -4.97 0.18
Car 0.00 0 -4.43 568.07 176.02 596.88 192.34 1.54 1.64 4.34 -2.43 0.67 69.93 -4.46 0.15
Pedestrian 0.00 0 -7.12 1025.99 157.17 1097.27 281.84 1.73 0.59 0.64 6.47 1.34 10.34 -6.56 0.14
Pedestrian 0.00 0 -8.67 806.68 169.45 843.33 235.47 1.76 0.61 0.74 5.87 1.34 19.59 -8.38 0.13
Car 0.00 0 -7.72 489.14 167.75 515.16 192.53 2.23 1.82 4.46 -9.81 0.66 66.97 -7.86 0.11
Car 0.00 0 -7.37 161.23 168.92 203.55 191.12 1.99 1.69 4.02 -39.32 0.53 66.53 -7.90 0.11
Pedestrian 0.00 0 -4.01 793.18 168.87 817.78 222.42 1.77 0.57 0.56 6.61 1.23 24.19 -3.75 0.11
Cyclist 0.00 0 -9.13 961.16 204.38 1240.00 375.00 1.62 0.62 1.72 2.38 1.72 2.92 -8.44 0.11
Car 0.00 0 -4.27 265.47 164.71 309.18 183.06 1.51 1.77 4.31 -27.53 -0.19 61.88 -4.69 0.10
