Car 0.00 0 -8.22 757.59 182.04 1054.94 362.71 1.49 1.63 4.09 2.91 1.62 8.23 -7.88 0.97
Pedestrian 0.00 0 -6.53 1098.47 151.68 1202.21 314.93 1.79 0.71 0.82 6.21 1.56 8.41 -5.89 0.44
Cyclist 0.00 0 -8.33 930.53 150.34 1015.96 259.37 1.89 0.65 1.83 6.66 1.50 13.44 -7.87 0.33
Pedestrian 0.00 0 -9.08 1193.68 150.67 1233.57 214.00 1.77 0.65 0.70 17.22 1.15 20.64 -8.38 0.32
Pedestrian 0.00 0 -4.84 995.18 157.13 1051.01 279.76 1.78 0.64 0.81 6.22 1.56 10.99 -4.33 0.27
Pedestrian 0.00 0 -8.15 588.27 161.74 611.73 216.03 1.94 0.67 0.74 -0.41 1.54 26.20 -8.16 0.17
Pedestrian 0.00 0 -3.70 1207.29 132.88 1241.00 203.83 1.80 0.61 0.87 16.11 0.79 18.68 -2.99 0.17
Car 0.00 0 -7.93 516.53 149.09 545.18 173.66 1.66 1.69 4.03 -5.65 0.05 50.89 -8.04 0.14
Pedestrian 0.00 0 -4.90 1083.68 146.68 1136.49 245.39 1.82 0.67 0.95 9.56 1.34 13.89 -4.30 0.13
Car 0.00 0 -5.25 857.81 180.95 927.67 211.91 1.51 1.65 3.99 14.94 1.97 38.44 -4.88 0.12
Pedestrian 0.00 0 -5.05 1032.64 149.10 1110.06 287.10 1.84 0.68 0.82 6.36 1.52 10.07 -4.48 0.12
Pedestrian 0.00 0 -2.28 240.83 168.74 297.49 280.01 1.68 0.49 0.66 -5.37 1.62 11.26 -2.72 0.11
Car 0.00 0 -4.50 341.51 145.02 391.09 179.21 1.60 1.61 3.64 -12.04 0.30 35.74 -4.83 0.11
Pedestrian 0.00 0 -4.76 1079.05 152.11 1132.56 280.72 1.82 0.62 0.70 7.28 1.53 10.69 -4.16 0.10
