Car 0.00 0 -8.14 730.91 189.45 896.26 293.14 1.48 1.63 4.55 3.45 1.84 13.34 -7.89 0.96
Car 0.00 0 -8.00 661.38 173.57 720.80 225.29 2.00 1.83 4.59 3.26 2.03 30.24 -7.89 0.78
Cyclist 0.00 0 -6.81 754.10 171.78 802.51 221.36 1.97 0.70 1.81 6.80 1.93 29.34 -6.59 0.34
Car 0.00 0 -5.97 460.26 177.51 528.54 203.22 1.66 1.65 4.20 -7.72 1.98 48.17 -6.13 0.30
Car 0.00 0 -2.85 416.90 185.09 518.88 227.64 1.64 1.65 3.76 -5.78 2.16 29.39 -3.05 0.27
Car 0.00 0 -5.87 430.73 184.46 506.77 211.63 1.50 1.64 4.04 -8.26 2.20 42.09 -6.06 0.22
Car 0.00 0 -6.03 447.66 169.79 504.47 191.72 1.83 1.68 4.45 -11.35 1.57 61.14 -6.21 0.18
Car 0.00 0 -4.89 830.67 184.71 895.62 230.23 1.52 1.62 4.15 9.48 2.01 27.41 -4.55 0.17
Car 0.00 0 -8.29 880.64 184.33 1114.18 301.47 1.58 1.72 4.56 6.28 1.81 12.48 -7.82 0.14
Pedestrian 0.00 0 -6.80 0.00 177.56 23.84 342.92 1.68 0.58 0.64 -6.89 1.73 7.73 -7.53 0.12
Cyclist 0.00 0 -7.91 540.54 176.87 548.39 206.22 1.73 0.38 1.63 -3.99 1.97 43.46 -8.00 0.11
