Car 0.00 0 -4.54 399.43 177.96 505.04 253.41 1.52 1.71 4.07 -3.58 1.65 16.83 -4.75 0.95
Car 0.00 0 -4.57 508.22 178.44 557.06 214.50 1.55 1.66 4.35 -3.59 1.83 33.82 -4.67 0.92
Car 0.00 0 -4.75 655.80 176.64 702.46 223.36 1.62 1.61 3.75 2.51 1.77 27.25 -4.65 0.91
Car 0.00 0 -7.94 638.48 180.39 678.37 213.91 1.46 1.56 3.73 2.20 1.84 34.17 -7.87 0.57
Car 0.00 0 -8.59 996.64 204.28 1241.00 374.00 1.58 1.50 2.66 2.81 1.76 2.73 -7.79 0.44
Car 0.00 0 -4.57 535.23 177.23 566.33 201.83 1.58 1.57 3.90 -4.02 1.89 49.13 -4.65 0.31
Pedestrian 0.00 0 -8.17 230.01 156.99 276.75 248.04 1.84 0.65 0.82 -7.52 1.52 15.10 -8.63 0.28
Car 0.00 0 -4.45 546.46 178.53 578.34 199.19 1.53 1.58 3.66 -3.71 1.99 56.35 -4.51 0.21
Car 0.00 0 -4.75 627.08 176.33 649.48 198.11 1.54 1.51 3.89 2.04 1.81 53.55 -4.71 0.19
Cyclist 0.00 0 -4.95 782.97 178.10 815.31 239.32 1.75 0.53 1.78 5.62 1.91 21.67 -4.69 0.16
Cyclist 0.00 0 -5.09 857.48 182.67 914.00 268.82 1.66 0.50 1.70 5.62 1.87 14.92 -4.73 0.15
Cyclist 0.00 0 -7.95 907.30 180.22 929.47 236.98 1.68 0.46 1.68 9.52 1.91 22.41 -7.55 0.14
Cyclist 0.00 0 -7.45 227.10 177.02 263.33 233.49 1.64 0.42 1.52 -11.05 1.77 21.80 -7.92 0.11
Pedestrian 0.00 0 -5.54 44.98 153.25 129.79 277.82 1.71 0.58 0.79 -7.47 1.44 10.26 -6.17 0.11
Pedestrian 0.00 0 -5.70 156.33 161.61 220.97 264.33 1.70 0.62 0.73 -7.19 1.51 12.25 -6.23 0.10
Pedestrian 0.00 0 -5.79 72.54 152.40 150.67 268.05 1.71 0.58 0.80 -7.63 1.41 10.99 -6.40 0.10
