Car 0.00 0 -8.14 712.82 166.74 921.93 311.77 1.74 1.73 4.42 2.76 1.67 10.90 -7.89 0.97
Car 0.00 0 -2.30 0.00 185.86 115.88 374.00 1.50 1.59 3.92 -6.48 1.62 5.71 -3.14 0.96
Car 0.00 0 -5.61 0.00 183.16 278.32 331.00 1.46 1.56 4.00 -6.12 1.59 8.08 -6.26 0.93
Car 0.00 0 -2.84 190.59 178.55 401.96 257.48 1.54 1.61 3.77 -6.51 1.67 15.19 -3.24 0.93
Car 0.00 0 -2.53 2.24 190.91 335.61 298.64 1.39 1.52 3.99 -6.32 1.67 10.48 -3.07 0.92
Car 0.00 0 -7.95 646.47 176.02 687.64 210.23 1.50 1.56 3.72 2.59 1.66 33.88 -7.87 0.91
Car 0.00 0 -8.00 669.69 178.46 740.98 232.97 1.48 1.59 3.79 2.75 1.66 21.85 -7.87 0.90
Car 0.00 0 -2.72 102.93 183.46 359.58 272.68 1.47 1.53 3.78 -6.68 1.67 12.93 -3.20 0.89
Car 0.00 0 -8.04 689.18 183.14 791.85 256.52 1.42 1.57 3.79 2.78 1.68 16.37 -7.87 0.85
Car 0.00 0 -2.82 351.97 173.05 482.10 223.12 1.64 1.63 3.97 -6.55 1.65 24.57 -3.08 0.73
Car 0.00 0 -5.96 233.38 161.81 446.61 240.62 1.82 1.78 4.55 -6.51 1.57 17.64 -6.31 0.69
Car 0.00 0 -3.01 448.05 173.60 526.68 205.61 1.60 1.65 3.80 -6.28 1.64 37.01 -3.18 0.69
Car 0.00 0 -3.02 402.71 178.01 506.74 211.28 1.42 1.64 4.36 -6.88 1.66 32.12 -3.23 0.65
Car 0.00 0 -7.90 635.55 172.55 664.60 200.31 1.65 1.62 3.60 2.41 1.63 44.58 -7.85 0.56
Car 0.00 0 -5.70 331.73 178.75 469.32 230.88 1.49 1.53 3.85 -6.46 1.68 22.15 -5.98 0.55
Car 0.00 0 -2.71 279.49 168.66 441.90 233.38 1.70 1.64 3.93 -6.89 1.59 19.99 -3.05 0.44
Car 0.00 0 -2.66 466.35 176.76 536.91 202.53 1.46 1.53 3.86 -6.44 1.70 42.69 -2.81 0.26
Pedestrian 0.00 0 -6.47 1078.12 164.84 1152.81 266.66 1.80 0.53 1.04 9.18 1.66 13.21 -5.87 0.24
Car 0.00 0 -7.88 510.80 175.27 537.09 200.55 1.52 1.57 3.76 -5.53 1.68 45.84 -8.00 0.23
Pedestrian 0.00 0 -8.97 964.83 164.62 992.59 217.96 1.80 0.67 0.62 12.64 1.52 24.83 -8.50 0.17
Pedestrian 0.00 0 -6.32 375.14 163.98 388.90 207.06 1.83 0.55 0.54 -9.83 1.45 30.97 -6.63 0.15
Cyclist 0.00 0 -4.75 1047.87 167.79 1059.74 198.26 1.66 0.50 1.57 24.57 1.38 40.00 -4.20 0.14
Pedestrian 0.00 0 -3.86 1149.71 161.17 1228.72 268.18 1.81 0.63 0.88 10.01 1.61 12.55 -3.19 0.13
Cyclist 0.00 0 -3.83 993.67 160.75 1041.79 204.78 1.84 0.60 1.81 17.27 1.34 30.63 -3.32 0.13
Cyclist 0.00 0 -7.38 63.52 175.86 132.49 261.81 1.64 0.43 1.67 -10.44 1.71 14.70 -8.00 0.12
Pedestrian 0.00 0 -6.92 1051.04 164.34 1067.62 210.29 1.85 0.53 0.31 18.19 1.51 29.27 -6.37 0.11
Pedestrian 0.00 0 -7.37 783.86 164.81 799.85 196.17 1.91 0.66 0.80 11.17 1.42 44.45 -7.13 0.11
Cyclist 0.00 0 -6.23 761.46 164.46 793.92 198.02 1.86 0.62 1.75 9.40 1.40 40.58 -6.01 0.11
Cyclist 0.00 0 -4.01 9.53 152.90 80.48 220.01 1.72 0.50 1.73 -15.19 1.21 19.39 -4.67 0.11
Pedestrian 0.00 0 -8.08 924.49 165.01 952.18 221.52 1.84 0.69 0.71 10.81 1.58 23.87 -7.66 0.11
Pedestrian 0.00 0 -2.95 1010.14 154.90 1082.94 300.02 1.81 0.49 0.74 5.64 1.58 9.41 -2.41 0.11
Cyclist 0.00 0 -6.18 829.49 171.24 882.28 220.06 1.76 0.75 1.79 9.07 1.70 26.75 -5.85 0.11
Car 0.00 0 -7.83 687.68 163.34 708.64 191.40 2.50 1.81 4.90 8.19 1.65 66.90 -7.71 0.10
Pedestrian 0.00 0 -6.49 541.12 172.81 555.33 197.12 1.78 0.47 0.97 -4.60 1.78 53.34 -6.58 0.10
