Car 0.00 0 -8.24 810.38 185.10 1085.56 345.59 1.48 1.68 3.57 3.68 1.66 8.70 -7.84 0.98
Car 0.00 0 -8.14 740.15 178.40 890.62 272.02 1.49 1.63 4.12 3.67 1.62 13.82 -7.88 0.97
Car 0.00 0 -4.38 274.79 186.93 431.76 283.32 1.49 1.58 3.88 -4.70 1.79 13.66 -4.71 0.96
Car 0.00 0 -4.18 0.00 192.80 331.42 374.00 1.57 1.72 3.95 -4.76 1.85 7.98 -4.71 0.96
Car 0.00 0 -8.69 1034.47 196.81 1241.00 374.00 1.53 1.64 4.09 3.76 1.70 3.16 -7.81 0.94
Car 0.00 0 -4.45 374.90 184.82 481.27 248.63 1.42 1.63 4.42 -4.70 1.77 19.07 -4.70 0.89
Car 0.00 0 -8.03 712.13 180.11 800.58 242.38 1.43 1.61 3.72 3.68 1.64 18.92 -7.84 0.88
Car 0.00 0 -8.00 700.58 177.66 764.28 225.68 1.48 1.61 3.54 4.02 1.66 24.41 -7.84 0.86
Car 0.00 0 -4.56 500.18 176.62 545.45 211.51 1.58 1.64 3.81 -4.22 1.78 35.06 -4.68 0.82
Car 0.00 0 -4.54 517.04 177.22 559.29 207.86 1.57 1.64 4.10 -3.92 1.82 39.56 -4.64 0.76
Car 0.00 0 -5.07 1072.83 167.76 1224.92 239.64 1.44 1.53 3.76 12.06 1.34 16.50 -4.44 0.58
Car 0.00 0 -8.82 1136.39 158.65 1241.00 233.22 1.63 1.62 3.62 15.27 1.32 17.76 -8.11 0.43
Car 0.00 0 -4.87 686.24 171.99 741.87 215.62 1.70 1.65 4.19 4.23 1.66 30.18 -4.73 0.37
Car 0.00 0 -7.85 690.16 177.01 725.28 209.46 1.50 1.64 3.55 4.80 1.72 35.73 -7.72 0.31
Car 0.00 0 -5.15 972.80 166.92 1085.24 222.88 1.46 1.44 3.48 11.82 1.31 20.67 -4.63 0.29
Cyclist 0.00 0 -4.43 456.26 172.23 475.22 207.70 1.81 0.53 1.68 -7.57 1.78 37.71 -4.63 0.21
Car 0.00 0 -8.54 1092.03 168.05 1222.11 213.33 1.41 1.53 3.61 18.18 1.26 24.24 -7.90 0.20
Car 0.00 0 -5.34 996.51 164.12 1090.80 201.60 1.47 1.51 3.64 17.93 1.12 30.10 -4.80 0.15
Car 0.00 0 -2.64 154.93 188.80 284.51 236.46 1.53 1.60 3.55 -13.26 2.09 24.56 -3.13 0.14
Car 0.00 0 -5.53 1020.87 159.23 1194.35 217.50 1.56 1.69 4.25 14.60 1.20 21.56 -4.93 0.13
Cyclist 0.00 0 -4.57 469.59 174.46 482.12 205.86 1.72 0.46 1.66 -7.55 1.81 40.46 -4.75 0.13
