Cyclist 0.00 0 -8.44 1051.98 128.25 1223.76 319.66 1.92 0.62 1.87 5.81 1.47 8.17 -7.82 0.95
Car 0.00 0 -7.88 559.43 179.18 704.14 306.09 1.50 1.76 4.27 0.18 1.62 10.90 -7.87 0.92
Car 0.00 0 -7.86 596.07 172.63 624.18 200.11 1.55 1.58 3.92 -0.04 1.54 42.61 -7.86 0.53
Car 0.00 0 -2.83 456.39 176.69 554.14 213.08 1.54 1.66 3.95 -4.63 1.71 31.86 -2.98 0.50
Pedestrian 0.00 0 -7.97 659.36 170.41 676.24 205.83 1.81 0.81 0.50 2.94 1.69 37.15 -7.90 0.29
Car 0.00 0 -8.11 571.39 178.57 648.96 228.67 1.48 1.60 3.87 -0.13 1.68 23.84 -8.12 0.16
Cyclist 0.00 0 -6.59 648.03 167.30 678.43 199.07 1.85 0.61 1.68 3.10 1.53 42.47 -6.52 0.14
Car 0.00 0 -8.72 1171.51 150.66 1241.00 295.82 1.43 1.63 4.29 9.75 1.21 9.30 -7.91 0.11
Pedestrian 0.00 0 -7.74 1152.67 165.88 1171.24 206.47 1.77 0.60 0.47 24.34 1.47 31.87 -7.09 0.11
Car 0.00 0 -5.07 801.96 173.97 872.16 211.38 1.49 1.62 3.74 9.55 1.54 30.75 -4.77 0.11
Pedestrian 0.00 0 -6.82 652.61 167.29 668.55 201.71 1.87 0.67 0.62 2.75 1.57 39.71 -6.75 0.10
Car 0.00 0 -7.69 570.16 176.86 593.56 193.56 1.53 1.60 4.05 -2.69 1.93 69.36 -7.73 0.10
Car 0.00 0 -7.86 637.78 180.87 695.01 234.94 1.46 1.59 3.91 1.67 1.73 22.08 -7.78 0.10
