Pedestrian 0.00 0 -3.63 1207.63 161.64 1241.00 324.07 1.88 0.64 0.71 7.79 1.75 8.74 -2.90 0.61
Car 0.00 0 -4.62 581.27 204.33 614.68 235.99 1.50 1.52 3.92 -0.66 3.34 40.20 -4.64 0.59
Pedestrian 0.00 0 -4.83 1125.58 195.42 1241.00 374.00 1.56 0.69 0.68 4.71 1.77 6.04 -4.17 0.47
Cyclist 0.00 0 -7.43 486.95 200.80 521.25 257.55 1.65 0.45 1.61 -3.35 2.56 22.60 -7.58 0.44
Pedestrian 0.00 0 -3.53 865.51 172.59 885.03 210.48 1.91 0.68 0.73 13.45 1.90 36.71 -3.17 0.33
Cyclist 0.00 0 -4.52 519.04 198.73 536.10 237.02 1.71 0.46 1.85 -3.96 2.98 34.40 -4.63 0.33
Cyclist 0.00 0 -7.99 1190.62 185.31 1241.00 297.49 1.60 0.41 1.69 9.43 1.81 11.31 -7.29 0.29
Car 0.00 0 -5.94 981.59 182.73 1155.44 243.37 1.53 1.66 3.91 13.09 1.84 20.86 -5.38 0.29
Pedestrian 0.00 0 -6.07 902.44 186.61 919.34 219.84 1.76 0.61 0.73 16.22 2.51 38.98 -5.68 0.27
Cyclist 0.00 0 -9.23 1057.46 155.85 1241.00 374.00 1.86 0.50 1.82 4.35 1.75 5.31 -8.54 0.22
Pedestrian 0.00 0 -4.13 971.92 192.41 1089.91 374.00 1.62 0.63 0.71 3.73 1.80 6.51 -3.61 0.20
Cyclist 0.00 0 -7.10 1103.08 169.56 1155.38 219.62 1.82 0.68 1.57 19.17 1.70 26.70 -6.48 0.19
Cyclist 0.00 0 -8.30 716.66 195.53 741.10 233.03 1.70 0.48 1.70 5.66 2.82 34.69 -8.13 0.19
Pedestrian 0.00 0 -4.63 1170.75 181.17 1209.07 267.11 1.54 0.50 0.75 10.80 1.71 13.49 -3.95 0.17
Pedestrian 0.00 0 -5.15 1206.46 157.67 1241.00 347.87 1.88 0.71 0.84 6.90 1.73 7.64 -4.42 0.17
Cyclist 0.00 0 -8.06 718.01 189.96 729.94 217.64 1.63 0.38 1.68 6.96 2.70 44.29 -7.91 0.17
Car 0.00 0 -8.00 732.16 192.93 792.88 237.91 1.52 1.73 4.32 5.91 2.38 28.58 -7.79 0.17
Cyclist 0.00 0 -7.47 503.00 196.14 528.44 237.35 1.71 0.48 1.80 -4.19 2.77 31.86 -7.60 0.16
Car 0.00 0 -7.55 410.14 161.75 490.53 218.73 1.85 1.71 3.71 -5.56 1.49 25.36 -7.76 0.16
Car 0.00 0 -8.61 839.46 187.99 914.32 219.42 1.49 1.63 3.69 14.02 2.34 38.19 -8.26 0.15
Pedestrian 0.00 0 -4.19 882.00 176.31 978.88 337.89 1.74 0.68 0.87 3.63 1.78 8.30 -3.78 0.15
Pedestrian 0.00 0 -4.54 1080.87 165.03 1109.31 221.34 1.83 0.70 0.51 15.99 1.57 23.85 -3.95 0.14
Pedestrian 0.00 0 -3.85 966.25 185.08 994.74 238.60 1.70 0.56 0.61 11.99 2.11 23.44 -3.38 0.13
Pedestrian 0.00 0 -7.39 400.29 184.55 458.12 297.91 1.84 0.61 0.93 -3.13 2.05 12.34 -7.64 0.12
Car 0.00 0 -4.77 742.71 193.06 803.21 246.88 1.51 1.69 4.17 5.29 2.24 24.01 -4.56 0.11
Car 0.00 0 -8.15 830.44 172.64 865.16 202.63 2.60 1.71 4.59 21.34 2.59 64.99 -7.83 0.10
