Car 0.00 0 -3.10 395.95 172.35 466.72 199.42 1.56 1.64 3.99 -10.23 1.09 41.84 -3.34 0.59
Car 0.00 0 -7.92 535.30 159.74 581.23 206.56 1.83 1.65 4.07 -2.06 1.02 29.82 -7.99 0.56
Car 0.00 0 -7.93 524.60 167.68 564.80 202.01 1.57 1.63 4.13 -3.02 0.99 34.60 -8.02 0.50
Pedestrian 0.00 0 -4.52 299.70 153.79 361.59 280.32 1.89 0.74 0.95 -4.32 1.49 11.08 -4.89 0.47
Pedestrian 0.00 0 -7.91 373.61 169.87 389.74 210.14 1.73 0.63 0.70 -9.76 1.28 30.83 -8.22 0.34
Pedestrian 0.00 0 -6.28 363.61 166.62 377.94 221.94 1.77 0.64 0.44 -7.66 1.33 23.02 -6.60 0.22
Cyclist 0.00 0 -4.71 480.83 168.01 489.02 192.30 1.70 0.57 1.84 -8.56 0.83 50.42 -4.88 0.21
Cyclist 0.00 0 -7.73 436.81 169.54 449.91 205.71 1.65 0.42 1.55 -7.56 1.15 33.03 -7.96 0.21
Pedestrian 0.00 0 -4.80 664.46 149.14 697.16 234.94 1.94 0.67 1.04 1.72 1.24 16.54 -4.69 0.17
Cyclist 0.00 0 -7.66 404.98 170.69 419.14 201.77 1.60 0.42 1.59 -10.17 1.10 37.26 -7.93 0.17
Pedestrian 0.00 0 -4.55 297.66 196.31 326.94 272.07 1.23 0.39 0.46 -4.95 1.50 11.87 -4.94 0.15
Pedestrian 0.00 0 -3.98 209.29 220.07 256.04 308.75 1.04 0.33 0.40 -4.65 1.55 8.75 -4.47 0.13
Pedestrian 0.00 0 -6.40 670.92 157.18 715.96 241.41 1.84 0.55 0.93 1.92 1.33 15.74 -6.28 0.12
Pedestrian 0.00 0 -8.31 637.99 168.20 658.95 210.55 1.66 0.62 0.63 1.70 1.18 28.05 -8.25 0.10
Cyclist 0.00 0 -4.74 90.21 172.55 131.79 277.30 1.69 0.54 1.70 -8.61 1.56 12.24 -5.35 0.10
Pedestrian 0.00 0 -4.52 390.22 182.98 409.52 228.33 1.31 0.46 0.47 -6.02 1.38 20.64 -4.80 0.10
Cyclist 0.00 0 -7.85 430.64 170.77 440.36 209.65 1.61 0.39 1.53 -7.23 1.21 30.07 -8.09 0.10
