Car 0.00 0 -2.69 129.22 172.92 393.52 282.49 1.76 1.67 3.74 -5.90 1.76 12.40 -3.13 0.95
Car 0.00 0 -8.28 819.90 178.16 1241.00 374.00 1.55 1.68 4.37 2.79 1.61 5.16 -7.79 0.91
Car 0.00 0 -4.67 550.73 174.58 577.25 200.82 1.72 1.66 3.99 -3.15 1.84 49.53 -4.74 0.83
Car 0.00 0 -7.75 587.84 174.62 612.92 194.35 1.58 1.67 4.30 -0.79 1.73 60.36 -7.77 0.70
Car 0.00 0 -4.85 670.54 165.60 727.47 216.15 1.83 1.64 4.14 3.35 1.56 28.13 -4.73 0.70
Car 0.00 0 -7.92 656.41 173.10 686.48 201.46 1.63 1.54 3.71 3.63 1.65 43.46 -7.84 0.66
Car 0.00 0 -8.01 684.48 160.85 776.17 237.60 1.90 1.80 4.63 3.18 1.61 20.21 -7.85 0.30
Pedestrian 0.00 0 -8.58 967.22 164.93 1002.62 226.88 1.69 0.60 0.64 10.35 1.47 20.02 -8.10 0.24
Pedestrian 0.00 0 -3.48 516.90 172.69 530.24 197.95 1.82 0.63 0.80 -6.31 1.81 52.43 -3.60 0.23
Pedestrian 0.00 0 -5.74 772.77 154.24 857.00 305.58 1.80 0.66 0.80 2.53 1.58 9.09 -5.47 0.20
Car 0.00 0 -6.30 598.37 177.95 644.23 194.20 1.43 1.50 4.07 0.98 1.89 64.71 -6.28 0.19
Pedestrian 0.00 0 -6.00 865.55 133.74 958.58 287.71 1.93 0.68 1.00 3.97 1.44 9.61 -5.61 0.17
Pedestrian 0.00 0 -4.29 1126.41 146.62 1193.97 257.28 1.77 0.63 0.78 9.12 1.35 12.03 -3.64 0.16
Pedestrian 0.00 0 -5.54 440.24 172.30 460.18 211.06 1.90 0.63 0.73 -7.95 1.87 35.75 -5.76 0.13
Pedestrian 0.00 0 -4.52 372.26 168.75 394.86 219.58 1.92 0.69 0.78 -8.74 1.77 27.73 -4.82 0.10
