Car 0.00 0 -4.52 401.72 184.39 493.61 245.12 1.40 1.68 3.97 -4.28 1.74 19.37 -4.74 0.97
Car 0.00 0 -4.28 0.00 193.47 372.56 374.00 1.50 1.68 4.31 -3.98 1.78 7.56 -4.77 0.97
Car 0.00 0 -7.86 606.86 173.04 654.48 219.81 1.55 1.58 3.30 0.68 1.56 25.64 -7.83 0.92
Car 0.00 0 -4.57 488.17 174.43 534.68 208.21 1.52 1.66 4.03 -4.71 1.60 34.66 -4.71 0.79
Pedestrian 0.00 0 -5.00 153.15 179.16 210.61 293.91 1.69 0.66 0.43 -6.61 1.79 11.05 -5.54 0.28
Car 0.00 0 -6.85 879.49 142.15 1241.00 366.76 1.81 1.69 4.02 4.79 1.56 6.75 -6.24 0.27
Car 0.00 0 -8.22 583.75 169.58 615.99 188.14 1.69 1.66 4.18 -1.01 1.39 67.85 -8.23 0.26
Pedestrian 0.00 0 -4.66 723.42 168.17 749.92 240.39 1.74 0.60 0.81 3.09 1.63 17.82 -4.49 0.24
Pedestrian 0.00 0 -8.12 426.61 175.70 443.20 216.34 1.60 0.56 0.36 -7.00 1.71 28.66 -8.36 0.17
Car 0.00 0 -6.31 513.41 169.15 560.13 186.98 1.63 1.62 4.28 -6.85 1.29 67.19 -6.41 0.16
Pedestrian 0.00 0 -4.18 687.61 159.60 714.96 212.07 1.86 0.62 0.88 3.27 1.39 26.15 -4.05 0.15
Cyclist 0.00 0 -4.37 205.04 179.18 257.09 257.19 1.65 0.56 1.54 -8.55 1.80 16.23 -4.86 0.15
Car 0.00 0 -6.42 633.60 161.53 688.32 185.03 1.73 1.63 3.91 3.77 0.90 54.09 -6.35 0.15
Car 0.00 0 -7.68 455.78 166.44 495.21 198.68 1.81 1.67 3.62 -7.88 1.45 42.34 -7.86 0.14
Pedestrian 0.00 0 -5.34 462.43 169.54 481.01 204.59 1.78 0.63 0.73 -7.17 1.62 37.22 -5.53 0.13
Pedestrian 0.00 0 -3.45 779.12 159.50 808.72 223.45 1.86 0.66 0.68 5.39 1.47 21.37 -3.20 0.12
Pedestrian 0.00 0 -4.80 737.01 158.82 770.67 246.02 1.81 0.63 0.89 3.03 1.52 15.48 -4.60 0.11
Pedestrian 0.00 0 -7.96 983.97 144.83 1021.89 230.87 1.98 0.72 0.67 9.21 1.33 17.02 -7.46 0.10
