Pedestrian 0.00 0 -5.45 1072.16 163.11 1186.96 328.68 1.76 0.71 0.77 5.74 1.66 8.09 -4.83 0.74
Cyclist 0.00 0 -7.84 683.74 176.32 690.33 206.48 1.66 0.35 1.52 4.31 1.86 40.68 -7.73 0.39
Pedestrian 0.00 0 -3.04 675.33 176.57 685.18 200.50 1.81 0.72 0.68 5.36 2.10 55.25 -2.94 0.37
Pedestrian 0.00 0 -8.00 886.70 165.09 915.03 228.34 1.80 0.65 0.84 8.41 1.58 21.00 -7.62 0.27
Cyclist 0.00 0 -3.35 1051.29 168.81 1105.90 208.83 1.73 0.78 1.91 20.70 1.56 31.97 -2.78 0.24
Car 0.00 0 -3.11 500.57 179.99 563.34 204.56 1.56 1.71 4.02 -5.12 2.04 47.34 -3.22 0.20
Car 0.00 0 -8.13 445.56 183.08 495.79 214.19 1.45 1.59 3.62 -7.21 2.00 36.93 -8.32 0.20
Pedestrian 0.00 0 -2.58 414.56 201.98 565.86 374.00 1.66 0.48 0.79 -0.79 1.86 4.45 -2.75 0.19
Pedestrian 0.00 0 -3.16 731.66 174.51 742.91 197.86 1.82 0.54 0.86 9.95 1.95 56.56 -2.98 0.17
Pedestrian 0.00 0 -3.47 698.30 173.43 707.62 192.26 1.76 0.47 0.76 8.73 1.82 67.90 -3.34 0.15
Cyclist 0.00 0 -8.08 743.97 175.26 762.88 216.17 1.59 0.39 1.61 5.71 1.69 28.97 -7.88 0.14
Pedestrian 0.00 0 -4.87 1219.71 157.41 1241.00 297.53 1.79 0.57 0.74 8.57 1.60 9.69 -4.15 0.13
Pedestrian 0.00 0 -3.10 633.28 216.16 766.78 374.00 1.66 0.48 0.78 0.50 1.94 4.49 -2.99 0.12
Pedestrian 0.00 0 -7.89 1077.52 159.97 1097.00 205.63 1.90 0.66 0.73 20.13 1.36 30.50 -7.31 0.11
Car 0.00 0 -5.07 985.38 205.39 1043.72 234.41 1.38 1.56 4.09 23.00 3.34 41.23 -4.56 0.11
Car 0.00 0 -5.33 1050.89 160.98 1109.30 188.38 2.09 1.80 4.14 37.17 1.19 57.22 -4.76 0.10
Cyclist 0.00 0 -7.53 689.33 175.03 705.82 206.04 1.70 0.43 1.58 4.89 1.83 40.49 -7.41 0.10
