Car 0.00 0 -7.98 629.41 181.16 681.83 218.90 1.42 1.64 4.22 1.79 1.79 30.16 -7.92 0.98
Car 0.00 0 -2.62 0.00 178.86 293.31 300.75 1.58 1.69 4.12 -7.07 1.68 10.44 -3.21 0.96
Car 0.00 0 -7.03 1019.27 188.81 1241.00 374.00 1.47 1.59 3.60 5.94 1.64 6.60 -6.29 0.94
Car 0.00 0 -6.72 767.08 186.66 1006.69 262.46 1.39 1.56 4.24 5.42 1.69 14.53 -6.36 0.93
Car 0.00 0 -3.64 826.62 181.76 1152.11 283.69 1.50 1.59 4.44 5.90 1.66 11.63 -3.17 0.92
Car 0.00 0 -2.27 0.00 188.51 102.53 374.00 1.51 1.61 4.01 -6.77 1.66 5.91 -3.12 0.92
Car 0.00 0 -2.88 325.45 183.22 469.11 227.84 1.42 1.64 4.36 -7.10 1.78 24.23 -3.17 0.91
Car 0.00 0 -6.94 935.79 182.57 1241.00 313.35 1.48 1.58 3.82 6.34 1.61 9.16 -6.34 0.90
Cyclist 0.00 0 -4.59 484.24 176.19 509.80 235.34 1.68 0.57 1.62 -3.38 1.78 21.39 -4.75 0.88
Car 0.00 0 -6.62 767.00 176.27 949.08 248.53 1.61 1.57 3.72 5.67 1.69 16.92 -6.30 0.87
Car 0.00 0 -2.72 373.59 179.87 489.43 222.71 1.52 1.54 3.92 -6.69 1.79 26.99 -2.96 0.69
Car 0.00 0 -5.85 56.17 161.47 351.39 275.82 1.90 1.71 4.32 -7.17 1.71 13.01 -6.36 0.59
Car 0.00 0 -7.82 622.77 176.98 650.91 202.28 1.50 1.64 3.97 1.69 1.77 45.39 -7.78 0.46
Car 0.00 0 -7.96 613.92 174.00 643.71 198.10 1.61 1.65 3.98 1.25 1.70 50.50 -7.94 0.42
Pedestrian 0.00 0 -3.37 34.38 145.36 71.44 211.86 1.86 0.68 0.71 -15.99 1.09 20.65 -4.02 0.34
Car 0.00 0 -7.74 474.82 174.60 513.67 206.80 1.64 1.61 4.25 -6.26 1.74 39.13 -7.90 0.32
Car 0.00 0 -4.91 736.07 172.05 768.92 195.53 1.67 1.66 3.85 10.47 1.62 53.35 -4.72 0.29
Pedestrian 0.00 0 -7.67 314.78 161.06 331.15 198.90 1.96 0.70 0.59 -15.03 1.35 37.69 -8.05 0.28
Car 0.00 0 -6.45 706.88 177.53 785.68 205.74 1.49 1.62 3.99 7.33 1.75 39.25 -6.27 0.22
Car 0.00 0 -2.94 387.96 178.68 484.93 214.53 1.53 1.60 3.93 -7.66 1.79 31.90 -3.18 0.21
Pedestrian 0.00 0 -4.64 1158.36 144.08 1195.44 222.12 1.94 0.69 0.75 14.41 1.22 18.40 -3.97 0.20
Pedestrian 0.00 0 -4.18 1077.81 154.67 1112.95 219.92 1.94 0.66 0.63 14.67 1.40 21.88 -3.59 0.14
Car 0.00 0 -5.94 367.43 179.14 475.67 218.32 1.51 1.56 3.92 -7.58 1.77 29.04 -6.20 0.14
Car 0.00 0 -4.71 493.50 174.48 517.79 199.10 1.61 1.58 3.93 -7.17 1.72 49.36 -4.86 0.13
Cyclist 0.00 0 -6.66 0.00 159.37 48.88 218.10 1.60 0.59 1.71 -17.14 1.23 20.51 -7.35 0.12
Car 0.00 0 -5.15 584.07 175.69 619.13 193.12 1.47 1.56 3.98 -0.80 1.73 63.68 -5.16 0.12
Car 0.00 0 -7.75 496.91 173.92 524.16 196.99 1.69 1.66 3.75 -7.56 1.77 54.87 -7.88 0.11
Pedestrian 0.00 0 -5.42 323.78 168.76 336.82 200.97 1.71 0.55 0.36 -15.01 1.49 38.64 -5.79 0.11
Pedestrian 0.00 0 -8.16 1121.34 167.34 1145.06 209.12 1.77 0.68 0.59 22.37 1.53 30.92 -7.53 0.10
Pedestrian 0.00 0 -3.75 729.36 169.71 743.65 195.19 1.80 0.56 0.84 9.00 1.58 51.49 -3.58 0.10
