Car 0.00 0 -4.49 308.62 188.80 459.30 297.41 1.50 1.63 3.92 -3.78 1.82 12.57 -4.78 0.96
Car 0.00 0 -4.53 407.31 173.55 504.49 251.50 1.77 1.69 4.28 -3.87 1.79 18.58 -4.74 0.88
Car 0.00 0 -4.60 517.41 179.51 558.03 211.36 1.47 1.57 3.95 -3.60 1.82 36.07 -4.69 0.84
Car 0.00 0 -4.47 484.26 181.85 517.90 204.55 1.47 1.50 3.64 -7.56 2.12 50.13 -4.62 0.28
Pedestrian 0.00 0 -5.14 62.11 174.20 140.99 301.56 1.89 0.72 0.83 -7.96 1.91 11.23 -5.76 0.25
Cyclist 0.00 0 -2.98 388.79 169.54 434.41 215.24 1.90 0.78 1.76 -8.41 1.76 30.49 -3.25 0.25
Cyclist 0.00 0 -2.39 294.05 178.83 355.27 244.95 1.73 0.63 1.53 -7.80 1.90 19.60 -2.77 0.24
Car 0.00 0 -4.80 355.17 181.06 389.44 206.96 1.46 1.66 3.90 -14.64 1.99 44.24 -5.12 0.15
Pedestrian 0.00 0 -2.94 220.09 180.36 266.10 257.41 1.78 0.57 0.88 -8.74 1.96 17.11 -3.42 0.10
Car 0.00 0 -7.09 789.49 168.24 1084.11 299.83 1.61 1.62 3.84 4.59 1.55 10.27 -6.67 0.10
