Car 0.00 0 -8.18 759.06 179.00 989.57 326.43 1.52 1.63 3.74 3.11 1.62 9.46 -7.86 0.98
Car 0.00 0 -7.69 436.95 178.06 524.44 243.07 1.54 1.67 4.00 -3.41 1.69 19.42 -7.86 0.95
Car 0.00 0 -8.05 672.51 177.37 755.31 237.88 1.53 1.60 3.63 2.79 1.67 20.39 -7.92 0.94
Car 0.00 0 -8.06 707.09 174.08 813.12 256.75 1.61 1.58 3.35 3.11 1.64 15.78 -7.87 0.93
Car 0.00 0 -7.85 647.64 175.27 684.28 210.00 1.51 1.60 3.53 2.55 1.63 33.41 -7.78 0.89
Pedestrian 0.00 0 -7.60 1050.37 158.35 1100.44 253.49 1.65 0.61 0.68 8.31 1.40 12.95 -7.03 0.53
Pedestrian 0.00 0 -6.47 1214.19 143.56 1241.00 273.71 1.73 0.59 0.80 8.93 1.34 10.04 -5.75 0.41
Car 0.00 0 -7.88 619.87 171.50 642.04 194.19 1.79 1.70 3.58 1.65 1.68 58.61 -7.85 0.27
Pedestrian 0.00 0 -3.53 1067.62 147.67 1119.54 244.87 1.82 0.65 0.63 9.24 1.35 13.89 -2.94 0.22
Cyclist 0.00 0 -8.18 919.02 167.89 969.03 244.96 1.66 0.51 1.68 7.51 1.55 16.39 -7.75 0.20
Car 0.00 0 -7.85 606.24 175.24 625.05 194.42 1.65 1.63 3.99 0.50 1.87 64.51 -7.84 0.14
Car 0.00 0 -4.66 509.04 175.99 555.15 215.94 1.60 1.78 4.46 -3.38 1.75 31.60 -4.77 0.13
Cyclist 0.00 0 -5.28 243.17 172.76 280.01 215.97 1.89 0.60 1.81 -15.64 1.89 32.30 -5.74 0.13
Pedestrian 0.00 0 -6.13 418.50 172.64 428.48 210.27 1.93 0.56 0.42 -9.67 1.92 37.29 -6.38 0.12
Pedestrian 0.00 0 -7.85 483.46 169.57 503.64 222.15 1.88 0.72 0.46 -4.26 1.77 26.14 -8.01 0.12
