Car 0.00 0 -4.63 576.00 172.36 630.91 216.23 1.42 1.59 4.16 0.12 1.12 25.31 -4.62 0.84
Pedestrian 0.00 0 -9.11 978.99 153.71 1108.73 339.31 1.67 0.71 0.91 4.27 1.42 7.03 -8.57 0.68
Pedestrian 0.00 0 -8.18 782.91 151.18 829.52 242.53 1.84 0.70 0.82 4.19 1.23 14.88 -7.90 0.57
Pedestrian 0.00 0 -4.16 565.62 161.61 582.63 200.32 1.82 0.58 0.60 -1.31 0.89 34.18 -4.20 0.46
Pedestrian 0.00 0 -7.82 514.25 168.23 528.87 201.97 1.65 0.70 0.57 -3.95 1.00 35.49 -7.93 0.45
Car 0.00 0 -6.73 1153.92 155.47 1237.00 355.00 1.45 1.54 4.09 7.88 1.26 6.75 -5.86 0.44
Pedestrian 0.00 0 -4.85 478.49 170.82 496.35 211.69 1.56 0.58 0.80 -4.46 1.16 27.97 -5.01 0.40
Cyclist 0.00 0 -8.68 1032.96 0.00 1237.00 373.00 1.91 0.72 1.79 2.12 1.56 2.09 -7.89 0.36
Pedestrian 0.00 0 -4.88 636.24 163.21 648.19 193.46 1.89 0.62 0.84 2.57 0.75 45.25 -4.82 0.35
Pedestrian 0.00 0 -4.34 972.15 137.49 990.28 174.61 1.78 0.64 0.52 18.50 -0.34 35.01 -3.86 0.33
Pedestrian 0.00 0 -7.78 499.42 172.03 517.83 213.11 1.51 0.64 0.54 -3.46 1.16 26.68 -7.91 0.30
Car 0.00 0 -7.88 789.13 172.74 966.22 356.05 1.54 1.45 2.67 2.76 1.47 7.55 -7.53 0.30
Pedestrian 0.00 0 -3.30 645.16 165.74 655.21 190.84 1.82 0.66 0.63 3.57 0.68 52.40 -3.23 0.25
Pedestrian 0.00 0 -3.96 560.45 164.18 575.62 199.32 1.77 0.55 0.54 -1.71 0.90 36.61 -4.01 0.25
Pedestrian 0.00 0 -4.46 651.63 163.35 663.85 192.93 1.86 0.59 0.84 3.60 0.72 45.74 -4.38 0.23
Car 0.00 0 -2.78 286.87 178.23 439.83 226.55 1.44 1.60 4.20 -7.32 1.34 22.24 -3.10 0.23
Car 0.00 0 -6.45 1106.23 164.98 1237.00 290.41 1.40 1.51 3.66 9.00 1.22 9.65 -5.70 0.20
Pedestrian 0.00 0 -5.30 315.21 158.72 363.99 247.27 1.84 0.60 0.88 -5.66 1.37 15.41 -5.65 0.20
Cyclist 0.00 0 -4.40 291.62 174.16 330.34 236.30 1.58 0.46 1.72 -7.75 1.40 19.15 -4.79 0.19
Cyclist 0.00 0 -5.15 508.44 167.82 542.03 218.39 1.64 0.54 1.47 -2.58 1.19 24.02 -5.26 0.19
Car 0.00 0 -4.55 1229.75 155.97 1237.00 241.43 1.42 1.61 4.08 13.65 1.00 13.76 -3.77 0.18
Pedestrian 0.00 0 -3.43 626.19 165.29 638.56 188.83 1.82 0.56 0.84 2.43 0.57 56.03 -3.39 0.17
Cyclist 0.00 0 -7.79 1157.61 155.49 1186.99 213.89 1.70 0.59 1.71 17.29 0.95 21.77 -7.12 0.15
Car 0.00 0 -4.92 866.04 170.30 998.71 255.25 1.47 1.58 4.24 6.50 1.28 14.65 -4.50 0.15
Pedestrian 0.00 0 -5.18 501.93 159.49 533.89 222.91 1.78 0.62 0.81 -2.44 1.16 20.68 -5.29 0.14
Cyclist 0.00 0 -7.80 733.03 165.09 743.70 199.75 1.60 0.42 1.58 6.46 0.84 33.93 -7.62 0.14
Pedestrian 0.00 0 -4.50 422.45 157.72 465.05 260.50 1.80 0.58 0.90 -2.89 1.38 13.02 -4.72 0.13
Cyclist 0.00 0 -5.04 990.93 161.29 1029.03 218.78 1.74 0.58 1.53 12.78 1.13 22.56 -4.52 0.12
Pedestrian 0.00 0 -3.95 311.87 184.30 343.79 243.03 1.34 0.45 0.54 -6.42 1.41 16.77 -4.32 0.12
Car 0.00 0 -4.49 481.59 170.57 538.93 206.17 1.45 1.59 4.22 -3.91 1.00 31.36 -4.61 0.11
Pedestrian 0.00 0 -3.87 813.80 152.01 854.11 223.65 1.83 0.59 0.82 6.04 1.08 18.76 -3.56 0.11
Pedestrian 0.00 0 -4.69 420.23 191.69 439.32 248.04 1.17 0.39 0.42 -3.68 1.39 15.27 -4.93 0.11
Pedestrian 0.00 0 -3.70 640.28 163.64 654.62 192.64 1.89 0.52 0.79 3.04 0.73 47.29 -3.64 0.10
