Car 0.00 0 -7.99 640.68 178.76 716.45 232.79 1.40 1.64 4.27 1.88 1.60 21.40 -7.90 0.98
Car 0.00 0 -7.09 986.29 190.04 1241.00 374.00 1.44 1.60 4.16 5.42 1.60 5.74 -6.33 0.96
Car 0.00 0 -2.72 161.66 184.63 373.76 255.28 1.42 1.58 3.84 -7.35 1.69 15.63 -3.16 0.90
Cyclist 0.00 0 -4.43 310.20 174.94 396.38 323.25 1.67 0.53 1.85 -3.24 1.70 9.10 -4.77 0.90
Car 0.00 0 -2.79 251.63 185.08 428.47 243.74 1.39 1.49 3.88 -6.73 1.70 18.10 -3.15 0.88
Car 0.00 0 -6.94 910.67 167.29 1241.00 328.66 1.62 1.64 3.91 5.64 1.56 8.16 -6.34 0.87
Car 0.00 0 -5.89 325.23 176.58 449.18 226.93 1.56 1.52 3.52 -7.21 1.68 23.36 -6.19 0.82
Car 0.00 0 -8.01 616.82 175.01 659.15 206.23 1.49 1.58 3.71 1.33 1.60 36.58 -7.97 0.71
Car 0.00 0 -3.00 412.70 179.27 496.09 212.03 1.42 1.56 3.50 -7.01 1.72 32.55 -3.21 0.43
Car 0.00 0 -2.91 458.92 173.06 517.81 197.43 1.64 1.63 3.72 -8.36 1.66 49.61 -3.08 0.40
Car 0.00 0 -7.93 618.24 173.36 651.34 201.85 1.57 1.63 3.76 1.35 1.60 41.62 -7.90 0.38
Car 0.00 0 -6.09 280.43 180.12 430.97 235.12 1.47 1.55 3.83 -7.21 1.69 20.63 -6.42 0.31
Pedestrian 0.00 0 -7.93 746.36 175.55 761.89 213.74 1.56 0.59 0.57 5.92 1.67 29.86 -7.73 0.31
Cyclist 0.00 0 -7.71 494.86 172.94 504.58 199.69 1.64 0.39 1.51 -6.90 1.65 45.00 -7.86 0.31
Car 0.00 0 -4.80 467.20 175.19 499.88 203.49 1.50 1.48 3.59 -7.16 1.64 40.47 -4.98 0.31
Cyclist 0.00 0 -3.06 790.52 170.64 826.89 209.86 1.86 0.68 1.64 9.55 1.76 34.81 -2.79 0.21
Pedestrian 0.00 0 -3.81 120.13 157.87 149.44 214.47 1.85 0.67 0.50 -15.78 1.36 23.89 -4.40 0.21
Car 0.00 0 -2.97 447.57 174.28 518.23 198.04 1.52 1.63 4.33 -8.28 1.61 47.06 -3.14 0.20
Pedestrian 0.00 0 -4.43 225.72 160.22 250.42 207.81 1.88 0.68 0.85 -15.01 1.38 29.05 -4.91 0.20
Car 0.00 0 -6.16 289.41 172.15 402.92 213.03 1.59 1.67 4.16 -10.66 1.56 29.32 -6.51 0.20
Car 0.00 0 -6.57 768.91 163.49 845.28 191.00 1.63 1.68 4.14 11.82 1.07 43.53 -6.30 0.16
Pedestrian 0.00 0 -5.78 16.11 157.01 98.90 291.34 1.84 0.64 0.72 -7.90 1.63 10.27 -6.43 0.14
Car 0.00 0 -7.80 438.51 173.05 482.23 215.32 1.64 1.60 3.75 -6.21 1.65 30.03 -8.01 0.13
Pedestrian 0.00 0 -3.38 365.65 164.94 378.30 207.62 1.96 0.57 0.44 -11.11 1.60 33.55 -3.70 0.12
Car 0.00 0 -7.12 113.50 167.13 217.09 204.50 1.60 1.74 4.10 -20.28 1.35 33.06 -7.67 0.12
Pedestrian 0.00 0 -7.82 812.39 165.72 832.42 221.01 1.77 0.61 0.52 6.87 1.55 23.49 -7.53 0.12
Pedestrian 0.00 0 -4.95 195.10 165.56 211.57 204.95 1.91 0.58 0.57 -20.00 1.56 35.41 -5.47 0.12
Pedestrian 0.00 0 -7.38 707.02 168.27 722.15 199.81 1.86 0.69 0.60 6.19 1.59 42.95 -7.24 0.12
Cyclist 0.00 0 -7.29 72.51 172.86 129.62 235.29 1.64 0.43 1.73 -13.98 1.64 19.80 -7.91 0.11
Car 0.00 0 -4.69 509.00 175.03 531.30 196.55 1.52 1.56 3.83 -6.63 1.69 53.30 -4.82 0.11
Car 0.00 0 -4.19 210.62 179.81 294.45 216.47 1.45 1.60 3.77 -15.43 1.77 31.28 -4.65 0.11
Pedestrian 0.00 0 -4.34 46.42 196.26 97.95 287.01 1.36 0.47 0.56 -8.47 1.74 11.31 -4.98 0.11
Pedestrian 0.00 0 -3.45 803.83 164.13 836.61 223.64 1.78 0.59 0.81 6.31 1.52 21.84 -3.17 0.10
