Car 0.00 0 -7.98 668.24 183.15 742.86 240.71 1.45 1.64 3.89 2.61 1.78 20.86 -7.85 0.97
Car 0.00 0 -8.43 854.31 197.15 1241.00 374.00 1.51 1.64 4.04 3.44 1.78 5.70 -7.89 0.96
Car 0.00 0 -7.94 654.61 181.06 709.15 226.11 1.49 1.63 4.11 2.53 1.82 26.65 -7.85 0.95
Car 0.00 0 -4.15 0.00 206.82 221.95 374.00 1.49 1.57 3.70 -5.03 1.87 6.25 -4.82 0.95
Car 0.00 0 -4.61 466.95 182.83 509.36 218.71 1.65 1.72 3.94 -6.10 2.18 36.26 -4.78 0.84
Car 0.00 0 -2.91 826.96 176.15 958.34 220.29 1.48 1.60 4.21 10.21 1.61 26.30 -2.54 0.80
Car 0.00 0 -3.00 920.68 164.65 1085.58 233.78 1.74 1.66 3.81 10.77 1.53 19.96 -2.51 0.79
Car 0.00 0 -4.60 494.93 185.06 529.82 213.60 1.50 1.56 3.86 -5.61 2.24 41.56 -4.73 0.52
Car 0.00 0 -7.88 637.09 176.94 660.41 200.45 1.70 1.66 3.86 2.89 2.03 54.88 -7.83 0.43
Car 0.00 0 -6.22 896.85 174.69 1044.70 225.44 1.48 1.61 4.06 11.30 1.54 22.80 -5.76 0.40
Car 0.00 0 -6.53 724.29 178.57 817.05 210.69 1.45 1.57 3.97 7.43 1.73 33.75 -6.32 0.35
Cyclist 0.00 0 -8.15 919.39 167.58 938.52 200.02 1.69 0.47 1.64 16.92 1.41 38.38 -7.73 0.19
Car 0.00 0 -7.98 732.24 167.87 773.42 206.01 1.88 1.65 3.74 7.33 1.63 37.47 -7.78 0.16
Car 0.00 0 -7.17 184.31 182.41 239.09 203.30 1.55 1.78 3.87 -31.67 2.34 57.45 -7.68 0.13
Cyclist 0.00 0 -5.81 1074.04 167.38 1129.08 215.44 1.69 0.49 1.61 17.82 1.50 26.25 -5.21 0.13
Car 0.00 0 -5.56 955.85 169.37 1081.16 208.90 1.50 1.68 4.51 16.67 1.37 29.80 -5.05 0.13
Car 0.00 0 -8.69 1087.04 169.85 1222.36 214.04 1.50 1.60 3.90 19.85 1.40 26.57 -8.05 0.12
Car 0.00 0 -5.13 530.13 181.01 578.71 205.48 1.51 1.66 4.20 -3.80 2.09 48.36 -5.21 0.12
Car 0.00 0 -8.00 312.55 184.35 359.72 225.24 1.61 1.51 2.69 -11.76 2.13 30.82 -8.36 0.12
Car 0.00 0 -6.97 1213.72 168.51 1241.00 222.82 1.50 1.65 4.01 20.24 1.38 20.94 -6.20 0.12
