Pedestrian 0.00 0 -6.26 619.38 164.18 726.59 334.50 1.71 0.59 1.08 0.67 1.55 7.44 -6.17 0.88
Pedestrian 0.00 0 -7.68 667.96 170.05 707.21 259.19 1.61 0.61 0.72 1.51 1.42 13.20 -7.56 0.35
Pedestrian 0.00 0 -8.10 837.84 170.37 869.67 235.55 1.61 0.61 0.68 6.22 1.36 17.81 -7.76 0.26
Pedestrian 0.00 0 -4.80 687.57 163.10 722.83 251.33 1.75 0.64 0.85 2.00 1.41 14.46 -4.67 0.23
Pedestrian 0.00 0 -5.17 980.09 226.27 1079.48 369.00 1.18 0.38 0.68 3.14 1.55 5.36 -4.64 0.18
Cyclist 0.00 0 -7.99 956.15 166.17 1011.13 278.03 1.63 0.52 1.82 5.93 1.42 11.23 -7.50 0.15
Pedestrian 0.00 0 -5.52 625.22 167.14 675.75 260.34 1.64 0.54 0.76 0.79 1.41 12.93 -5.46 0.15
Pedestrian 0.00 0 -3.86 1168.68 162.60 1223.00 262.07 1.64 0.65 0.64 10.11 1.35 12.01 -3.16 0.14
Pedestrian 0.00 0 -4.18 661.15 139.64 678.66 172.16 1.79 0.63 0.86 3.65 -0.47 39.81 -4.09 0.13
Pedestrian 0.00 0 -4.36 0.00 172.21 49.70 258.89 1.68 0.61 0.76 -11.71 1.52 14.18 -5.05 0.13
Pedestrian 0.00 0 -4.58 1011.87 166.17 1057.68 268.31 1.65 0.58 0.66 7.18 1.42 11.87 -4.04 0.13
Pedestrian 0.00 0 -8.06 547.42 159.36 578.51 234.67 1.83 0.64 0.71 -1.09 1.32 17.63 -8.12 0.13
Car 0.00 0 -5.53 0.00 180.97 119.90 225.08 1.52 1.67 4.25 -20.08 1.54 25.39 -6.20 0.12
Pedestrian 0.00 0 -7.87 898.46 163.89 941.11 266.52 1.66 0.64 0.71 5.23 1.39 11.87 -7.45 0.12
Car 0.00 0 -8.85 1081.56 185.70 1223.00 369.00 1.49 1.54 3.40 4.99 1.54 4.40 -8.01 0.12
Pedestrian 0.00 0 -4.87 1082.11 150.57 1137.84 264.81 1.79 0.62 0.81 8.20 1.32 11.57 -4.25 0.12
Pedestrian 0.00 0 -4.80 64.52 177.49 90.38 233.65 1.59 0.54 0.73 -15.30 1.51 20.46 -5.44 0.10
Cyclist 0.00 0 -8.15 851.28 174.60 925.53 280.45 1.52 0.59 1.70 4.32 1.44 11.01 -7.78 0.10
