Car 0.00 0 -7.65 423.99 181.20 502.75 239.21 1.64 1.66 4.07 -4.62 1.93 23.03 -7.85 0.98
Car 0.00 0 -8.23 762.06 175.59 1064.91 370.34 1.58 1.63 3.71 2.83 1.62 7.77 -7.88 0.97
Car 0.00 0 -7.61 320.65 198.87 451.23 286.16 1.35 1.59 3.62 -4.26 1.92 14.10 -7.90 0.97
Car 0.00 0 -7.97 680.13 181.30 758.46 246.48 1.44 1.53 3.33 2.60 1.67 18.09 -7.83 0.93
Car 0.00 0 -4.56 491.46 182.45 533.45 215.25 1.55 1.57 3.81 -5.00 2.07 37.13 -4.69 0.92
Car 0.00 0 -7.95 646.04 178.16 687.37 213.67 1.55 1.57 3.58 2.56 1.81 33.74 -7.88 0.89
Car 0.00 0 -7.17 1141.67 143.30 1241.00 330.41 1.58 1.61 4.32 7.83 1.33 7.01 -6.33 0.60
Car 0.00 0 -4.51 680.10 174.09 714.79 198.84 1.71 1.69 4.10 6.35 1.80 52.26 -4.38 0.36
Car 0.00 0 -6.49 759.67 177.59 868.19 215.05 1.44 1.62 3.93 8.07 1.64 28.95 -6.22 0.29
Pedestrian 0.00 0 -4.44 376.86 177.51 409.42 245.93 1.80 0.64 0.85 -5.89 1.93 19.46 -4.73 0.28
Car 0.00 0 -4.41 523.59 181.65 559.24 204.74 1.58 1.54 3.74 -5.01 2.25 52.84 -4.50 0.24
Pedestrian 0.00 0 -7.74 352.21 181.14 376.96 245.76 1.70 0.57 0.58 -6.64 1.92 19.39 -8.07 0.23
Pedestrian 0.00 0 -3.64 788.90 137.00 869.88 278.81 1.96 0.65 0.91 3.09 1.46 10.37 -3.35 0.21
Pedestrian 0.00 0 -6.48 649.97 168.46 669.76 205.78 1.98 0.62 0.95 2.63 1.74 38.59 -6.42 0.12
Pedestrian 0.00 0 -7.96 918.50 163.45 941.84 214.17 1.95 0.77 0.58 12.42 1.59 28.09 -7.55 0.11
