Pedestrian 0.00 0 -4.74 349.62 170.80 381.82 244.29 1.75 0.73 0.85 -5.93 1.52 17.39 -5.07 0.80
Car 0.00 0 -7.93 587.96 162.26 644.14 215.81 1.75 1.67 3.76 0.29 1.16 25.03 -7.92 0.76
Cyclist 0.00 0 -4.53 519.93 168.72 535.20 199.67 1.77 0.57 1.87 -4.52 1.10 41.30 -4.64 0.65
Pedestrian 0.00 0 -4.60 153.08 140.03 266.67 369.00 1.91 0.68 0.86 -3.07 1.63 5.47 -5.12 0.61
Car 0.00 0 -5.53 437.47 175.37 494.09 198.44 1.65 1.68 4.08 -10.34 1.29 52.45 -5.72 0.46
Pedestrian 0.00 0 -7.33 409.74 175.89 425.79 210.12 1.67 0.54 0.59 -9.21 1.44 34.74 -7.59 0.36
Car 0.00 0 -8.00 568.84 171.70 621.44 210.03 1.52 1.65 4.13 -0.51 1.18 30.28 -8.02 0.30
Pedestrian 0.00 0 -5.35 399.84 170.20 424.38 216.77 1.74 0.59 0.72 -7.36 1.36 26.89 -5.62 0.27
Pedestrian 0.00 0 -4.48 701.74 154.46 738.04 239.78 1.89 0.62 0.97 2.61 1.31 16.22 -4.32 0.24
Car 0.00 0 -4.57 491.80 170.54 533.47 203.51 1.59 1.58 3.94 -4.68 1.11 36.14 -4.70 0.24
Car 0.00 0 -3.66 887.29 188.31 1041.83 250.41 1.46 1.50 3.10 8.86 1.66 17.63 -3.20 0.23
Pedestrian 0.00 0 -4.39 366.91 200.72 392.51 261.15 1.13 0.37 0.37 -4.33 1.52 13.47 -4.71 0.20
Pedestrian 0.00 0 -5.35 911.69 119.69 1051.32 369.00 1.92 0.61 0.87 3.00 1.47 5.79 -4.87 0.20
Car 0.00 0 -7.46 55.03 182.91 262.71 289.79 1.53 1.61 4.02 -7.53 1.59 12.35 -8.01 0.19
Pedestrian 0.00 0 -4.62 406.53 194.15 426.13 246.83 1.20 0.40 0.43 -4.43 1.52 16.46 -4.88 0.16
Pedestrian 0.00 0 -5.24 869.09 144.87 974.50 342.16 1.83 0.58 0.89 3.08 1.50 7.04 -4.83 0.13
Car 0.00 0 -2.87 383.70 179.80 492.08 215.86 1.43 1.56 4.05 -6.81 1.41 28.94 -3.10 0.12
Pedestrian 0.00 0 -3.50 429.02 164.29 442.89 196.51 1.88 0.61 0.62 -10.00 0.94 41.77 -3.74 0.12
Pedestrian 0.00 0 -5.07 710.96 157.91 752.92 247.81 1.83 0.58 0.94 2.63 1.37 14.93 -4.90 0.12
Pedestrian 0.00 0 -7.70 382.37 177.94 403.96 223.11 1.58 0.64 0.70 -7.56 1.49 25.16 -7.99 0.11
Pedestrian 0.00 0 -4.62 634.20 160.26 646.42 194.94 1.89 0.62 0.56 1.94 0.79 38.91 -4.57 0.11
Car 0.00 0 -5.33 1113.25 154.38 1223.00 305.74 1.62 1.66 4.32 9.18 1.34 9.82 -4.58 0.11
Pedestrian 0.00 0 -4.00 995.18 114.99 1185.78 369.00 1.88 0.56 0.88 3.00 1.50 4.48 -3.41 0.10
Cyclist 0.00 0 -7.73 450.44 171.98 468.81 225.76 1.68 0.40 1.48 -4.72 1.42 22.86 -7.93 0.10
