Car 0.00 0 -7.72 570.88 183.96 615.49 218.24 1.45 1.59 3.85 -0.77 2.00 33.78 -7.74 0.44
Car 0.00 0 -7.95 675.37 185.03 708.95 211.38 1.49 1.67 4.30 5.04 2.29 45.02 -7.84 0.22
Car 0.00 0 -7.95 870.24 181.40 907.77 210.88 1.53 1.61 3.73 15.60 2.03 40.57 -7.58 0.22
Car 0.00 0 -5.30 1178.37 185.68 1241.00 229.64 1.51 1.73 4.18 24.53 2.05 28.25 -4.59 0.16
Cyclist 0.00 0 -7.02 1012.18 180.17 1068.15 229.53 1.80 0.66 1.83 16.06 2.08 27.01 -6.48 0.12
Pedestrian 0.00 0 -4.85 876.58 208.46 985.53 374.00 1.58 0.48 0.70 1.81 1.81 4.26 -4.45 0.12
Cyclist 0.00 0 -7.83 792.48 182.13 803.75 217.80 1.67 0.50 1.66 9.14 2.14 35.17 -7.58 0.11
Pedestrian 0.00 0 -4.85 915.96 228.28 1041.20 374.00 1.50 0.49 0.55 1.77 1.80 3.64 -4.39 0.11
Cyclist 0.00 0 -7.99 800.48 177.72 817.04 217.09 1.76 0.51 1.77 9.16 1.99 33.43 -7.72 0.10
Car 0.00 0 -8.26 531.48 187.90 574.52 212.34 1.46 1.55 3.47 -3.80 2.48 47.20 -8.34 0.10
