Pedestrian 0.00 0 -4.66 95.68 184.10 140.95 293.69 1.78 0.60 0.88 -8.46 1.98 12.37 -5.26 0.55
Cyclist 0.00 0 -8.63 752.42 192.37 780.92 224.34 1.66 0.44 1.72 8.48 2.74 39.25 -8.42 0.53
Car 0.00 0 -7.01 688.71 198.69 758.01 229.13 1.53 1.58 3.78 6.41 3.06 40.91 -6.85 0.40
Car 0.00 0 -2.64 720.16 182.75 819.44 222.71 1.59 1.65 3.92 6.90 2.05 31.53 -2.42 0.39
Car 0.00 0 -7.39 367.07 163.48 415.00 200.74 3.02 1.83 5.01 -18.49 2.26 61.11 -7.68 0.31
Car 0.00 0 -6.33 882.12 187.68 1016.03 236.50 1.51 1.64 4.03 11.45 2.05 24.70 -5.90 0.30
Car 0.00 0 -7.97 619.98 186.80 656.98 220.00 1.95 1.86 4.57 1.76 2.90 46.69 -7.93 0.26
Cyclist 0.00 0 -3.41 719.09 187.64 751.32 218.13 1.82 0.62 1.83 7.56 2.72 43.79 -3.24 0.16
Pedestrian 0.00 0 -4.80 907.17 152.83 957.35 272.75 1.90 0.67 0.98 5.29 1.58 12.00 -4.38 0.15
Car 0.00 0 -7.31 762.24 186.14 929.95 269.98 1.48 1.56 3.88 4.99 1.79 15.17 -6.99 0.12
Pedestrian 0.00 0 -7.77 92.17 183.78 112.05 240.08 1.76 0.50 0.26 -16.14 2.11 22.87 -8.38 0.12
Cyclist 0.00 0 -8.72 1054.08 169.03 1129.13 237.41 1.65 0.49 1.65 12.10 1.56 18.26 -8.13 0.12
Pedestrian 0.00 0 -8.49 1042.05 177.57 1095.80 266.00 1.65 0.51 0.78 8.76 1.74 13.87 -7.93 0.11
Cyclist 0.00 0 -5.40 966.96 146.29 1089.34 280.49 1.88 0.63 1.77 6.28 1.51 11.05 -4.88 0.10
