Car 0.00 0 -7.79 530.82 172.23 566.85 202.24 1.50 1.64 4.11 -2.73 1.04 37.90 -7.86 0.85
Car 0.00 0 -7.89 588.16 170.42 616.35 196.08 1.55 1.62 3.83 0.02 0.88 45.33 -7.89 0.69
Car 0.00 0 -7.63 563.04 171.01 592.25 190.32 1.53 1.62 3.69 -1.90 0.70 59.05 -7.66 0.43
Car 0.00 0 -2.68 289.83 181.26 373.31 209.39 1.42 1.55 3.76 -13.96 1.41 37.23 -3.04 0.33
Car 0.00 0 -5.28 959.74 123.50 1050.63 164.26 1.53 1.61 3.68 16.96 -0.77 30.40 -4.77 0.18
Pedestrian 0.00 0 -3.14 817.64 129.94 923.05 322.23 1.87 0.49 0.98 2.70 1.37 7.39 -2.79 0.15
Car 0.00 0 -4.84 1074.01 126.50 1128.98 162.09 1.47 1.65 3.98 23.73 -0.98 34.22 -4.23 0.15
Car 0.00 0 -7.88 614.15 168.49 633.38 186.94 1.60 1.62 4.04 2.01 0.47 64.45 -7.85 0.13
Pedestrian 0.00 0 -6.03 332.27 169.40 340.89 200.19 1.89 0.62 0.36 -16.38 1.15 44.45 -6.38 0.13
Pedestrian 0.00 0 -8.45 668.85 170.23 689.01 211.25 1.69 0.66 0.52 3.22 1.23 30.04 -8.34 0.12
Cyclist 0.00 0 -2.54 472.31 166.49 511.16 205.50 1.80 0.69 1.72 -5.18 1.11 33.83 -2.69 0.12
Cyclist 0.00 0 -8.32 956.74 139.64 975.85 166.99 1.69 0.40 1.65 23.46 -0.95 46.18 -7.85 0.11
