Car 0.00 0 -3.19 293.27 185.37 431.03 237.98 1.46 1.73 3.89 -7.69 1.88 22.32 -3.52 0.94
Car 0.00 0 -4.66 484.27 182.13 530.16 223.26 1.53 1.65 4.29 -4.25 1.94 30.02 -4.80 0.84
Pedestrian 0.00 0 -7.73 1049.36 135.36 1156.39 372.37 1.85 0.64 0.99 4.19 1.55 6.20 -7.13 0.32
Car 0.00 0 -7.94 486.84 175.53 510.25 197.13 1.71 1.61 3.53 -9.25 1.94 59.55 -8.09 0.30
Pedestrian 0.00 0 -6.85 726.99 169.35 743.74 216.22 1.76 0.52 0.41 4.72 1.63 27.43 -6.68 0.27
Car 0.00 0 -7.68 277.54 167.52 309.51 190.38 1.83 1.75 4.14 -26.22 1.40 59.83 -8.10 0.25
Pedestrian 0.00 0 -7.84 365.08 179.86 382.77 224.15 1.90 0.73 0.72 -10.34 2.21 31.48 -8.16 0.25
Car 0.00 0 -6.27 349.87 176.91 404.46 200.22 1.62 1.59 3.68 -16.72 1.92 51.80 -6.59 0.22
Pedestrian 0.00 0 -4.90 708.70 165.50 730.15 217.64 1.90 0.65 0.79 4.01 1.64 26.76 -4.75 0.17
Pedestrian 0.00 0 -4.40 92.35 172.60 129.84 245.01 1.93 0.64 0.78 -13.66 1.92 19.71 -5.01 0.15
Car 0.00 0 -4.67 463.48 182.92 488.72 204.87 1.47 1.62 4.23 -9.73 2.23 52.48 -4.85 0.14
Cyclist 0.00 0 -7.50 469.73 177.83 491.26 213.27 1.73 0.54 1.61 -6.53 1.98 36.21 -7.68 0.14
Car 0.00 0 -4.74 525.95 177.09 548.16 198.29 1.63 1.66 4.10 -5.96 1.99 58.44 -4.85 0.10
