Car 0.00 0 -7.67 338.17 187.53 501.54 312.21 1.49 1.68 4.06 -2.77 1.76 11.21 -7.91 0.97
Car 0.00 0 -8.10 695.76 169.55 867.76 303.89 1.75 1.70 3.73 2.42 1.71 11.29 -7.89 0.94
Car 0.00 0 -4.58 489.79 188.81 551.93 234.69 1.36 1.59 4.08 -3.03 1.95 24.83 -4.70 0.92
Car 0.00 0 -8.03 656.53 185.94 734.54 241.82 1.43 1.60 4.00 2.39 1.85 21.44 -7.92 0.81
Car 0.00 0 -4.63 543.43 183.57 571.61 208.77 1.49 1.47 3.92 -3.36 2.20 46.23 -4.70 0.72
Car 0.00 0 -8.01 688.22 184.04 790.34 262.83 1.51 1.62 3.96 2.74 1.79 16.34 -7.85 0.64
Car 0.00 0 -7.81 630.09 180.99 654.88 204.60 1.58 1.62 3.76 2.33 2.18 51.58 -7.77 0.64
Pedestrian 0.00 0 -5.80 286.09 171.15 339.84 254.81 1.87 0.63 0.95 -6.83 1.83 16.50 -6.20 0.28
Pedestrian 0.00 0 -4.33 283.60 181.84 323.56 260.70 1.62 0.57 0.69 -6.53 1.82 15.28 -4.74 0.24
Pedestrian 0.00 0 -5.22 1134.51 131.37 1241.00 327.11 2.06 0.75 1.03 6.57 1.62 8.16 -4.54 0.21
Pedestrian 0.00 0 -4.60 328.59 202.27 351.30 264.68 1.25 0.39 0.55 -5.70 1.88 15.11 -4.96 0.15
Cyclist 0.00 0 -4.42 505.03 182.27 521.19 209.31 1.66 0.49 1.94 -6.20 2.27 46.00 -4.56 0.15
Pedestrian 0.00 0 -5.83 410.91 170.24 433.14 219.03 2.07 0.68 0.70 -8.11 1.96 30.99 -6.09 0.13
Pedestrian 0.00 0 -5.17 201.75 166.49 254.47 261.17 1.89 0.63 0.89 -7.94 1.76 14.90 -5.66 0.11
Car 0.00 0 -4.94 609.75 180.01 638.52 200.14 1.63 1.59 4.04 1.16 2.27 62.18 -4.93 0.10
