Car 0.00 0 -4.36 287.22 175.12 485.92 295.08 1.50 1.58 4.07 -3.24 1.54 11.18 -4.64 0.95
Car 0.00 0 -8.00 723.50 169.76 791.00 218.64 1.48 1.60 3.95 4.74 1.39 23.90 -7.81 0.94
Car 0.00 0 -4.56 517.69 170.11 580.08 219.39 1.55 1.55 3.81 -2.05 1.46 24.57 -4.64 0.93
Car 0.00 0 -4.50 412.03 160.95 534.24 255.56 1.76 1.71 4.28 -2.82 1.54 15.55 -4.68 0.83
Cyclist 0.00 0 -8.91 1201.10 140.62 1241.00 374.00 1.67 0.61 1.76 2.74 1.62 2.07 -7.99 0.71
Car 0.00 0 -4.60 542.04 168.79 590.34 209.52 1.56 1.56 3.70 -1.78 1.41 29.57 -4.66 0.69
Car 0.00 0 -8.01 703.79 162.48 762.48 207.00 1.72 1.70 4.49 5.00 1.32 30.07 -7.85 0.65
Pedestrian 0.00 0 -8.13 869.34 158.02 892.28 207.77 1.77 0.60 0.73 9.75 1.25 26.11 -7.77 0.23
Car 0.00 0 -7.83 560.38 169.87 592.75 199.68 1.50 1.62 4.06 -1.77 1.35 38.29 -7.88 0.17
Car 0.00 0 -7.78 592.95 169.08 614.77 186.47 1.51 1.65 4.24 -0.54 1.18 64.77 -7.79 0.14
Car 0.00 0 -4.66 581.06 168.96 602.98 188.67 1.50 1.54 3.61 -1.41 1.20 56.68 -4.68 0.12
Cyclist 0.00 0 -8.41 864.03 159.69 895.36 202.81 1.68 0.42 1.55 10.77 1.17 28.96 -8.06 0.12
Pedestrian 0.00 0 -5.07 967.15 147.28 1005.92 218.56 1.77 0.63 0.80 9.51 1.13 18.34 -4.59 0.12
Car 0.00 0 -4.28 296.84 179.21 419.67 240.65 1.37 1.52 3.74 -6.31 1.55 18.38 -4.61 0.11
Pedestrian 0.00 0 -5.57 1095.21 146.09 1141.31 217.73 1.79 0.67 0.70 12.93 1.12 18.43 -4.96 0.10
