Car 0.00 0 -7.98 672.83 182.02 740.72 234.44 1.43 1.60 3.46 2.82 1.73 21.96 -7.85 0.96
Car 0.00 0 -8.33 817.52 174.13 1241.00 374.00 1.60 1.65 4.12 2.76 1.62 5.02 -7.83 0.91
Car 0.00 0 -7.70 672.70 177.97 722.96 216.76 1.60 1.69 3.60 3.93 1.84 32.18 -7.58 0.47
Pedestrian 0.00 0 -4.71 502.97 172.09 522.46 227.73 1.83 0.64 0.96 -3.32 1.81 24.27 -4.85 0.46
Pedestrian 0.00 0 -4.72 740.19 174.24 752.00 206.45 1.72 0.62 0.82 7.32 1.80 39.02 -4.53 0.33
Car 0.00 0 -7.38 695.68 172.12 754.06 202.88 1.75 1.70 4.26 6.92 1.71 43.37 -7.22 0.32
Car 0.00 0 -7.86 672.96 179.72 719.69 224.28 1.51 1.62 3.71 3.17 1.79 27.04 -7.74 0.30
Car 0.00 0 -4.71 537.93 181.60 567.54 209.56 1.45 1.59 3.92 -3.28 1.97 40.81 -4.79 0.16
Pedestrian 0.00 0 -3.51 0.00 160.23 120.65 374.00 1.81 0.64 0.95 -4.67 1.72 5.78 -4.19 0.16
Pedestrian 0.00 0 -5.03 843.63 154.89 876.19 229.15 1.93 0.64 0.65 6.56 1.46 19.09 -4.70 0.13
