Car 0.00 0 -8.06 946.88 177.35 998.96 210.25 1.51 1.59 3.59 17.82 1.75 35.65 -7.59 0.19
Car 0.00 0 -4.96 748.41 177.63 783.95 201.48 1.52 1.54 3.38 10.39 1.85 48.32 -4.75 0.17
Car 0.00 0 -4.99 1023.56 176.78 1072.02 203.23 1.59 1.64 3.85 27.87 1.85 46.09 -4.45 0.16
Cyclist 0.00 0 -8.01 634.24 176.04 645.09 202.10 1.57 0.44 1.52 1.79 1.77 44.36 -7.97 0.15
Cyclist 0.00 0 -8.10 837.43 177.42 852.39 207.42 1.71 0.44 1.68 13.73 1.99 42.31 -7.78 0.15
Cyclist 0.00 0 -8.07 1170.89 179.85 1189.43 214.64 1.57 0.36 1.54 26.57 1.91 33.68 -7.40 0.14
Car 0.00 0 -7.58 285.37 185.65 351.17 227.18 1.42 1.49 3.30 -11.05 1.93 27.42 -7.97 0.12
Pedestrian 0.00 0 -8.69 888.52 168.78 906.66 207.39 1.77 0.62 0.49 13.32 1.59 33.51 -8.31 0.11
Car 0.00 0 -5.13 791.40 183.27 845.44 210.29 1.48 1.65 3.92 12.34 2.13 43.08 -4.85 0.11
Cyclist 0.00 0 -4.62 997.34 176.15 1012.69 213.62 1.74 0.50 1.50 18.82 1.90 34.43 -4.12 0.11
Pedestrian 0.00 0 -8.48 1184.89 176.56 1210.01 216.96 1.77 0.63 0.60 25.95 1.93 31.93 -7.80 0.11
