Car 0.00 0 -8.23 716.07 179.41 927.72 320.13 1.52 1.57 3.24 2.57 1.63 9.67 -7.98 0.97
Car 0.00 0 -8.00 576.19 184.36 629.89 225.57 1.46 1.59 3.78 -0.38 1.95 28.71 -8.01 0.95
Car 0.00 0 -8.11 634.86 181.51 746.55 256.81 1.50 1.61 3.88 1.70 1.72 16.85 -8.01 0.93
Car 0.00 0 -7.68 215.27 193.94 358.67 302.74 1.47 1.62 3.90 -5.51 1.90 12.66 -8.09 0.86
Car 0.00 0 -7.96 552.71 181.85 588.00 212.53 1.53 1.55 3.34 -2.20 2.03 38.73 -8.01 0.85
Cyclist 0.00 0 -4.47 396.21 181.35 450.96 280.80 1.69 0.55 1.87 -3.47 1.86 13.38 -4.72 0.78
Car 0.00 0 -7.82 408.64 189.32 447.20 223.25 1.40 1.61 3.88 -8.53 2.22 33.87 -8.06 0.74
Car 0.00 0 -4.48 297.47 191.33 405.19 263.07 1.47 1.63 3.86 -6.27 1.97 17.77 -4.82 0.73
Cyclist 0.00 0 -4.60 333.52 183.20 386.41 304.58 1.70 0.58 1.85 -3.91 1.87 11.22 -4.94 0.70
Car 0.00 0 -6.68 665.92 182.15 765.78 223.88 1.55 1.55 3.60 4.13 1.94 28.60 -6.53 0.48
Car 0.00 0 -7.87 425.69 184.80 455.81 213.97 1.56 1.65 4.19 -10.08 2.30 42.67 -8.10 0.40
Car 0.00 0 -7.90 541.56 181.29 565.07 203.08 1.54 1.60 3.27 -4.31 2.20 54.14 -7.98 0.35
Cyclist 0.00 0 -6.40 394.23 182.32 425.48 213.51 1.78 0.58 1.70 -11.73 2.34 42.18 -6.67 0.24
Car 0.00 0 -4.66 440.56 184.21 464.05 205.90 1.57 1.59 4.10 -12.39 2.50 56.73 -4.87 0.17
Pedestrian 0.00 0 -4.75 731.10 164.17 754.53 228.34 1.92 0.66 1.05 4.01 1.66 22.10 -4.57 0.12
Car 0.00 0 -4.27 490.12 183.54 532.24 203.81 1.43 1.66 3.94 -7.54 2.28 55.18 -4.41 0.11
Cyclist 0.00 0 -7.97 383.80 179.34 393.27 209.54 1.76 0.36 1.62 -13.29 2.15 43.16 -8.27 0.11
