Car 0.00 0 -4.57 526.82 175.74 597.16 229.46 1.58 1.73 4.19 -1.52 1.69 23.65 -4.64 0.92
Car 0.00 0 -4.82 707.35 177.02 753.13 213.45 1.57 1.67 3.88 5.49 1.78 33.58 -4.66 0.90
Car 0.00 0 -8.35 901.12 186.58 1241.00 374.00 1.61 1.65 3.78 2.96 1.72 4.09 -7.72 0.89
Car 0.00 0 -4.66 592.02 178.26 626.93 206.92 1.49 1.75 4.25 -0.01 1.80 40.36 -4.66 0.79
Car 0.00 0 -8.01 819.42 192.03 1000.83 336.36 1.41 1.56 3.86 3.70 1.72 9.64 -7.64 0.59
Cyclist 0.00 0 -4.87 814.05 174.61 837.03 221.99 1.74 0.54 1.90 8.15 1.81 27.48 -4.58 0.43
Car 0.00 0 -7.98 698.37 176.07 736.34 206.37 1.61 1.62 3.78 5.95 1.80 40.55 -7.84 0.36
Car 0.00 0 -5.03 857.49 186.76 964.26 245.15 1.39 1.59 3.82 8.16 1.81 20.03 -4.64 0.30
Pedestrian 0.00 0 -5.70 572.95 172.29 587.36 198.16 1.87 0.64 0.84 -2.21 1.83 52.76 -5.74 0.25
Pedestrian 0.00 0 -3.33 955.71 180.86 1002.75 278.74 1.70 0.65 0.64 6.57 1.85 12.97 -2.86 0.22
Cyclist 0.00 0 -4.86 795.51 177.91 813.70 216.46 1.63 0.53 1.63 8.48 1.86 31.65 -4.60 0.22
Car 0.00 0 -4.49 613.69 175.64 643.75 197.34 1.61 1.55 3.75 1.46 1.83 55.92 -4.47 0.21
Cyclist 0.00 0 -8.17 823.86 169.57 855.63 226.11 1.83 0.54 1.62 7.63 1.72 24.15 -7.86 0.19
Pedestrian 0.00 0 -4.87 116.71 187.18 148.49 258.86 1.33 0.43 0.53 -9.24 1.61 13.88 -5.46 0.17
Cyclist 0.00 0 -6.86 150.45 173.28 243.76 252.18 1.59 0.49 1.75 -8.85 1.60 15.45 -7.38 0.13
Pedestrian 0.00 0 -8.06 886.99 176.81 911.50 229.14 1.70 0.66 0.52 9.50 1.84 23.83 -7.68 0.11
Car 0.00 0 -6.41 744.94 175.06 806.96 197.41 1.57 1.71 4.18 11.92 1.74 52.12 -6.18 0.11
Car 0.00 0 -4.75 631.77 175.64 651.00 193.57 1.49 1.53 3.87 2.68 1.74 62.67 -4.70 0.10
