Car 0.00 0 -6.62 753.02 178.42 841.02 210.65 1.52 1.63 3.85 9.08 1.80 35.34 -6.36 0.66
Car 0.00 0 -7.85 661.61 174.33 682.32 194.57 1.56 1.60 3.59 4.92 1.68 57.65 -7.77 0.64
Car 0.00 0 -6.47 729.41 171.29 818.41 205.56 1.80 1.76 4.42 8.74 1.72 38.87 -6.25 0.34
Pedestrian 0.00 0 -7.02 125.55 154.48 186.24 264.89 1.77 0.62 0.59 -7.56 1.48 11.94 -7.59 0.27
Cyclist 0.00 0 -7.92 1198.07 157.24 1241.00 321.44 1.80 0.59 1.73 7.53 1.63 8.79 -7.21 0.21
Pedestrian 0.00 0 -4.18 0.00 143.26 68.80 374.00 1.80 0.62 0.88 -4.35 1.62 4.94 -4.91 0.14
Car 0.00 0 -4.79 689.90 176.98 719.24 202.22 1.53 1.60 3.60 6.00 1.81 46.32 -4.66 0.14
Cyclist 0.00 0 -6.89 797.54 171.72 839.23 213.12 1.81 0.73 1.67 9.27 1.77 32.24 -6.61 0.14
Car 0.00 0 -8.07 751.28 163.39 777.55 182.13 1.74 1.61 4.13 14.71 0.86 69.00 -7.86 0.13
Pedestrian 0.00 0 -3.34 569.21 171.33 581.18 195.75 1.87 0.52 0.84 -2.71 1.76 55.66 -3.38 0.13
Car 0.00 0 -8.25 789.65 132.50 1241.00 374.00 1.94 1.85 4.76 2.99 1.72 6.47 -7.81 0.11
Pedestrian 0.00 0 -7.57 556.99 172.24 570.00 200.26 1.84 0.61 0.98 -3.11 1.80 47.87 -7.64 0.11
