Car 0.00 0 -8.27 685.96 197.47 992.82 374.00 1.48 1.68 4.09 2.17 1.84 8.26 -8.01 0.97
Car 0.00 0 -8.69 870.64 201.39 1241.00 374.00 1.49 1.57 3.54 2.86 1.70 3.54 -8.01 0.97
Car 0.00 0 -8.13 619.76 197.82 764.80 302.10 1.44 1.57 3.62 1.24 1.95 12.78 -8.04 0.94
Car 0.00 0 -4.45 0.00 211.41 279.56 374.00 1.47 1.68 4.10 -4.73 1.99 7.54 -5.01 0.93
Car 0.00 0 -8.04 557.43 191.14 650.18 268.20 1.61 1.60 3.82 -0.31 2.12 18.06 -8.06 0.90
Car 0.00 0 -4.56 237.62 209.12 348.63 304.29 1.43 1.48 3.45 -6.09 2.23 14.08 -4.97 0.86
Car 0.00 0 -7.70 338.88 196.16 408.25 250.69 1.58 1.66 4.33 -8.19 2.47 25.17 -8.02 0.83
Car 0.00 0 -7.92 523.21 196.05 569.72 236.34 1.44 1.66 4.11 -2.78 2.48 30.37 -8.01 0.83
Car 0.00 0 -4.63 397.69 197.28 427.72 223.15 1.45 1.55 3.85 -12.68 3.09 46.40 -4.89 0.67
Car 0.00 0 -4.67 537.75 195.11 590.91 247.35 1.50 1.61 4.23 -1.52 2.32 24.60 -4.73 0.45
Car 0.00 0 -7.48 519.09 193.27 579.59 227.47 1.47 1.64 3.94 -2.97 2.54 35.69 -7.56 0.37
Pedestrian 0.00 0 -4.71 156.60 188.13 192.50 282.32 1.93 0.64 0.83 -9.37 2.26 15.44 -5.26 0.31
Car 0.00 0 -8.00 497.34 193.19 531.73 220.16 1.55 1.65 3.77 -6.23 2.92 46.53 -8.14 0.28
Car 0.00 0 -7.98 503.19 192.49 537.95 221.18 1.50 1.57 3.65 -5.31 2.70 42.27 -8.10 0.23
Pedestrian 0.00 0 -4.69 804.89 161.85 823.86 213.96 1.92 0.67 0.51 7.60 1.52 26.99 -4.42 0.17
Pedestrian 0.00 0 -3.92 750.35 171.43 780.28 229.45 1.95 0.64 0.78 5.28 1.90 24.75 -3.71 0.17
Car 0.00 0 -4.40 115.42 206.91 250.46 284.91 1.54 1.72 4.29 -10.78 2.52 18.49 -4.93 0.13
Pedestrian 0.00 0 -3.85 655.56 166.86 671.01 196.71 1.91 0.66 0.75 3.41 1.53 46.66 -3.78 0.13
Car 0.00 0 -7.29 596.65 178.46 644.98 202.06 1.60 1.61 4.00 0.80 2.03 52.16 -7.28 0.12
Car 0.00 0 -3.25 583.81 190.11 669.26 220.99 1.49 1.61 4.22 0.77 2.40 36.93 -3.23 0.12
Pedestrian 0.00 0 -4.20 732.70 159.59 749.30 199.50 1.99 0.63 0.56 6.58 1.33 36.44 -4.02 0.11
Car 0.00 0 -4.98 0.00 178.79 64.24 214.44 1.54 1.65 4.09 -27.19 1.83 33.57 -5.66 0.10
