Car 0.00 0 -7.88 598.84 176.81 631.46 207.95 1.70 1.79 4.58 0.22 1.94 42.24 -7.87 0.88
Car 0.00 0 -8.71 1147.40 170.55 1241.00 209.92 1.50 1.50 3.27 23.88 1.41 29.26 -8.03 0.53
Pedestrian 0.00 0 -3.32 1043.22 149.51 1164.06 330.82 1.69 0.58 0.90 4.81 1.47 7.17 -2.73 0.19
Pedestrian 0.00 0 -7.52 1128.07 165.17 1149.97 204.58 1.82 0.65 0.65 24.67 1.46 33.70 -6.89 0.14
Car 0.00 0 -4.81 562.61 178.95 587.27 200.63 1.53 1.51 3.17 -2.65 1.99 53.49 -4.86 0.12
Cyclist 0.00 0 -5.70 921.00 170.75 986.56 236.81 1.64 0.47 1.52 8.81 1.58 18.64 -5.26 0.12
Pedestrian 0.00 0 -2.82 481.89 231.73 608.56 374.00 1.46 0.43 0.69 -0.45 1.85 4.48 -2.92 0.12
Car 0.00 0 -7.82 588.02 181.79 624.20 215.93 1.52 1.63 3.73 -0.18 1.98 35.02 -7.82 0.11
Cyclist 0.00 0 -8.17 1210.91 131.61 1241.00 374.14 1.75 0.53 1.66 5.60 1.45 6.06 -7.42 0.11
Car 0.00 0 -6.53 726.49 180.69 822.90 214.04 1.54 1.74 4.21 7.80 1.92 34.59 -6.31 0.10
