Car 0.00 0 -8.02 626.43 177.83 706.07 238.65 1.51 1.60 3.57 1.42 1.66 20.04 -7.95 0.98
Car 0.00 0 -4.30 36.58 194.45 338.34 352.67 1.48 1.73 4.42 -5.22 1.84 9.63 -4.79 0.97
Car 0.00 0 -7.74 406.97 187.53 463.33 232.10 1.39 1.54 3.56 -6.19 1.95 25.65 -7.97 0.97
Car 0.00 0 -7.16 0.00 212.03 139.48 374.00 1.52 1.56 3.48 -4.68 1.86 4.40 -7.97 0.95
Car 0.00 0 -8.28 730.25 166.68 1043.53 366.65 1.66 1.66 3.87 2.61 1.61 7.99 -7.96 0.94
Car 0.00 0 -7.72 436.07 181.30 481.85 217.35 1.58 1.63 4.05 -7.25 2.01 34.74 -7.93 0.88
Car 0.00 0 -7.93 600.37 179.29 643.94 217.95 1.49 1.56 3.44 0.42 1.78 30.24 -7.92 0.77
Car 0.00 0 -7.88 585.63 179.43 610.85 204.67 1.51 1.51 3.31 -0.81 1.94 45.71 -7.90 0.70
Car 0.00 0 -4.61 465.06 180.51 494.59 206.67 1.64 1.58 3.99 -8.76 2.18 48.61 -4.79 0.60
Pedestrian 0.00 0 -7.02 397.12 178.44 421.88 218.73 1.80 0.69 0.84 -9.17 2.06 32.86 -7.30 0.42
Car 0.00 0 -6.59 766.11 165.93 937.30 226.38 1.58 1.59 4.13 6.44 1.40 19.65 -6.27 0.24
Cyclist 0.00 0 -4.33 304.69 183.00 340.55 239.60 1.71 0.50 1.60 -9.13 2.04 22.85 -4.71 0.21
Car 0.00 0 -4.92 637.87 180.43 681.31 208.37 1.50 1.69 4.36 2.81 1.97 42.33 -4.85 0.17
Car 0.00 0 -4.56 484.08 180.48 507.75 198.46 1.51 1.52 3.91 -10.16 2.21 64.31 -4.72 0.17
Pedestrian 0.00 0 -3.83 941.98 161.95 991.38 261.43 1.66 0.49 0.57 6.03 1.47 12.31 -3.37 0.16
