Car 0.00 0 -8.46 846.75 180.61 1241.00 374.00 1.50 1.61 3.99 3.25 1.58 5.33 -7.91 0.98
Car 0.00 0 -8.10 715.97 175.97 847.16 265.52 1.48 1.57 3.63 3.10 1.55 13.92 -7.88 0.98
Car 0.00 0 -3.84 0.00 214.63 144.00 374.00 1.47 1.67 4.19 -5.63 1.89 5.14 -4.67 0.97
Car 0.00 0 -4.42 352.68 185.95 447.83 245.97 1.45 1.54 3.71 -5.76 1.85 20.07 -4.70 0.97
Car 0.00 0 -8.12 687.30 173.82 777.17 237.68 1.55 1.53 3.39 3.13 1.58 19.35 -7.96 0.89
Car 0.00 0 -5.74 34.06 182.41 198.35 233.23 1.44 1.54 3.84 -14.81 1.74 21.71 -6.34 0.80
Car 0.00 0 -4.52 416.09 184.23 479.38 229.21 1.41 1.52 3.60 -5.66 1.84 25.32 -4.74 0.77
Car 0.00 0 -4.14 155.67 180.39 258.86 220.56 1.40 1.51 4.14 -15.56 1.72 28.05 -4.65 0.63
Car 0.00 0 -8.02 683.75 177.64 747.68 223.63 1.42 1.54 3.79 3.47 1.59 24.53 -7.88 0.35
Car 0.00 0 -7.70 368.13 176.14 402.41 202.04 1.60 1.59 3.81 -14.64 1.82 47.07 -8.01 0.26
Pedestrian 0.00 0 -7.61 837.78 164.73 854.04 199.71 1.92 0.69 0.81 13.10 1.48 40.16 -7.29 0.22
Pedestrian 0.00 0 -7.63 731.13 159.41 754.25 209.95 1.91 0.70 0.89 5.06 1.40 27.75 -7.45 0.21
Car 0.00 0 -5.37 149.88 175.65 224.91 204.79 1.43 1.50 3.50 -21.74 1.58 37.06 -5.90 0.20
Pedestrian 0.00 0 -8.23 750.01 160.71 773.93 209.55 1.82 0.66 0.75 5.70 1.37 27.31 -8.02 0.19
Car 0.00 0 -5.55 0.00 185.80 138.88 242.96 1.42 1.57 4.11 -15.18 1.79 19.31 -6.22 0.18
Car 0.00 0 -7.66 412.90 174.77 447.39 199.79 1.68 1.62 3.93 -12.64 1.82 50.78 -7.90 0.18
Cyclist 0.00 0 -7.27 352.12 176.91 382.09 218.89 1.63 0.38 1.49 -9.77 1.80 28.93 -7.60 0.16
Car 0.00 0 -7.95 530.06 165.23 557.30 193.09 2.36 1.93 4.64 -5.90 1.71 63.50 -8.05 0.16
Pedestrian 0.00 0 -3.77 678.38 161.39 700.26 206.38 1.92 0.59 0.74 3.40 1.43 31.30 -3.66 0.15
Pedestrian 0.00 0 -7.55 302.50 178.40 325.50 225.46 1.67 0.61 0.63 -10.73 1.88 26.05 -7.94 0.14
Car 0.00 0 -7.79 348.35 170.09 369.90 189.44 1.79 1.67 4.06 -23.95 1.53 68.91 -8.12 0.12
Cyclist 0.00 0 -3.80 346.53 178.92 379.59 213.79 1.65 0.56 1.49 -12.04 1.95 35.10 -4.13 0.12
Car 0.00 0 -8.17 802.52 156.90 840.86 179.96 1.84 1.78 4.30 17.48 0.57 59.84 -7.89 0.11
Car 0.00 0 -7.61 389.83 174.40 418.84 194.00 1.82 1.71 4.21 -19.77 1.97 69.46 -7.88 0.10
Car 0.00 0 -2.59 264.67 182.58 366.62 221.19 1.46 1.59 3.47 -11.82 1.87 28.96 -2.98 0.10
