Car 0.00 0 -8.15 729.94 176.59 945.85 329.48 1.56 1.58 3.51 2.59 1.61 9.20 -7.87 0.97
Car 0.00 0 -4.36 226.08 182.07 405.28 291.73 1.59 1.64 3.89 -5.01 1.78 12.74 -4.73 0.95
Car 0.00 0 -4.53 443.48 182.18 507.43 223.65 1.46 1.72 4.55 -5.29 1.86 28.67 -4.72 0.88
Car 0.00 0 -7.85 639.55 175.02 664.81 199.45 1.59 1.66 4.29 2.89 1.75 49.67 -7.79 0.79
Cyclist 0.00 0 -4.48 497.21 176.14 524.26 227.56 1.70 0.51 1.87 -3.47 1.82 24.99 -4.61 0.79
Cyclist 0.00 0 -4.57 537.47 176.31 551.58 207.54 1.67 0.55 1.62 -3.62 1.86 39.53 -4.66 0.72
Cyclist 0.00 0 -8.17 896.39 160.85 964.55 267.36 1.78 0.58 1.80 5.66 1.58 12.96 -7.76 0.52
Cyclist 0.00 0 -4.65 520.57 173.48 540.17 225.96 1.78 0.57 1.86 -2.84 1.80 25.43 -4.76 0.47
Pedestrian 0.00 0 -4.91 695.56 165.32 713.19 208.00 1.97 0.66 0.87 4.36 1.62 33.68 -4.78 0.36
Car 0.00 0 -4.50 512.12 177.39 549.46 203.08 1.58 1.60 4.16 -5.18 1.89 47.35 -4.61 0.33
Car 0.00 0 -8.81 1138.13 160.85 1241.00 374.00 1.57 1.53 3.51 6.02 1.51 5.34 -7.96 0.30
Pedestrian 0.00 0 -3.01 717.49 148.47 775.09 252.69 1.98 0.60 1.04 2.63 1.52 14.14 -2.83 0.22
Cyclist 0.00 0 -7.56 626.83 173.14 638.64 195.92 1.74 0.47 1.65 1.75 1.77 56.11 -7.53 0.19
Pedestrian 0.00 0 -4.26 26.17 165.03 108.18 300.70 1.87 0.66 0.81 -7.87 1.77 10.42 -4.91 0.16
Pedestrian 0.00 0 -6.95 955.92 157.05 1021.50 271.97 1.75 0.60 0.68 5.88 1.51 11.32 -6.47 0.15
Car 0.00 0 -7.76 653.99 171.97 677.99 192.49 1.63 1.61 4.10 4.63 1.56 59.54 -7.68 0.14
Pedestrian 0.00 0 -6.44 1099.37 140.96 1200.24 331.27 1.80 0.68 0.71 5.37 1.50 7.30 -5.81 0.14
Pedestrian 0.00 0 -3.47 426.73 174.81 448.07 214.00 1.81 0.62 0.82 -8.14 1.90 33.88 -3.71 0.12
Cyclist 0.00 0 -4.90 808.17 159.93 851.41 239.41 1.82 0.66 1.76 5.22 1.52 17.39 -4.61 0.10
