Car 0.00 0 -4.36 279.35 187.00 380.58 238.77 1.47 1.68 4.42 -9.17 1.98 23.90 -4.72 0.95
Car 0.00 0 -7.78 587.61 177.12 616.57 200.94 1.48 1.62 4.13 -0.51 1.78 47.70 -7.79 0.84
Car 0.00 0 -4.49 434.24 180.16 474.97 206.70 1.53 1.68 3.71 -9.54 1.99 44.36 -4.70 0.53
Car 0.00 0 -4.39 475.20 178.56 506.30 194.87 1.43 1.61 4.16 -11.02 1.97 66.78 -4.56 0.38
Pedestrian 0.00 0 -4.17 1207.88 158.98 1221.85 201.89 1.86 0.44 0.18 26.42 1.26 31.56 -3.48 0.30
Car 0.00 0 -6.38 343.61 180.36 407.16 201.99 1.53 1.68 4.36 -17.49 2.10 53.71 -6.69 0.30
Car 0.00 0 -4.50 380.08 183.99 444.72 228.52 1.48 1.59 3.50 -7.24 1.91 26.58 -4.76 0.27
Car 0.00 0 -4.54 448.08 180.63 489.86 210.39 1.50 1.58 3.81 -7.64 1.94 39.18 -4.73 0.19
Car 0.00 0 -4.37 316.76 183.95 420.09 242.45 1.53 1.63 4.23 -7.19 1.89 21.77 -4.69 0.18
Pedestrian 0.00 0 -4.25 679.84 167.34 703.25 212.99 1.88 0.67 0.85 3.38 1.65 30.21 -4.14 0.15
Pedestrian 0.00 0 -7.39 782.91 160.29 806.41 210.05 1.90 0.68 0.62 7.14 1.42 28.05 -7.14 0.15
Cyclist 0.00 0 -7.66 853.96 162.05 887.48 227.90 1.67 0.51 1.77 6.92 1.40 19.24 -7.32 0.15
Pedestrian 0.00 0 -6.36 640.20 169.87 648.13 191.71 1.82 0.59 0.62 2.84 1.58 60.57 -6.31 0.14
Pedestrian 0.00 0 -4.86 879.01 180.46 902.86 237.16 1.27 0.45 0.46 6.37 1.45 16.50 -4.49 0.11
Car 0.00 0 -7.82 1012.26 154.11 1042.09 179.59 1.79 1.74 4.21 30.63 0.47 52.98 -7.29 0.11
Car 0.00 0 -4.59 468.17 179.95 500.51 205.86 1.48 1.50 3.67 -7.66 1.93 44.01 -4.76 0.10
Car 0.00 0 -4.59 430.78 181.10 474.59 215.48 1.50 1.59 3.98 -7.52 1.92 34.61 -4.81 0.10
Pedestrian 0.00 0 -3.94 1064.32 131.76 1148.98 266.26 1.74 0.67 0.66 6.62 1.21 9.72 -3.34 0.10
