Car 0.00 0 -8.27 677.52 185.49 885.44 315.55 1.56 1.68 3.62 2.32 1.78 10.96 -8.06 0.96
Car 0.00 0 -8.09 575.75 192.04 641.68 238.22 1.42 1.57 3.41 -0.16 2.14 25.50 -8.09 0.95
Cyclist 0.00 0 -4.39 283.23 183.06 384.54 336.92 1.69 0.61 1.91 -3.44 1.83 9.03 -4.75 0.84
Car 0.00 0 -3.78 521.48 188.15 589.87 216.26 1.44 1.57 3.63 -3.07 2.34 40.72 -3.86 0.70
Car 0.00 0 -4.06 750.24 184.41 804.03 211.13 1.50 1.47 3.25 10.03 2.22 43.37 -3.83 0.62
Car 0.00 0 -7.11 635.95 184.82 708.18 218.10 1.57 1.60 3.75 3.21 2.22 37.30 -7.02 0.59
Car 0.00 0 -7.24 693.03 185.66 760.38 214.55 1.47 1.67 4.10 6.55 2.22 40.47 -7.08 0.48
Car 0.00 0 -3.17 877.01 180.91 964.30 212.41 1.58 1.73 4.20 16.52 2.03 38.63 -2.77 0.33
Car 0.00 0 -4.66 844.89 181.50 866.42 201.41 1.63 1.60 3.67 21.37 2.40 62.76 -4.34 0.32
Car 0.00 0 -4.11 610.56 185.73 666.23 211.99 1.50 1.55 3.94 1.79 2.35 45.32 -4.07 0.25
Pedestrian 0.00 0 -6.23 799.73 179.17 814.90 208.10 1.78 0.72 0.88 12.28 2.18 45.03 -5.96 0.22
Car 0.00 0 -2.90 264.85 183.13 348.17 214.59 1.60 1.62 3.83 -16.20 2.17 38.58 -3.30 0.21
Car 0.00 0 -4.52 726.27 186.52 811.21 246.99 1.48 1.62 4.14 4.63 1.91 20.84 -4.30 0.13
Car 0.00 0 -4.98 418.44 185.68 460.12 212.78 1.60 1.64 3.87 -11.13 2.47 46.73 -5.22 0.11
Pedestrian 0.00 0 -5.59 445.39 180.12 463.80 216.05 1.96 0.60 0.80 -8.63 2.36 39.92 -5.80 0.11
Car 0.00 0 -4.73 907.67 181.93 938.81 211.34 1.62 1.62 4.23 18.76 2.19 43.39 -4.33 0.10
