Car 0.00 0 -7.11 0.00 205.62 308.29 369.00 1.53 1.63 3.96 -3.16 1.72 3.47 -7.85 0.95
Car 0.00 0 -5.28 481.84 172.60 563.19 208.76 1.45 1.66 3.84 -3.61 1.13 30.28 -5.39 0.89
Cyclist 0.00 0 -4.32 250.71 179.41 291.69 235.91 1.66 0.52 1.71 -10.20 1.63 21.58 -4.76 0.51
Pedestrian 0.00 0 -8.22 277.22 176.43 317.56 256.73 1.59 0.56 0.63 -6.30 1.51 14.39 -8.64 0.50
Pedestrian 0.00 0 -3.13 990.03 153.99 1027.39 224.12 1.75 0.55 0.82 10.29 1.09 18.08 -2.61 0.44
Cyclist 0.00 0 -4.97 879.59 156.13 903.38 196.09 1.84 0.59 1.80 13.52 0.72 33.46 -4.59 0.35
Pedestrian 0.00 0 -3.35 788.23 163.31 806.41 195.99 1.73 0.57 0.83 10.24 0.82 37.69 -3.08 0.27
Pedestrian 0.00 0 -6.13 775.04 157.42 793.11 191.02 1.90 0.62 0.92 10.26 0.60 40.55 -5.88 0.18
Pedestrian 0.00 0 -8.40 540.57 167.10 554.91 197.44 1.81 0.68 0.53 -3.45 1.01 42.52 -8.48 0.18
Pedestrian 0.00 0 -4.97 1019.91 145.64 1041.61 187.14 1.92 0.70 0.76 19.94 0.31 33.16 -4.42 0.18
Pedestrian 0.00 0 -3.35 965.63 149.51 1009.02 219.46 1.84 0.50 0.94 10.19 1.02 18.93 -2.86 0.17
Pedestrian 0.00 0 -7.94 987.05 146.73 1005.50 187.28 1.92 0.73 0.48 18.66 0.32 33.75 -7.43 0.17
Car 0.00 0 -2.59 200.50 182.57 350.78 229.18 1.48 1.66 4.34 -11.00 1.56 23.68 -3.02 0.14
Car 0.00 0 -6.38 1154.83 158.58 1223.00 192.34 1.46 1.54 3.64 27.47 0.51 32.32 -5.67 0.13
Car 0.00 0 -8.23 475.50 170.91 526.69 198.81 1.51 1.59 3.85 -5.98 0.99 40.33 -8.37 0.13
Pedestrian 0.00 0 -7.25 910.50 159.82 922.05 192.31 1.73 0.49 0.28 16.68 0.63 37.92 -6.84 0.13
Car 0.00 0 -4.86 584.52 170.80 605.77 185.79 1.42 1.54 3.70 -0.96 0.50 68.83 -4.87 0.12
Cyclist 0.00 0 -5.01 798.18 164.94 817.35 197.45 1.64 0.51 1.58 10.42 0.86 36.43 -4.73 0.12
Pedestrian 0.00 0 -5.74 1153.32 162.77 1198.20 236.80 1.45 0.46 0.54 11.37 1.10 14.14 -5.06 0.12
Pedestrian 0.00 0 -6.18 1109.99 156.47 1144.28 218.37 1.49 0.52 0.63 12.83 0.91 17.42 -5.55 0.12
Car 0.00 0 -2.48 317.95 173.11 439.52 220.36 1.71 1.72 4.29 -8.69 1.44 27.10 -2.79 0.11
Pedestrian 0.00 0 -5.66 1049.40 163.66 1080.00 223.21 1.46 0.46 0.46 11.39 1.05 17.57 -5.08 0.10
