Car 0.00 0 -3.51 856.12 172.98 926.45 195.77 1.53 1.55 4.18 19.06 1.53 49.08 -3.14 0.67
Pedestrian 0.00 0 -3.28 631.84 170.13 645.30 195.08 1.78 0.57 0.89 2.02 1.58 51.74 -3.25 0.53
Cyclist 0.00 0 -2.22 135.65 180.05 163.15 209.76 1.84 0.60 1.62 -29.03 2.29 45.42 -2.79 0.21
Car 0.00 0 -8.21 838.90 168.06 873.31 188.11 1.69 1.67 3.62 21.28 1.28 62.56 -7.88 0.20
Car 0.00 0 -8.44 578.74 174.23 622.22 194.68 1.53 1.60 3.68 -0.80 1.64 56.09 -8.46 0.20
Pedestrian 0.00 0 -4.68 652.01 168.81 665.72 206.64 1.84 0.65 0.91 2.38 1.65 35.65 -4.61 0.19
Pedestrian 0.00 0 -5.50 1031.09 166.09 1079.10 237.41 1.88 0.69 0.87 11.99 1.70 19.53 -4.95 0.16
Car 0.00 0 -5.14 1029.21 165.83 1073.04 185.03 1.58 1.63 4.04 37.43 1.00 61.37 -4.60 0.16
Pedestrian 0.00 0 -5.42 589.68 171.76 611.10 211.00 1.74 0.63 0.75 -0.47 1.69 32.52 -5.43 0.14
Car 0.00 0 -5.00 808.22 163.51 845.17 189.98 2.20 1.81 4.63 18.59 1.42 62.16 -4.71 0.13
Cyclist 0.00 0 -7.81 717.47 172.50 723.80 194.59 1.57 0.38 1.53 7.93 1.54 51.90 -7.66 0.12
Car 0.00 0 -6.62 994.36 168.28 1053.90 188.25 1.60 1.59 3.91 33.76 1.23 58.93 -6.10 0.11
