Car 0.00 0 -7.91 563.27 180.96 616.82 227.86 1.38 1.55 3.47 -0.76 1.66 23.57 -7.94 0.86
Car 0.00 0 -4.06 829.46 181.79 873.54 199.86 1.57 1.73 4.05 22.14 2.41 66.17 -3.74 0.44
Car 0.00 0 -6.83 735.11 176.30 839.71 214.34 1.49 1.60 3.96 7.30 1.64 29.92 -6.59 0.43
Pedestrian 0.00 0 -6.38 761.52 178.07 769.19 198.16 1.79 0.65 0.61 13.89 2.25 64.63 -6.17 0.29
Car 0.00 0 -7.89 740.95 177.20 775.48 207.97 1.49 1.62 3.65 7.61 1.73 37.46 -7.69 0.28
Pedestrian 0.00 0 -2.81 742.18 165.83 758.53 198.69 1.93 0.63 0.79 8.29 1.52 42.80 -2.62 0.27
Pedestrian 0.00 0 -5.02 1199.87 165.90 1235.40 232.75 1.79 0.60 0.57 16.54 1.60 19.70 -4.32 0.27
Car 0.00 0 -6.59 616.57 179.02 760.29 231.10 1.49 1.64 4.08 2.32 1.69 22.14 -6.48 0.12
Cyclist 0.00 0 -5.23 642.32 174.65 655.89 194.08 1.67 0.52 1.48 3.39 1.83 63.06 -5.17 0.12
Car 0.00 0 -7.15 783.91 180.98 840.64 205.41 1.48 1.57 3.56 12.97 2.02 46.34 -6.88 0.12
Cyclist 0.00 0 -7.60 439.21 173.56 458.12 214.51 1.63 0.37 1.61 -6.66 1.66 29.64 -7.82 0.12
Cyclist 0.00 0 -4.12 0.00 181.38 10.19 306.11 1.74 0.50 1.65 -10.06 1.88 11.04 -4.86 0.12
Car 0.00 0 -4.64 844.88 181.43 869.10 200.01 1.46 1.68 3.60 20.68 2.20 60.40 -4.31 0.11
Cyclist 0.00 0 -4.46 44.29 179.24 117.89 303.17 1.75 0.53 1.58 -8.15 1.86 11.10 -5.09 0.11
Pedestrian 0.00 0 -7.36 157.16 182.41 226.34 287.03 1.64 0.76 0.64 -6.83 1.80 11.71 -7.89 0.11
Car 0.00 0 -7.62 228.07 188.95 375.72 293.14 1.48 1.59 3.67 -5.32 1.81 12.81 -8.02 0.10
