Car 0.00 0 -7.98 604.29 188.13 669.93 236.00 1.37 1.69 3.74 0.77 1.92 23.87 -7.95 0.98
Car 0.00 0 -8.29 730.87 193.67 1015.32 362.81 1.45 1.63 3.84 2.76 1.76 8.68 -7.98 0.98
Car 0.00 0 -3.97 0.00 238.50 90.96 374.00 1.40 1.70 4.34 -4.98 1.97 3.90 -4.88 0.96
Car 0.00 0 -4.31 0.00 211.00 257.75 374.00 1.41 1.57 3.75 -5.70 1.98 8.71 -4.90 0.96
Car 0.00 0 -7.92 593.99 185.05 640.21 225.56 1.48 1.65 3.94 0.19 2.02 29.67 -7.91 0.93
Car 0.00 0 -2.90 812.16 170.17 951.10 226.43 1.72 1.73 4.00 8.89 1.63 23.84 -2.55 0.89
Car 0.00 0 -4.75 1198.49 163.48 1241.00 267.67 1.46 1.63 4.14 11.01 1.33 12.23 -4.01 0.82
Car 0.00 0 -4.60 417.98 188.25 459.36 220.54 1.55 1.74 3.82 -9.14 2.42 38.60 -4.83 0.81
Car 0.00 0 -2.91 750.79 178.50 856.04 217.93 1.52 1.57 3.96 7.97 1.77 29.94 -2.65 0.70
Car 0.00 0 -7.92 578.35 181.01 602.31 202.71 1.64 1.67 3.89 -1.64 2.32 58.01 -7.95 0.63
Car 0.00 0 -4.12 0.00 199.64 57.97 228.13 1.51 1.57 3.55 -35.35 3.19 43.51 -4.80 0.55
Car 0.00 0 -7.93 273.96 181.07 316.99 217.27 1.53 1.60 2.55 -14.29 1.92 32.65 -8.34 0.55
Cyclist 0.00 0 -8.60 1073.03 167.21 1124.74 218.44 1.62 0.42 1.62 16.00 1.45 23.72 -8.00 0.33
Car 0.00 0 -6.22 812.07 175.79 930.13 219.97 1.51 1.63 3.94 9.48 1.62 26.34 -5.88 0.31
Car 0.00 0 -7.59 437.76 188.10 478.58 215.55 1.52 1.62 3.30 -9.14 2.47 43.51 -7.80 0.24
Car 0.00 0 -7.62 219.79 190.43 266.02 218.09 1.46 1.60 3.83 -21.69 2.55 42.70 -8.09 0.23
Pedestrian 0.00 0 -7.43 23.75 205.11 57.59 262.47 1.52 0.57 0.51 -15.61 2.41 19.73 -8.10 0.22
Car 0.00 0 -8.15 362.59 183.19 400.33 207.14 1.63 1.63 3.67 -16.75 2.41 52.71 -8.46 0.21
Car 0.00 0 -5.47 847.51 172.93 943.10 206.38 1.54 1.71 4.59 13.95 1.54 35.68 -5.09 0.18
Car 0.00 0 -7.41 131.04 188.04 180.00 209.26 1.55 1.78 4.00 -36.46 2.82 57.96 -7.97 0.17
Pedestrian 0.00 0 -8.12 342.27 186.18 359.80 222.06 1.58 0.59 0.68 -11.71 2.19 32.52 -8.46 0.15
Cyclist 0.00 0 -6.93 1162.29 161.14 1241.00 217.75 1.66 0.78 1.83 17.67 1.31 21.54 -6.24 0.14
Cyclist 0.00 0 -8.95 1148.77 129.98 1197.60 169.07 1.72 0.58 1.67 25.52 -0.18 32.78 -8.29 0.13
Pedestrian 0.00 0 -4.83 1118.61 169.60 1145.27 220.08 1.55 0.59 0.70 16.28 1.45 22.57 -4.21 0.13
Pedestrian 0.00 0 -8.14 658.85 183.16 674.74 215.30 1.58 0.59 0.78 2.80 2.10 36.15 -8.07 0.12
Car 0.00 0 -4.11 84.70 196.90 141.07 220.70 1.58 1.64 3.70 -36.75 3.42 53.41 -4.72 0.11
