Car 0.00 0 -3.88 0.00 243.54 203.50 374.00 1.41 1.53 3.77 -3.71 1.91 3.28 -4.73 0.97
Car 0.00 0 -4.31 165.33 184.17 430.20 353.80 1.67 1.63 4.05 -3.75 1.85 9.40 -4.69 0.94
Car 0.00 0 -7.83 622.48 176.90 671.64 225.11 1.54 1.60 4.24 1.32 1.70 25.60 -7.78 0.86
Pedestrian 0.00 0 -4.81 603.19 170.64 625.70 222.56 1.78 0.71 0.84 0.10 1.70 25.18 -4.80 0.57
Car 0.00 0 -7.91 617.76 177.07 647.93 203.75 1.50 1.59 3.79 1.29 1.77 43.13 -7.88 0.39
Car 0.00 0 -7.92 668.22 179.26 702.16 209.15 1.45 1.51 3.41 3.84 1.80 37.55 -7.82 0.22
Pedestrian 0.00 0 -7.82 673.12 176.14 685.79 212.06 1.65 0.56 0.70 3.19 1.80 33.52 -7.72 0.20
Pedestrian 0.00 0 -8.06 429.99 171.74 449.62 222.62 1.92 0.60 0.72 -6.56 1.87 27.61 -8.29 0.15
Car 0.00 0 -7.95 662.78 173.14 697.22 202.83 1.64 1.63 3.83 3.98 1.66 41.87 -7.85 0.13
Pedestrian 0.00 0 -5.56 99.14 171.53 198.78 332.89 1.87 0.57 0.85 -5.61 1.86 8.72 -6.14 0.11
