Car 0.00 0 -2.46 0.00 189.01 193.76 330.27 1.50 1.67 4.02 -7.62 1.72 8.78 -3.17 0.97
Car 0.00 0 -8.04 568.80 180.57 636.83 230.74 1.59 1.67 4.02 -0.38 1.89 25.67 -8.06 0.97
Car 0.00 0 -5.84 0.00 172.62 288.40 290.65 1.78 1.68 3.88 -7.67 1.77 11.93 -6.41 0.78
Car 0.00 0 -7.64 331.77 183.06 417.57 247.06 1.53 1.53 3.37 -6.32 1.83 19.55 -7.95 0.55
Car 0.00 0 -8.07 366.22 180.79 410.11 212.19 1.67 1.63 3.70 -12.77 2.14 41.31 -8.37 0.36
Car 0.00 0 -2.93 254.02 182.47 387.59 228.21 1.53 1.61 4.18 -10.27 1.89 25.77 -3.31 0.34
Car 0.00 0 -2.85 294.68 179.38 399.46 223.88 1.68 1.62 3.56 -10.31 1.94 28.36 -3.20 0.32
Car 0.00 0 -7.71 281.93 180.48 355.24 238.68 1.58 1.59 3.56 -8.83 1.83 21.99 -8.10 0.32
Car 0.00 0 -2.69 317.72 185.58 427.52 221.56 1.46 1.62 4.23 -10.28 2.04 31.23 -3.01 0.28
Pedestrian 0.00 0 -3.26 600.03 170.15 619.07 208.59 2.00 0.60 0.94 -0.06 1.86 37.94 -3.26 0.20
Car 0.00 0 -2.97 364.11 175.68 440.94 206.64 1.87 1.73 4.36 -12.88 2.05 44.89 -3.25 0.17
Car 0.00 0 -5.81 225.93 181.60 285.53 201.36 1.52 1.57 3.94 -27.98 2.22 57.00 -6.27 0.17
Cyclist 0.00 0 -7.76 186.95 164.54 200.09 203.24 1.69 0.36 1.67 -18.75 1.33 32.43 -8.28 0.13
Car 0.00 0 -4.65 433.53 185.19 457.85 205.81 1.51 1.64 3.75 -13.03 2.53 57.27 -4.87 0.13
Car 0.00 0 -7.62 355.01 183.58 427.80 234.09 1.53 1.56 3.64 -7.37 1.92 24.48 -7.91 0.12
Car 0.00 0 -7.51 0.00 163.54 37.79 211.35 1.54 1.65 3.76 -21.87 1.24 25.35 -8.22 0.11
Car 0.00 0 -5.85 343.28 184.72 434.14 214.97 1.43 1.62 4.03 -11.06 2.04 36.03 -6.15 0.11
