Car 0.00 0 -7.70 456.37 183.39 511.52 223.54 1.43 1.53 3.58 -4.67 1.36 27.31 -7.87 0.95
Car 0.00 0 -7.61 355.35 190.21 472.10 262.73 1.38 1.56 4.12 -4.22 1.51 16.06 -7.87 0.92
Car 0.00 0 -7.39 165.31 183.17 324.73 257.67 1.57 1.70 4.20 -8.53 1.53 17.28 -7.85 0.89
Car 0.00 0 -7.84 579.32 179.37 610.41 207.93 1.52 1.65 3.58 -0.73 1.21 40.01 -7.86 0.88
Car 0.00 0 -7.55 294.67 178.24 362.70 216.31 1.61 1.65 4.32 -12.59 1.32 32.61 -7.92 0.83
Car 0.00 0 -7.64 404.75 178.69 454.11 211.12 1.53 1.63 3.73 -8.87 1.23 35.89 -7.88 0.80
Car 0.00 0 -7.55 318.31 188.39 397.44 231.04 1.36 1.58 3.62 -8.61 1.47 24.95 -7.88 0.79
Car 0.00 0 -4.62 487.83 179.70 525.38 210.14 1.49 1.58 3.84 -5.22 1.22 37.20 -4.76 0.69
Car 0.00 0 -4.73 516.78 180.42 540.43 203.99 1.47 1.46 3.67 -5.19 1.17 46.63 -4.84 0.51
Car 0.00 0 -7.67 383.85 176.80 420.21 201.28 1.48 1.56 3.68 -12.95 0.97 45.32 -7.95 0.39
Cyclist 0.00 0 -3.36 1139.49 148.04 1240.00 372.99 1.75 0.87 1.98 6.00 1.46 6.45 -2.61 0.37
Car 0.00 0 -4.71 445.49 177.09 472.40 203.12 1.53 1.55 3.73 -9.18 1.05 44.24 -4.91 0.33
Car 0.00 0 -4.37 121.02 192.10 224.01 245.36 1.42 1.49 3.68 -13.00 1.65 21.62 -4.91 0.28
Pedestrian 0.00 0 -5.90 640.44 180.18 657.43 212.23 1.65 0.66 0.69 2.11 1.39 37.41 -5.85 0.19
Car 0.00 0 -7.74 490.32 173.75 513.03 192.10 1.64 1.63 4.16 -9.79 0.62 66.50 -7.89 0.16
Car 0.00 0 -4.56 201.56 187.82 268.71 230.06 1.38 1.57 3.92 -13.34 1.48 25.84 -5.04 0.13
Pedestrian 0.00 0 -4.44 673.52 176.03 703.12 238.89 1.68 0.63 0.77 2.17 1.44 19.73 -4.33 0.13
