Car 0.00 0 -8.05 699.64 189.77 806.28 263.31 1.37 1.56 3.43 2.92 1.48 15.32 -7.86 0.98
Car 0.00 0 -7.52 237.65 189.10 442.13 313.49 1.49 1.63 3.76 -3.74 1.56 10.60 -7.86 0.97
Car 0.00 0 -7.23 0.00 184.59 184.83 314.35 1.56 1.63 3.80 -8.15 1.55 10.56 -7.89 0.97
Car 0.00 0 -7.70 439.08 182.40 508.68 237.84 1.47 1.47 3.37 -3.84 1.40 20.82 -7.88 0.94
Car 0.00 0 -7.93 655.06 182.15 702.77 219.31 1.45 1.64 4.15 2.88 1.33 30.11 -7.84 0.83
Car 0.00 0 -7.69 479.72 181.48 535.44 221.91 1.53 1.60 4.12 -4.04 1.39 29.29 -7.83 0.75
Car 0.00 0 -7.80 586.82 179.57 611.36 201.14 1.54 1.64 3.66 -0.63 1.14 53.18 -7.82 0.73
Car 0.00 0 -7.50 262.23 186.69 365.97 243.64 1.44 1.53 3.59 -8.11 1.48 20.06 -7.89 0.42
Car 0.00 0 -4.77 623.96 179.44 646.50 198.50 1.52 1.60 4.14 2.23 1.06 59.46 -4.74 0.42
Car 0.00 0 -4.67 532.00 178.41 555.92 200.45 1.53 1.55 3.81 -4.58 1.06 51.75 -4.76 0.30
Pedestrian 0.00 0 -2.76 473.74 213.80 604.59 375.00 1.58 0.55 0.66 -0.47 1.78 4.48 -2.87 0.24
Car 0.00 0 -7.18 0.00 176.69 116.37 219.22 1.54 1.65 3.90 -21.41 1.24 28.06 -7.83 0.22
Car 0.00 0 -7.80 459.08 171.88 486.73 197.65 1.68 1.62 4.08 -9.15 0.81 48.88 -7.98 0.21
Pedestrian 0.00 0 -7.89 166.33 173.93 194.27 238.74 1.79 0.65 0.67 -12.10 1.48 20.27 -8.43 0.20
Car 0.00 0 -7.79 576.84 179.85 596.74 197.31 1.45 1.49 3.41 -1.78 1.00 61.35 -7.82 0.19
Cyclist 0.00 0 -5.19 779.67 177.27 811.15 220.48 1.72 0.61 1.54 7.64 1.41 29.45 -4.93 0.15
Cyclist 0.00 0 -3.40 431.78 174.55 463.44 209.69 1.87 0.64 1.56 -8.70 1.31 38.94 -3.62 0.10
Cyclist 0.00 0 -7.63 368.48 175.83 382.91 206.40 1.59 0.37 1.64 -12.37 1.10 38.25 -7.94 0.10
