Car 0.00 0 -2.57 44.78 185.22 256.36 258.44 1.38 1.56 3.31 -9.28 1.65 14.67 -3.13 0.96
Car 0.00 0 -8.07 635.23 171.22 709.64 222.44 1.53 1.59 4.06 1.91 1.49 23.74 -7.99 0.95
Car 0.00 0 -8.11 682.50 173.84 857.47 289.93 1.45 1.59 3.97 2.17 1.47 11.10 -7.92 0.95
Car 0.00 0 -7.83 480.11 173.21 532.90 222.54 1.54 1.65 4.09 -3.54 1.56 24.75 -7.97 0.94
Car 0.00 0 -6.92 0.00 200.17 181.76 374.00 1.45 1.57 4.21 -3.45 1.62 2.38 -7.89 0.89
Car 0.00 0 -5.51 0.00 188.66 81.88 335.47 1.42 1.60 4.10 -8.63 1.62 8.07 -6.33 0.74
Car 0.00 0 -2.35 0.00 187.62 61.37 262.24 1.42 1.59 3.64 -13.80 1.74 14.93 -3.10 0.69
Car 0.00 0 -7.91 631.15 174.87 675.12 212.79 1.45 1.57 3.91 1.68 1.54 29.76 -7.85 0.68
Car 0.00 0 -7.72 515.57 174.52 553.02 204.77 1.54 1.56 3.42 -4.04 1.63 38.56 -7.83 0.43
Car 0.00 0 -7.47 263.39 154.67 318.69 184.52 1.56 1.56 3.58 -17.48 0.61 39.62 -7.89 0.38
Pedestrian 0.00 0 -7.68 468.12 169.05 485.05 206.47 1.82 0.70 0.72 -6.58 1.63 35.41 -7.86 0.32
Car 0.00 0 -7.83 494.58 172.77 536.38 214.23 1.61 1.61 3.62 -3.90 1.60 29.84 -7.95 0.27
Pedestrian 0.00 0 -5.78 0.00 154.24 24.83 374.00 1.69 0.55 0.71 -4.38 1.58 4.63 -6.54 0.26
Pedestrian 0.00 0 -6.00 208.18 151.74 218.91 192.59 1.81 0.48 0.30 -17.72 0.87 32.17 -6.50 0.25
Pedestrian 0.00 0 -4.10 617.80 166.30 636.36 200.73 1.82 0.64 0.82 0.88 1.47 38.63 -4.07 0.20
Car 0.00 0 -3.05 121.59 183.93 282.76 250.45 1.43 1.56 3.25 -9.72 1.72 17.38 -3.56 0.17
Pedestrian 0.00 0 -4.14 998.40 135.20 1093.11 297.44 1.78 0.56 0.87 5.00 1.37 8.37 -3.61 0.16
Car 0.00 0 -4.78 375.04 160.08 401.92 181.87 1.51 1.61 3.76 -15.99 0.62 51.90 -5.07 0.16
Car 0.00 0 -7.79 377.49 172.33 432.44 222.31 1.62 1.64 3.65 -7.19 1.61 25.39 -8.07 0.14
Pedestrian 0.00 0 -3.47 702.38 156.43 733.94 223.46 1.83 0.53 0.73 2.95 1.38 20.04 -3.33 0.14
Pedestrian 0.00 0 -4.82 218.50 149.54 234.66 187.12 1.81 0.63 0.58 -18.74 0.69 35.19 -5.31 0.13
Pedestrian 0.00 0 -4.48 1239.26 113.40 1241.00 374.00 1.79 0.57 0.92 5.08 1.40 5.27 -3.71 0.12
Pedestrian 0.00 0 -2.28 299.98 152.21 318.44 183.20 1.84 0.63 0.84 -18.12 0.62 43.38 -2.68 0.11
Car 0.00 0 -4.81 634.89 172.50 674.26 206.22 1.57 1.55 3.67 2.10 1.55 35.41 -4.76 0.11
Pedestrian 0.00 0 -3.56 1140.47 151.75 1241.00 355.16 1.58 0.45 0.72 4.80 1.41 5.90 -2.88 0.11
Car 0.00 0 -4.25 502.52 173.12 559.73 202.13 1.62 1.67 4.18 -4.63 1.64 42.67 -4.36 0.10
Pedestrian 0.00 0 -7.54 158.22 159.64 184.14 206.78 1.81 0.70 0.64 -17.14 1.30 28.12 -8.08 0.10
Pedestrian 0.00 0 -3.43 942.66 146.30 1030.71 287.17 1.72 0.54 0.87 4.71 1.40 9.16 -2.96 0.10
