Car 0.00 0 -7.43 112.45 191.18 382.03 323.58 1.47 1.71 4.50 -4.87 1.58 10.44 -7.87 0.95
Car 0.00 0 -7.21 0.00 195.65 169.84 307.43 1.39 1.59 3.55 -8.64 1.58 11.06 -7.87 0.95
Car 0.00 0 -7.37 148.07 182.16 279.41 238.57 1.51 1.64 4.24 -11.57 1.43 21.38 -7.87 0.90
Car 0.00 0 -7.50 268.16 185.09 372.14 241.18 1.47 1.59 3.72 -8.20 1.47 20.71 -7.88 0.90
Car 0.00 0 -7.84 571.24 180.70 601.78 208.69 1.53 1.67 3.93 -1.22 1.28 41.19 -7.87 0.82
Car 0.00 0 -7.63 344.27 186.43 414.95 227.91 1.41 1.62 4.16 -8.42 1.46 26.73 -7.93 0.81
Car 0.00 0 -7.73 486.59 185.71 528.25 215.67 1.38 1.55 3.94 -4.89 1.41 35.24 -7.87 0.63
Car 0.00 0 -7.72 505.53 180.57 535.43 204.62 1.50 1.52 3.06 -5.63 1.21 46.44 -7.84 0.38
Cyclist 0.00 0 -4.77 637.96 179.16 650.82 213.20 1.67 0.56 1.47 1.80 1.38 36.05 -4.72 0.31
Cyclist 0.00 0 -7.30 499.94 180.12 529.85 220.64 1.73 0.48 1.70 -4.09 1.51 31.49 -7.43 0.21
Car 0.00 0 -4.63 532.45 181.26 552.39 198.06 1.48 1.51 3.74 -5.93 1.14 65.42 -4.72 0.20
Car 0.00 0 -7.57 294.71 182.77 353.46 218.11 1.57 1.63 3.61 -13.34 1.47 33.91 -7.95 0.17
Pedestrian 0.00 0 -5.00 1034.38 156.21 1097.73 287.04 1.75 0.58 0.63 6.29 1.36 9.97 -4.44 0.17
Cyclist 0.00 0 -5.25 1099.01 137.03 1240.00 319.26 1.84 0.59 1.71 6.30 1.35 8.13 -4.59 0.15
Pedestrian 0.00 0 -6.39 754.71 171.19 778.09 224.19 1.90 0.62 0.76 5.72 1.40 26.13 -6.18 0.15
Car 0.00 0 -7.71 609.16 183.48 643.21 209.37 1.50 1.56 3.58 1.13 1.40 43.67 -7.68 0.14
Car 0.00 0 -4.05 27.66 188.78 165.59 238.98 1.46 1.55 3.90 -16.31 1.58 23.14 -4.67 0.14
Cyclist 0.00 0 -7.70 262.46 176.42 279.96 212.94 1.70 0.49 1.78 -16.16 1.30 34.47 -8.14 0.13
Car 0.00 0 -4.72 384.30 181.90 409.87 205.53 1.53 1.60 3.78 -14.27 1.32 48.59 -5.00 0.11
Car 0.00 0 -4.86 512.20 180.51 538.60 198.50 1.45 1.62 4.01 -6.91 1.07 59.92 -4.97 0.11
Car 0.00 0 -4.56 220.85 180.78 261.16 209.20 1.77 1.75 3.97 -23.94 1.50 46.99 -5.03 0.11
