Car 0.00 0 -6.95 857.46 196.23 1241.00 374.00 1.48 1.65 3.81 4.54 1.74 7.01 -6.38 0.96
Car 0.00 0 -6.61 701.09 197.00 865.93 261.87 1.45 1.57 3.63 4.14 2.07 17.73 -6.38 0.94
Car 0.00 0 -5.67 0.00 178.91 167.51 343.20 1.64 1.63 3.81 -7.58 1.71 8.30 -6.41 0.90
Car 0.00 0 -2.62 0.00 188.95 255.16 305.88 1.54 1.57 3.90 -7.68 1.80 10.74 -3.24 0.69
Car 0.00 0 -5.70 81.34 195.44 317.72 283.00 1.49 1.53 3.63 -7.67 1.94 13.58 -6.22 0.67
Car 0.00 0 -6.61 673.76 195.52 822.20 253.12 1.47 1.58 3.80 3.79 2.15 20.33 -6.42 0.56
Pedestrian 0.00 0 -3.00 825.01 176.92 846.64 229.27 1.96 0.66 0.70 8.55 2.11 27.46 -2.70 0.55
Pedestrian 0.00 0 -4.16 1065.59 176.54 1092.12 227.27 2.00 0.69 0.57 18.74 2.15 28.91 -3.59 0.52
Pedestrian 0.00 0 -8.17 946.08 182.21 969.03 228.33 1.83 0.64 0.74 14.01 2.21 29.18 -7.72 0.49
Pedestrian 0.00 0 -4.11 1160.24 178.05 1185.81 222.88 2.00 0.70 0.60 25.52 2.24 32.76 -3.45 0.42
Pedestrian 0.00 0 -5.67 1071.73 172.55 1128.08 259.20 1.96 0.61 0.91 11.41 1.96 16.89 -5.08 0.39
Car 0.00 0 -2.83 213.49 195.28 386.76 258.70 1.50 1.55 3.84 -7.97 2.11 18.70 -3.23 0.38
Pedestrian 0.00 0 -6.01 1023.01 176.71 1053.67 244.37 1.82 0.55 0.60 11.74 1.93 19.86 -5.47 0.31
Cyclist 0.00 0 -4.47 796.14 181.66 815.38 212.76 1.70 0.62 1.90 11.12 2.22 41.08 -4.21 0.28
Pedestrian 0.00 0 -3.34 1176.48 183.32 1205.82 227.53 1.85 0.67 0.86 24.86 2.31 30.93 -2.67 0.27
Car 0.00 0 -5.25 940.04 191.73 988.86 214.53 1.53 1.59 3.68 26.19 2.98 53.49 -4.79 0.27
Pedestrian 0.00 0 -3.28 765.56 165.25 784.25 212.29 1.93 0.71 0.67 6.80 1.62 29.96 -3.05 0.25
Pedestrian 0.00 0 -4.74 777.79 172.15 798.12 227.99 2.07 0.72 0.96 6.68 2.04 27.29 -4.50 0.23
Pedestrian 0.00 0 -3.58 1149.50 179.97 1177.05 224.41 1.95 0.60 0.79 24.65 2.27 32.21 -2.93 0.21
Cyclist 0.00 0 -6.66 665.50 178.68 701.20 213.87 1.89 0.74 1.80 3.98 2.21 39.49 -6.55 0.20
Car 0.00 0 -7.68 428.70 192.40 505.23 251.73 1.57 1.64 4.13 -4.41 2.24 22.56 -7.87 0.15
Car 0.00 0 -7.21 841.84 192.55 919.38 230.35 1.52 1.53 3.38 12.08 2.45 32.28 -6.86 0.15
Cyclist 0.00 0 -9.04 1215.01 173.09 1241.00 262.13 1.73 0.56 1.70 13.63 1.74 14.93 -8.30 0.13
Car 0.00 0 -3.49 428.13 185.97 522.34 221.77 1.55 1.64 4.07 -6.40 2.20 34.17 -3.68 0.13
Car 0.00 0 -4.76 942.75 194.25 983.56 229.18 1.46 1.58 4.00 16.96 2.55 34.85 -4.31 0.12
Cyclist 0.00 0 -6.37 961.46 190.50 1019.91 241.38 1.61 0.65 1.66 12.51 2.20 23.83 -5.88 0.11
Pedestrian 0.00 0 -4.69 704.02 179.84 725.24 237.32 1.85 0.68 0.73 3.41 2.09 23.77 -4.55 0.11
Cyclist 0.00 0 -6.14 1093.82 184.48 1140.84 224.65 1.81 0.66 1.72 23.73 2.37 33.82 -5.53 0.11
