Car 0.00 0 -7.55 290.91 186.26 508.75 338.99 1.53 1.62 3.85 -2.55 1.75 9.54 -7.81 0.97
Car 0.00 0 -3.83 0.00 198.20 255.49 374.00 1.58 1.64 3.56 -2.99 1.73 2.48 -4.70 0.93
Car 0.00 0 -2.83 354.35 176.75 499.80 225.10 1.48 1.61 4.25 -5.86 1.61 23.22 -3.08 0.87
Car 0.00 0 -4.67 541.02 173.58 588.10 219.65 1.73 1.71 4.21 -1.82 1.76 29.28 -4.73 0.84
Car 0.00 0 -7.93 716.09 180.93 789.88 254.41 1.54 1.48 2.41 3.20 1.75 16.73 -7.74 0.84
Car 0.00 0 -8.66 938.67 204.04 1241.00 374.00 1.56 1.54 3.30 2.39 1.73 2.12 -7.82 0.84
Car 0.00 0 -7.89 702.48 184.71 760.33 238.69 1.42 1.57 3.54 3.52 1.80 21.63 -7.73 0.73
Car 0.00 0 -7.73 572.57 179.44 611.56 210.95 1.51 1.58 3.70 -0.91 1.86 37.17 -7.76 0.64
Car 0.00 0 -4.77 667.22 178.08 692.14 199.56 1.51 1.63 4.05 5.14 1.92 53.83 -4.67 0.64
Cyclist 0.00 0 -4.60 628.77 174.95 642.97 205.67 1.75 0.64 1.75 1.49 1.88 42.22 -4.57 0.57
Pedestrian 0.00 0 -4.82 503.32 169.84 522.03 215.15 1.79 0.65 0.89 -3.97 1.67 29.06 -4.96 0.52
Pedestrian 0.00 0 -7.86 532.78 174.05 546.97 210.89 1.82 0.70 0.74 -3.54 1.88 36.03 -7.95 0.37
Pedestrian 0.00 0 -7.87 521.11 173.52 535.41 213.56 1.78 0.63 0.81 -3.73 1.81 32.53 -7.99 0.28
Pedestrian 0.00 0 -8.44 734.65 175.29 752.22 212.07 1.75 0.60 0.60 6.39 1.87 34.79 -8.25 0.28
Car 0.00 0 -2.99 493.45 170.78 561.82 203.49 1.79 1.69 3.59 -4.61 1.68 40.39 -3.10 0.26
Cyclist 0.00 0 -5.02 756.31 177.43 782.05 221.75 1.63 0.50 1.55 6.00 1.81 27.44 -4.81 0.24
Cyclist 0.00 0 -4.97 745.11 176.50 767.34 215.57 1.65 0.56 1.55 6.30 1.81 31.33 -4.78 0.20
Pedestrian 0.00 0 -4.55 226.57 163.65 277.30 278.58 1.82 0.63 0.80 -5.94 1.67 11.89 -5.01 0.20
Cyclist 0.00 0 -7.66 481.47 172.06 506.32 221.98 1.70 0.55 1.69 -4.11 1.67 25.36 -7.82 0.20
Pedestrian 0.00 0 -5.65 105.74 163.28 142.36 253.71 1.77 0.55 0.35 -9.75 1.58 14.41 -6.25 0.16
Pedestrian 0.00 0 -6.27 166.66 167.50 217.11 285.82 1.78 0.64 0.67 -6.59 1.70 11.30 -6.80 0.16
Pedestrian 0.00 0 -6.65 288.68 170.23 311.99 228.28 1.75 0.55 0.49 -9.56 1.67 22.16 -7.06 0.14
Pedestrian 0.00 0 -5.71 69.49 165.33 133.15 258.75 1.72 0.56 0.81 -9.63 1.58 13.60 -6.32 0.13
Pedestrian 0.00 0 -3.85 1013.17 160.42 1120.15 328.30 1.78 0.62 0.79 5.00 1.65 8.02 -3.30 0.11
Car 0.00 0 -4.75 600.32 175.34 617.94 191.42 1.49 1.54 3.90 -0.12 1.74 69.50 -4.75 0.10
