Car 0.00 0 -7.72 458.38 178.73 537.25 245.36 1.65 1.68 3.82 -3.07 1.83 20.10 -7.87 0.96
Car 0.00 0 -4.21 72.72 193.88 259.07 277.01 1.50 1.68 4.38 -9.85 2.05 16.39 -4.75 0.95
Car 0.00 0 -4.34 319.76 188.05 377.24 218.93 1.37 1.48 3.52 -12.85 2.16 35.53 -4.69 0.79
Car 0.00 0 -7.99 576.73 178.61 609.29 202.87 1.47 1.61 3.83 -1.17 1.86 46.80 -8.01 0.72
Cyclist 0.00 0 -8.08 636.87 173.78 657.95 216.12 1.70 0.48 1.77 1.50 1.74 29.96 -8.03 0.63
Car 0.00 0 -4.38 436.40 182.09 478.56 205.38 1.52 1.67 4.15 -10.78 2.21 51.11 -4.59 0.43
Cyclist 0.00 0 -6.79 636.34 168.44 687.28 218.20 1.88 0.63 1.90 1.97 1.71 27.92 -6.72 0.33
Cyclist 0.00 0 -2.51 649.83 170.60 700.02 221.68 1.81 0.59 1.83 2.32 1.73 26.36 -2.42 0.31
Cyclist 0.00 0 -7.93 746.55 167.89 758.90 203.53 1.84 0.51 1.80 7.49 1.58 38.09 -7.73 0.24
Pedestrian 0.00 0 -4.57 1130.98 112.71 1241.00 374.00 1.86 0.60 0.98 3.95 1.49 4.87 -3.89 0.20
Pedestrian 0.00 0 -4.64 902.88 159.74 929.73 221.77 1.87 0.71 0.74 9.42 1.48 22.29 -4.24 0.19
Pedestrian 0.00 0 -5.41 896.13 179.31 922.99 229.96 1.38 0.44 0.55 8.26 1.56 20.03 -5.02 0.18
Cyclist 0.00 0 -3.20 426.44 179.21 461.32 216.61 1.77 0.63 1.61 -8.06 2.08 34.84 -3.43 0.17
Car 0.00 0 -4.62 576.52 178.09 597.53 194.74 1.41 1.54 3.72 -2.03 1.89 64.03 -4.65 0.15
Cyclist 0.00 0 -4.37 1210.02 144.14 1241.00 282.36 1.71 0.66 1.83 8.82 1.36 9.64 -3.62 0.14
Car 0.00 0 -5.18 614.30 175.33 663.40 200.51 1.57 1.65 3.86 1.82 1.74 47.45 -5.14 0.13
Car 0.00 0 -6.75 850.75 174.43 996.99 222.38 1.50 1.60 4.10 10.14 1.55 23.57 -6.34 0.13
Cyclist 0.00 0 -2.29 309.84 176.88 339.56 210.26 1.88 0.68 1.63 -16.43 2.11 41.46 -2.67 0.13
Pedestrian 0.00 0 -5.11 435.96 177.72 458.07 225.35 1.76 0.59 0.69 -6.17 1.94 27.13 -5.33 0.12
Car 0.00 0 -7.92 1134.04 159.78 1165.58 182.01 1.62 1.66 4.12 41.00 0.67 54.90 -7.28 0.12
Cyclist 0.00 0 -6.19 662.22 175.10 697.85 210.55 1.73 0.68 1.70 3.43 1.84 35.68 -6.10 0.11
Car 0.00 0 -6.86 755.60 172.92 849.12 207.48 1.51 1.61 3.87 8.71 1.51 32.85 -6.60 0.11
Pedestrian 0.00 0 -3.59 750.51 157.30 803.46 244.75 1.91 0.56 1.01 3.69 1.57 16.17 -3.37 0.10
Car 0.00 0 -7.89 915.27 166.60 941.47 193.50 2.01 1.72 3.93 24.63 1.54 55.95 -7.47 0.10
