Cyclist 0.00 0 -6.37 674.44 162.23 713.30 199.54 1.85 0.59 1.89 4.43 0.95 35.43 -6.24 0.85
Car 0.00 0 -4.03 1202.16 120.11 1223.00 206.83 1.49 1.59 4.21 13.75 0.46 13.14 -3.22 0.83
Car 0.00 0 -3.53 879.34 159.78 944.74 184.44 1.48 1.53 3.33 18.72 0.24 43.19 -3.12 0.80
Cyclist 0.00 0 -6.31 733.75 158.33 776.86 199.93 1.83 0.59 1.86 6.67 0.85 31.51 -6.10 0.77
Car 0.00 0 -6.73 947.15 150.40 1040.02 178.42 1.69 1.80 4.72 23.96 -0.13 43.72 -6.23 0.50
Cyclist 0.00 0 -4.45 763.66 162.06 779.04 190.43 1.67 0.49 1.69 10.01 0.59 42.55 -4.22 0.47
Pedestrian 0.00 0 -3.40 588.42 167.73 604.59 197.05 1.75 0.63 0.84 -0.52 0.99 42.51 -3.41 0.44
Pedestrian 0.00 0 -5.97 974.47 139.03 1013.36 206.44 1.82 0.63 0.79 10.75 0.70 19.61 -5.47 0.35
Pedestrian 0.00 0 -4.85 1150.99 128.10 1185.12 189.19 1.82 0.69 0.91 17.15 0.26 21.59 -4.18 0.29
Pedestrian 0.00 0 -7.99 1009.56 149.26 1035.15 197.17 1.63 0.67 0.74 14.48 0.57 24.60 -7.45 0.26
Car 0.00 0 -8.48 1046.42 149.14 1116.76 176.17 1.57 1.64 3.84 29.24 -0.28 43.52 -7.89 0.25
Car 0.00 0 -7.62 1191.65 143.59 1223.00 170.77 1.53 1.61 4.04 37.22 -0.61 42.84 -6.91 0.23
Pedestrian 0.00 0 -5.27 994.61 150.08 1013.57 180.89 1.80 0.65 0.80 23.57 0.02 41.77 -4.76 0.22
Car 0.00 0 -4.92 913.58 151.09 944.75 171.82 1.62 1.64 3.64 26.91 -0.74 58.75 -4.49 0.21
Pedestrian 0.00 0 -3.96 903.06 156.83 927.25 204.39 1.63 0.60 0.48 10.74 0.82 24.55 -3.55 0.19
Pedestrian 0.00 0 -6.58 937.58 150.40 958.90 182.01 1.85 0.58 1.01 20.22 0.09 41.68 -6.12 0.16
Pedestrian 0.00 0 -3.25 931.73 149.32 955.56 204.32 1.75 0.62 0.63 10.93 0.76 22.90 -2.81 0.16
Pedestrian 0.00 0 -5.82 878.20 154.79 896.22 186.20 1.82 0.53 0.83 16.58 0.33 41.54 -5.44 0.15
Car 0.00 0 -8.17 769.20 163.35 815.27 188.76 1.49 1.61 3.87 11.40 0.48 43.29 -7.91 0.13
Pedestrian 0.00 0 -3.87 819.55 154.19 845.20 195.29 1.89 0.75 0.86 10.61 0.68 33.05 -3.56 0.13
Car 0.00 0 -7.53 1223.22 142.59 1223.00 189.72 1.46 1.60 3.90 22.45 0.29 23.51 -6.77 0.13
Pedestrian 0.00 0 -6.91 705.52 164.92 716.42 186.62 1.89 0.44 0.85 9.30 0.53 61.93 -6.76 0.12
Car 0.00 0 -6.80 794.14 163.69 883.48 194.19 1.57 1.69 4.23 12.40 0.71 37.61 -6.48 0.11
Pedestrian 0.00 0 -6.17 995.37 152.05 1004.93 180.42 1.70 0.52 0.45 23.89 -0.00 42.75 -5.66 0.10
