Car 0.00 0 -6.92 937.06 194.80 1241.00 317.02 1.38 1.51 3.95 6.45 1.68 9.24 -6.31 0.98
Car 0.00 0 -6.57 732.51 184.32 882.47 236.38 1.45 1.71 3.95 5.71 1.80 21.35 -6.31 0.94
Car 0.00 0 -6.88 882.63 184.61 1151.58 286.45 1.48 1.59 3.49 6.39 1.68 11.63 -6.37 0.94
Car 0.00 0 -2.41 0.00 191.86 214.65 374.00 1.44 1.58 4.12 -6.07 1.63 6.41 -3.17 0.90
Car 0.00 0 -5.76 68.86 182.23 383.66 288.66 1.48 1.53 4.02 -5.76 1.63 11.01 -6.24 0.86
Car 0.00 0 -2.87 218.48 175.61 415.72 252.19 1.58 1.58 3.74 -6.38 1.64 15.91 -3.25 0.84
Car 0.00 0 -5.80 161.40 183.74 404.81 266.80 1.42 1.46 3.88 -6.01 1.63 13.38 -6.22 0.84
Car 0.00 0 -5.70 0.00 188.35 281.98 320.46 1.43 1.49 3.66 -6.23 1.64 8.80 -6.31 0.83
Car 0.00 0 -7.96 635.76 182.38 675.51 212.61 1.37 1.57 3.79 2.18 1.87 35.80 -7.90 0.73
Car 0.00 0 -2.90 305.63 182.97 459.11 235.46 1.44 1.58 4.00 -6.58 1.74 21.01 -3.21 0.57
Car 0.00 0 -7.62 514.44 177.22 549.63 200.07 1.57 1.62 4.10 -5.65 1.90 52.46 -7.72 0.52
Car 0.00 0 -6.07 398.07 182.36 502.06 219.31 1.44 1.57 3.89 -6.49 1.84 29.37 -6.29 0.49
Car 0.00 0 -2.80 260.31 181.88 435.32 241.00 1.44 1.55 3.95 -6.71 1.68 18.59 -3.15 0.35
Cyclist 0.00 0 -4.08 488.76 175.24 512.24 207.21 1.69 0.48 1.49 -5.97 1.83 39.13 -4.24 0.33
Car 0.00 0 -4.87 554.23 180.15 580.11 198.10 1.40 1.55 3.91 -3.61 2.02 59.93 -4.93 0.28
Car 0.00 0 -4.63 620.68 176.92 641.74 195.16 1.53 1.55 3.86 1.87 1.90 63.40 -4.60 0.26
Pedestrian 0.00 0 -6.29 763.45 172.87 775.03 196.03 1.90 0.57 0.93 13.13 1.90 59.60 -6.07 0.26
Cyclist 0.00 0 -4.65 435.15 176.14 446.14 204.10 1.68 0.57 1.43 -10.43 1.89 44.31 -4.88 0.24
Pedestrian 0.00 0 -4.48 111.91 182.64 238.93 374.00 1.72 0.55 0.67 -2.76 1.79 4.55 -5.03 0.19
Pedestrian 0.00 0 -7.79 503.00 175.45 518.77 215.79 1.75 0.64 0.71 -4.39 1.86 31.68 -7.92 0.18
Car 0.00 0 -4.64 631.58 178.56 662.58 205.17 1.55 1.66 4.23 2.33 1.93 45.17 -4.59 0.18
Cyclist 0.00 0 -4.79 329.60 174.53 346.87 224.03 1.72 0.45 1.54 -9.79 1.78 25.85 -5.16 0.18
Cyclist 0.00 0 -4.44 9.67 174.17 71.55 278.44 1.66 0.44 1.50 -9.74 1.69 12.31 -5.11 0.15
Cyclist 0.00 0 -4.55 390.33 176.03 408.19 216.02 1.68 0.50 1.57 -9.18 1.82 31.31 -4.83 0.13
Car 0.00 0 -5.21 1123.54 177.54 1228.65 217.46 1.51 1.65 4.13 23.29 1.72 29.94 -4.55 0.12
Cyclist 0.00 0 -5.09 639.85 175.05 669.05 217.99 1.76 0.70 1.59 1.82 1.85 30.50 -5.03 0.10
