Car 0.00 0 -7.22 461.66 174.84 544.36 214.02 1.48 1.57 3.46 -3.93 1.23 29.06 -7.36 0.96
Car 0.00 0 -7.68 572.02 171.07 607.35 194.40 1.52 1.66 4.38 -0.74 0.84 49.11 -7.69 0.70
Car 0.00 0 -7.76 306.63 181.51 344.94 210.55 1.46 1.55 3.53 -14.51 1.46 37.94 -8.12 0.41
Car 0.00 0 -8.45 956.37 124.68 1050.63 164.80 1.50 1.63 3.80 16.95 -0.75 30.52 -7.94 0.23
Car 0.00 0 -8.19 593.46 170.00 628.20 189.95 1.57 1.62 3.97 0.75 0.67 58.70 -8.18 0.20
Car 0.00 0 -6.84 612.63 169.54 668.17 191.88 1.62 1.70 3.82 2.93 0.75 53.63 -6.79 0.19
Pedestrian 0.00 0 -8.44 667.85 170.59 688.70 209.74 1.63 0.64 0.62 3.22 1.18 30.28 -8.34 0.13
Cyclist 0.00 0 -4.67 649.01 169.93 659.19 200.47 1.65 0.49 1.70 2.91 1.02 39.57 -4.60 0.13
Pedestrian 0.00 0 -3.57 1020.52 147.54 1086.28 266.53 1.70 0.63 0.61 6.63 1.22 10.63 -3.01 0.13
Car 0.00 0 -4.73 612.00 169.90 637.21 194.52 1.59 1.63 4.18 1.55 0.84 48.64 -4.69 0.13
Pedestrian 0.00 0 -3.75 699.37 160.63 719.06 198.40 1.87 0.58 0.78 5.38 0.84 35.91 -3.60 0.11
