Car 0.00 0 -8.19 1191.24 155.40 1241.00 292.05 1.66 1.61 4.05 10.43 1.45 10.95 -7.43 0.96
Car 0.00 0 -2.22 128.54 214.10 444.15 374.00 1.45 1.55 3.59 -3.93 2.03 8.56 -2.65 0.95
Car 0.00 0 -7.83 866.13 174.47 971.69 268.58 1.60 1.71 4.05 6.19 1.64 14.55 -7.43 0.93
Car 0.00 0 -2.00 0.00 229.45 225.18 358.88 1.40 1.52 4.00 -7.81 2.39 10.90 -2.63 0.90
Car 0.00 0 -8.02 1137.72 168.54 1241.00 247.75 1.56 1.58 4.04 13.16 1.47 16.32 -7.34 0.89
Car 0.00 0 -1.92 0.00 233.99 59.43 339.01 1.44 1.49 3.62 -11.91 2.69 13.18 -2.65 0.82
Car 0.00 0 -8.00 1090.19 160.79 1165.43 218.78 1.89 1.61 3.77 18.22 1.50 25.60 -7.38 0.76
Car 0.00 0 -7.86 924.58 178.75 974.50 222.57 1.47 1.57 3.48 12.49 1.71 26.69 -7.42 0.70
Car 0.00 0 -4.85 1027.83 171.06 1058.81 191.52 1.55 1.58 3.79 33.97 1.41 56.68 -4.31 0.40
Car 0.00 0 -8.00 1126.78 168.20 1213.56 229.48 1.65 1.53 3.39 16.32 1.52 21.22 -7.34 0.35
Car 0.00 0 -4.56 861.72 174.33 958.44 248.05 1.64 1.68 3.91 7.63 1.68 18.26 -4.16 0.32
Car 0.00 0 -7.97 1066.36 169.99 1117.21 206.88 1.69 1.59 3.98 23.33 1.56 35.11 -7.39 0.32
Pedestrian 0.00 0 -7.48 88.32 173.73 117.29 233.80 1.93 0.63 0.52 -16.57 1.96 23.52 -8.10 0.25
Cyclist 0.00 0 -2.84 658.20 169.83 687.66 199.79 1.86 0.56 1.76 3.93 1.67 45.42 -2.75 0.24
Cyclist 0.00 0 -8.02 1056.19 168.83 1068.86 200.82 1.71 0.33 1.55 24.58 1.49 39.25 -7.46 0.22
Car 0.00 0 -7.52 677.21 184.70 715.04 207.36 1.66 1.68 4.27 6.88 2.64 57.47 -7.40 0.20
Pedestrian 0.00 0 -2.08 98.22 184.86 126.20 234.34 1.83 0.65 0.62 -18.87 2.29 27.29 -2.68 0.18
Car 0.00 0 -7.71 926.57 177.06 979.93 215.57 1.51 1.54 3.64 14.55 1.70 30.58 -7.27 0.17
Car 0.00 0 -7.71 950.25 174.45 984.44 198.82 1.65 1.64 3.90 25.30 1.76 51.08 -7.25 0.17
Car 0.00 0 -5.20 0.00 217.31 116.22 287.71 1.47 1.53 3.91 -14.67 2.69 18.39 -5.87 0.14
Pedestrian 0.00 0 -4.28 500.85 173.90 543.90 260.34 1.93 0.67 0.91 -2.06 1.95 16.65 -4.41 0.14
Pedestrian 0.00 0 -5.37 744.98 169.58 798.59 267.58 1.85 0.61 0.88 3.11 1.79 14.13 -5.16 0.13
Pedestrian 0.00 0 -5.82 661.85 175.71 674.04 198.19 1.92 0.49 0.93 4.98 2.17 62.30 -5.74 0.12
Pedestrian 0.00 0 -6.49 824.77 169.78 844.76 227.99 1.80 0.62 0.48 6.99 1.70 22.59 -6.19 0.12
Pedestrian 0.00 0 -3.28 95.59 185.92 109.06 237.15 1.92 0.54 0.35 -19.42 2.43 27.53 -3.89 0.11
