Car 0.00 0 -4.45 356.02 187.42 480.46 267.23 1.44 1.61 4.02 -4.07 1.80 15.77 -4.70 0.97
Car 0.00 0 -7.86 619.69 174.06 669.97 224.71 1.58 1.57 3.22 1.11 1.62 24.19 -7.81 0.93
Car 0.00 0 -4.01 0.00 208.12 245.44 374.00 1.52 1.64 4.29 -3.93 1.83 4.11 -4.77 0.93
Car 0.00 0 -4.60 482.52 176.03 532.17 213.21 1.48 1.66 4.13 -4.39 1.62 31.10 -4.74 0.87
Car 0.00 0 -7.22 1156.51 91.11 1241.00 374.00 1.77 1.66 3.90 4.82 1.54 2.97 -6.20 0.60
Pedestrian 0.00 0 -8.09 454.96 170.94 472.89 209.35 1.76 0.64 0.81 -6.83 1.67 33.51 -8.29 0.49
Pedestrian 0.00 0 -3.77 833.05 155.03 873.39 236.43 1.92 0.65 0.67 5.83 1.50 17.44 -3.45 0.29
Pedestrian 0.00 0 -4.63 694.42 162.41 711.84 208.85 1.84 0.64 0.73 3.70 1.43 28.98 -4.51 0.24
Pedestrian 0.00 0 -4.46 706.88 158.80 734.86 220.70 1.89 0.65 0.95 3.43 1.46 22.57 -4.30 0.22
Pedestrian 0.00 0 -2.47 0.00 160.91 8.81 350.34 1.93 0.73 0.93 -7.28 1.81 7.76 -3.22 0.20
Pedestrian 0.00 0 -3.33 133.90 157.27 204.73 266.34 2.05 0.67 1.08 -8.71 1.76 14.18 -3.88 0.18
Car 0.00 0 -6.33 646.35 161.87 702.04 186.92 1.71 1.63 3.79 4.41 0.96 50.28 -6.24 0.11
Pedestrian 0.00 0 -5.85 0.00 178.73 51.15 278.16 1.78 0.63 0.54 -10.83 1.89 13.31 -6.54 0.11
Cyclist 0.00 0 -7.47 467.72 168.94 489.60 203.45 1.75 0.51 1.76 -6.87 1.56 37.59 -7.65 0.11
Cyclist 0.00 0 -7.62 0.00 164.64 52.92 328.54 1.86 0.46 1.71 -7.56 1.77 9.07 -8.31 0.10
Pedestrian 0.00 0 -9.03 965.08 157.98 1019.89 300.39 1.72 0.65 0.39 4.75 1.54 9.05 -8.55 0.10
