Car 0.00 0 -7.86 543.93 172.31 572.80 198.87 1.49 1.62 3.41 -2.53 0.97 42.02 -7.92 0.85
Car 0.00 0 -6.85 351.36 171.46 487.27 222.77 1.60 1.70 4.25 -6.16 1.29 24.55 -7.09 0.54
Car 0.00 0 -7.34 327.03 182.46 390.33 210.01 1.37 1.50 3.79 -12.76 1.43 37.96 -7.67 0.41
Car 0.00 0 -7.73 580.84 170.91 603.95 188.70 1.57 1.64 3.92 -0.76 0.64 65.46 -7.74 0.35
Car 0.00 0 -7.69 601.27 170.18 627.68 189.15 1.51 1.58 3.80 1.13 0.61 59.18 -7.67 0.32
Car 0.00 0 -7.98 982.18 122.31 1040.79 163.49 1.53 1.68 3.74 17.30 -0.81 30.48 -7.47 0.19
Pedestrian 0.00 0 -2.96 818.68 130.31 922.19 323.13 1.86 0.51 0.92 2.72 1.37 7.39 -2.61 0.19
Car 0.00 0 -5.01 611.58 166.02 639.98 183.32 1.56 1.52 4.06 2.28 0.16 67.12 -4.98 0.13
Cyclist 0.00 0 -8.26 1015.17 139.54 1100.88 270.24 1.77 0.43 1.68 6.63 1.20 10.58 -7.70 0.13
Car 0.00 0 -7.84 354.13 176.95 395.98 213.29 1.44 1.59 3.81 -9.59 1.26 30.49 -8.15 0.13
Car 0.00 0 -7.08 0.00 184.93 38.24 253.35 1.49 1.61 3.89 -16.37 1.59 17.82 -7.83 0.12
Car 0.00 0 -7.92 1084.24 126.90 1132.61 163.15 1.50 1.61 3.78 23.75 -0.91 33.76 -7.30 0.11
Car 0.00 0 -2.67 390.81 174.16 487.85 208.86 1.51 1.61 4.01 -7.35 1.19 32.60 -2.89 0.10
