Car 0.00 0 -4.23 57.67 186.25 356.34 337.30 1.53 1.66 4.31 -5.10 1.75 9.83 -4.71 0.95
Car 0.00 0 -4.46 460.69 180.48 528.57 222.54 1.49 1.65 4.16 -4.50 1.81 28.44 -4.62 0.94
Cyclist 0.00 0 -4.29 281.48 170.79 400.92 334.43 1.76 0.63 1.88 -3.23 1.74 8.73 -4.64 0.89
Car 0.00 0 -7.83 669.94 175.19 711.39 214.71 1.54 1.63 3.55 3.39 1.65 30.27 -7.71 0.87
Pedestrian 0.00 0 -8.03 771.83 156.50 802.92 234.00 1.92 0.61 0.96 4.45 1.51 18.33 -7.79 0.78
Car 0.00 0 -7.92 635.78 172.36 655.43 189.43 1.58 1.58 4.07 3.35 1.53 68.76 -7.88 0.35
Car 0.00 0 -7.76 686.51 172.03 722.14 202.93 1.64 1.63 3.84 5.29 1.60 40.41 -7.63 0.27
Car 0.00 0 -8.19 741.02 168.72 789.55 199.34 1.69 1.60 3.70 8.91 1.46 41.81 -7.98 0.16
Pedestrian 0.00 0 -5.92 666.52 172.01 679.20 198.67 1.73 0.60 0.66 4.09 1.68 47.29 -5.83 0.15
Cyclist 0.00 0 -5.55 753.37 168.07 795.10 217.85 1.68 0.46 1.48 5.64 1.52 25.03 -5.33 0.15
Pedestrian 0.00 0 -6.64 775.67 164.15 817.40 225.50 1.77 0.63 1.03 5.43 1.52 21.21 -6.39 0.13
