Car 0.00 0 -4.42 372.39 185.78 522.44 282.09 1.52 1.70 4.13 -3.02 1.81 14.08 -4.63 0.96
Car 0.00 0 -7.95 685.99 179.20 784.36 268.01 1.53 1.57 3.39 2.33 1.67 14.38 -7.79 0.92
Car 0.00 0 -4.52 618.10 174.17 647.21 195.42 1.65 1.65 3.79 1.84 1.76 58.25 -4.49 0.35
Pedestrian 0.00 0 -4.31 789.82 156.94 830.64 240.56 1.95 0.62 0.97 4.78 1.58 17.38 -4.04 0.35
Pedestrian 0.00 0 -4.67 368.48 182.15 395.67 255.93 1.65 0.57 0.91 -5.34 1.87 16.77 -4.98 0.30
Pedestrian 0.00 0 -4.97 958.68 152.79 1016.86 270.82 1.80 0.65 0.75 5.91 1.49 11.41 -4.49 0.19
Cyclist 0.00 0 -8.25 757.01 172.32 791.86 227.17 1.64 0.47 1.61 5.04 1.62 22.40 -8.03 0.19
Car 0.00 0 -7.92 716.20 176.10 757.30 212.12 1.58 1.65 3.91 5.89 1.75 34.10 -7.75 0.16
Pedestrian 0.00 0 -1.79 0.00 145.46 44.63 370.74 1.94 0.66 0.90 -5.90 1.70 6.74 -2.51 0.16
Pedestrian 0.00 0 -4.01 1123.68 114.54 1241.00 374.00 1.94 0.67 0.88 4.28 1.56 5.14 -3.32 0.16
Pedestrian 0.00 0 -3.00 48.26 182.57 107.74 302.89 1.65 0.55 0.62 -7.66 1.79 10.33 -3.64 0.14
Pedestrian 0.00 0 -7.92 829.29 177.33 854.70 233.68 1.66 0.69 0.56 6.91 1.80 21.66 -7.61 0.14
Pedestrian 0.00 0 -3.70 794.30 163.04 808.61 212.34 1.94 0.49 0.34 7.56 1.55 28.67 -3.45 0.13
Pedestrian 0.00 0 -1.95 71.46 180.68 152.99 333.77 1.68 0.55 0.71 -5.82 1.77 8.36 -2.56 0.13
Pedestrian 0.00 0 -7.58 68.33 172.13 128.09 282.38 1.76 0.68 0.57 -8.50 1.75 11.92 -8.20 0.13
Pedestrian 0.00 0 -8.81 1044.53 147.51 1108.61 255.53 1.76 0.65 0.66 7.82 1.35 12.19 -8.24 0.11
Cyclist 0.00 0 -7.22 28.06 166.01 118.75 268.06 1.75 0.44 1.65 -9.80 1.63 13.18 -7.86 0.10
