Car 0.00 0 -8.26 768.38 186.37 1091.94 374.00 1.53 1.65 3.70 2.91 1.71 7.61 -7.89 0.97
Car 0.00 0 -8.04 675.39 183.04 762.24 243.11 1.43 1.65 3.76 2.83 1.74 19.79 -7.90 0.97
Car 0.00 0 -7.95 653.03 177.50 700.39 218.21 1.59 1.64 3.78 2.72 1.80 30.54 -7.86 0.95
Car 0.00 0 -2.53 8.27 174.05 339.75 292.38 1.57 1.64 3.93 -6.28 1.59 10.56 -3.06 0.94
Car 0.00 0 -5.86 260.48 177.34 450.34 242.62 1.55 1.68 4.23 -6.43 1.68 18.34 -6.20 0.91
Car 0.00 0 -2.32 0.00 167.13 85.57 374.00 1.65 1.65 3.64 -6.70 1.61 5.79 -3.18 0.87
Car 0.00 0 -2.88 336.38 170.88 483.57 228.80 1.79 1.74 4.24 -6.37 1.73 23.13 -3.15 0.87
Car 0.00 0 -5.57 0.00 184.45 258.66 337.50 1.48 1.56 3.90 -6.27 1.63 8.00 -6.23 0.84
Car 0.00 0 -3.04 417.26 179.42 513.98 218.12 1.58 1.62 3.90 -6.14 1.87 30.79 -3.24 0.73
Car 0.00 0 -2.43 105.59 176.62 354.25 268.00 1.53 1.62 4.03 -7.08 1.61 13.45 -2.91 0.62
Car 0.00 0 -5.86 398.37 181.61 506.23 221.53 1.48 1.55 3.84 -6.21 1.84 28.35 -6.08 0.50
Car 0.00 0 -4.96 531.45 176.78 566.07 197.53 1.58 1.75 4.34 -5.01 1.91 58.22 -5.05 0.39
Pedestrian 0.00 0 -5.94 639.14 176.16 654.55 204.88 1.74 0.71 0.75 2.24 1.95 44.41 -5.89 0.37
Car 0.00 0 -7.72 777.83 160.31 809.23 185.84 1.64 1.54 3.86 12.34 0.84 48.49 -7.47 0.36
Car 0.00 0 -4.91 625.57 174.51 653.86 195.18 1.64 1.61 3.82 2.40 1.78 59.65 -4.87 0.34
Car 0.00 0 -7.96 646.29 180.45 686.98 212.26 1.49 1.63 4.02 2.79 1.90 36.74 -7.88 0.30
Car 0.00 0 -2.97 439.66 177.10 520.02 206.68 1.60 1.70 4.16 -7.21 1.84 40.04 -3.15 0.21
Car 0.00 0 -7.78 252.59 181.35 281.29 202.99 1.58 1.75 3.89 -26.85 2.27 56.50 -8.22 0.21
Pedestrian 0.00 0 -3.72 522.00 174.62 542.10 207.23 1.75 0.56 0.93 -4.28 1.85 39.26 -3.83 0.20
Car 0.00 0 -7.75 509.81 174.89 539.12 199.99 1.68 1.65 3.99 -5.99 1.83 50.59 -7.87 0.20
Car 0.00 0 -5.78 378.85 182.93 492.43 226.44 1.45 1.52 3.66 -6.25 1.82 25.75 -6.02 0.19
Car 0.00 0 -7.90 950.80 166.39 992.51 203.23 1.54 1.51 3.09 15.90 1.27 31.91 -7.43 0.17
Car 0.00 0 -6.40 729.82 177.84 826.22 210.61 1.46 1.64 4.18 7.68 1.70 33.46 -6.18 0.15
Pedestrian 0.00 0 -7.92 861.39 170.59 879.95 221.34 1.83 0.59 0.69 9.50 1.75 26.43 -7.58 0.14
Pedestrian 0.00 0 -4.87 757.33 159.42 773.59 200.46 2.06 0.72 0.56 7.81 1.38 36.44 -4.66 0.14
Cyclist 0.00 0 -8.73 736.66 175.79 774.27 216.42 1.71 0.53 1.64 6.24 1.84 31.23 -8.53 0.13
Pedestrian 0.00 0 -3.11 190.07 158.51 209.62 238.52 1.85 0.51 0.39 -9.72 1.52 17.02 -3.63 0.13
Pedestrian 0.00 0 -6.18 1225.02 161.83 1241.00 298.99 1.87 0.53 0.99 9.48 1.72 10.37 -5.44 0.13
Cyclist 0.00 0 -6.53 878.42 160.96 927.60 205.69 1.84 0.78 1.77 12.22 1.35 30.23 -6.15 0.12
Pedestrian 0.00 0 -6.79 513.76 179.02 528.30 206.00 1.60 0.59 0.67 -5.40 1.98 43.49 -6.91 0.12
Cyclist 0.00 0 -6.57 785.75 169.90 835.28 216.69 1.79 0.62 1.75 7.72 1.68 27.96 -6.30 0.12
Car 0.00 0 -6.33 746.22 164.95 802.79 185.31 1.57 1.65 4.28 12.91 0.96 56.95 -6.10 0.11
