Car 0.00 0 -7.18 0.00 197.94 241.37 375.00 1.51 1.57 3.86 -4.36 1.64 5.08 -7.89 0.98
Car 0.00 0 -7.46 213.86 185.43 396.99 283.71 1.49 1.62 3.86 -5.21 1.50 12.84 -7.84 0.97
Car 0.00 0 -7.27 0.00 189.55 217.78 283.77 1.44 1.55 3.64 -8.83 1.53 12.97 -7.87 0.92
Car 0.00 0 -7.86 574.70 175.12 614.08 211.67 1.53 1.65 3.53 -0.65 1.11 31.97 -7.88 0.89
Car 0.00 0 -7.59 353.36 182.04 414.36 219.11 1.39 1.50 3.27 -8.85 1.27 28.51 -7.89 0.85
Car 0.00 0 -7.36 167.09 182.50 284.20 232.70 1.44 1.56 3.93 -11.91 1.36 22.61 -7.84 0.84
Car 0.00 0 -4.10 0.00 179.96 47.40 211.29 1.46 1.64 3.76 -29.78 1.21 35.39 -4.80 0.77
Car 0.00 0 -7.81 501.74 177.52 532.82 204.75 1.45 1.56 3.56 -5.03 1.04 40.04 -7.93 0.28
Car 0.00 0 -4.66 271.48 167.57 308.77 195.92 1.42 1.58 4.19 -16.85 0.54 38.19 -5.07 0.27
Car 0.00 0 -7.45 275.16 176.04 381.65 235.41 1.65 1.62 3.93 -8.43 1.39 21.94 -7.82 0.22
Pedestrian 0.00 0 -4.26 401.59 169.10 439.84 241.31 1.85 0.62 0.95 -4.96 1.44 18.94 -4.51 0.18
Pedestrian 0.00 0 -7.73 751.91 166.24 771.62 214.17 1.83 0.67 0.69 5.95 1.11 27.94 -7.52 0.17
Pedestrian 0.00 0 -4.63 480.53 169.02 502.78 228.05 1.85 0.63 0.93 -3.75 1.34 22.98 -4.79 0.17
Car 0.00 0 -7.79 517.61 174.61 544.07 198.71 1.68 1.63 4.06 -5.55 0.94 52.07 -7.89 0.14
Pedestrian 0.00 0 -3.50 980.17 158.17 1009.69 246.31 1.82 0.52 0.39 8.08 1.26 15.09 -3.01 0.14
Pedestrian 0.00 0 -7.45 400.37 167.34 421.69 208.40 1.95 0.69 0.91 -9.50 1.10 34.61 -7.71 0.13
Cyclist 0.00 0 -2.91 0.00 174.78 71.39 236.46 1.71 0.68 1.79 -16.63 1.42 20.64 -3.58 0.11
Pedestrian 0.00 0 -4.12 706.07 198.16 734.67 252.93 1.19 0.43 0.49 2.48 1.49 16.12 -3.97 0.10
