Cyclist 0.00 0 -8.20 947.44 146.19 1051.07 300.14 1.97 0.63 2.01 5.42 1.63 10.29 -7.72 0.76
Car 0.00 0 -7.95 576.71 182.37 623.55 219.37 1.48 1.67 4.24 -0.55 1.93 32.17 -7.97 0.53
Car 0.00 0 -7.81 655.67 180.24 678.87 200.69 1.56 1.71 4.21 4.67 2.18 58.74 -7.73 0.45
Pedestrian 0.00 0 -7.42 1227.94 158.64 1241.00 282.24 1.82 0.64 0.84 10.04 1.61 11.05 -6.68 0.30
Car 0.00 0 -4.79 1134.53 163.92 1167.02 185.96 1.61 1.66 4.13 41.06 0.96 54.88 -4.15 0.27
Cyclist 0.00 0 -8.25 936.74 174.82 981.15 242.96 1.66 0.42 1.65 8.86 1.71 18.46 -7.80 0.25
Pedestrian 0.00 0 -4.60 374.21 187.72 489.18 374.00 1.74 0.60 0.58 -1.08 1.83 4.25 -4.85 0.24
Car 0.00 0 -7.60 386.31 188.96 426.14 213.23 1.47 1.62 4.00 -13.62 2.59 48.32 -7.87 0.22
Pedestrian 0.00 0 -6.00 1076.98 160.70 1123.55 248.29 1.89 0.67 0.70 10.87 1.63 16.07 -5.41 0.17
Pedestrian 0.00 0 -6.48 1116.55 167.51 1181.30 273.28 1.73 0.63 0.77 9.08 1.64 12.25 -5.84 0.15
Car 0.00 0 -3.14 494.76 187.47 648.34 241.15 1.48 1.61 4.37 -1.17 1.94 21.35 -3.19 0.14
Car 0.00 0 -8.62 812.89 156.17 862.65 179.60 1.93 1.67 4.09 19.35 0.55 61.53 -8.32 0.11
