Car 0.00 0 -7.78 529.95 172.65 559.82 197.28 1.49 1.61 4.11 -3.78 1.02 44.94 -7.87 0.70
Car 0.00 0 -3.56 866.43 149.07 977.38 184.10 1.48 1.61 4.08 13.63 0.15 30.59 -3.14 0.67
Cyclist 0.00 0 -6.33 615.32 166.38 641.53 191.65 1.77 0.55 1.82 1.65 0.78 49.81 -6.30 0.65
Pedestrian 0.00 0 -6.53 588.20 168.77 602.04 193.41 1.76 0.52 0.89 -0.71 0.92 50.75 -6.54 0.50
Car 0.00 0 -2.91 413.01 176.89 474.80 198.54 1.51 1.67 4.00 -11.38 1.26 50.11 -3.14 0.35
Pedestrian 0.00 0 -3.27 1013.66 164.67 1118.23 329.53 1.48 0.46 0.78 4.30 1.34 6.72 -2.70 0.32
Pedestrian 0.00 0 -3.11 988.25 141.14 1024.21 207.32 1.79 0.59 0.85 11.09 0.73 19.60 -2.60 0.32
Pedestrian 0.00 0 -6.37 527.31 167.12 538.79 192.62 1.82 0.60 0.77 -5.17 0.87 50.79 -6.47 0.30
Cyclist 0.00 0 -7.92 426.66 176.39 431.49 194.14 1.63 0.34 1.59 -16.34 1.25 65.75 -8.16 0.30
Car 0.00 0 -2.43 222.58 181.51 379.93 237.48 1.61 1.71 4.43 -9.41 1.64 21.86 -2.84 0.30
Pedestrian 0.00 0 -5.50 927.47 138.86 960.81 195.77 1.82 0.64 0.75 11.03 0.49 23.08 -5.05 0.29
Cyclist 0.00 0 -5.97 215.10 177.24 255.21 212.94 1.78 0.60 1.69 -18.67 1.62 35.69 -6.45 0.27
Pedestrian 0.00 0 -4.68 1118.44 147.04 1195.25 332.98 1.58 0.53 0.66 4.96 1.30 6.42 -4.02 0.25
Car 0.00 0 -7.99 561.22 170.47 588.61 191.43 1.54 1.58 3.77 -2.32 0.80 53.94 -8.03 0.25
Pedestrian 0.00 0 -6.68 1193.95 102.59 1223.00 369.00 1.83 0.63 1.02 4.41 1.40 4.44 -5.90 0.24
Pedestrian 0.00 0 -5.83 400.26 173.92 417.73 206.73 1.78 0.64 0.71 -10.75 1.43 38.76 -6.10 0.23
Pedestrian 0.00 0 -8.85 800.31 149.62 820.79 187.08 1.93 0.67 0.79 10.74 0.34 36.99 -8.57 0.20
Pedestrian 0.00 0 -3.03 747.13 158.24 760.54 185.12 1.90 0.55 0.88 10.63 0.33 50.44 -2.83 0.17
Pedestrian 0.00 0 -3.10 1110.72 129.75 1138.37 188.05 1.89 0.68 0.71 17.18 0.25 23.42 -2.47 0.17
Car 0.00 0 -8.44 1158.99 144.41 1223.00 179.05 1.42 1.62 4.13 26.82 -0.07 31.39 -7.73 0.17
Car 0.00 0 -4.29 0.00 191.06 124.94 245.19 1.50 1.61 4.19 -17.24 1.87 22.66 -4.94 0.17
Cyclist 0.00 0 -4.84 488.79 168.44 501.72 202.63 1.75 0.49 1.48 -5.74 1.13 36.88 -4.99 0.16
Car 0.00 0 -7.89 980.67 153.44 1014.01 179.55 1.46 1.59 3.74 23.12 -0.06 41.76 -7.38 0.16
Pedestrian 0.00 0 -8.24 1219.40 128.76 1223.00 235.73 1.67 0.57 0.66 10.44 0.87 11.47 -7.50 0.15
Cyclist 0.00 0 -8.07 505.40 171.28 515.00 194.50 1.67 0.37 1.53 -6.93 1.01 51.72 -8.20 0.14
Pedestrian 0.00 0 -6.75 515.12 168.60 529.45 192.70 1.92 0.46 1.05 -6.64 0.97 56.89 -6.87 0.13
Pedestrian 0.00 0 -6.93 383.59 172.45 394.95 197.72 1.82 0.64 0.51 -15.69 1.24 51.43 -7.23 0.12
Car 0.00 0 -4.72 1047.59 145.91 1087.71 177.39 1.45 1.59 3.74 22.86 -0.16 35.00 -4.14 0.11
Pedestrian 0.00 0 -3.88 1123.36 142.30 1143.42 179.66 1.75 0.62 0.47 25.02 -0.04 33.51 -3.24 0.10
Pedestrian 0.00 0 -8.02 1018.17 147.43 1035.84 180.67 1.71 0.68 0.68 21.93 0.01 36.77 -7.49 0.10
Pedestrian 0.00 0 -5.07 859.31 146.37 883.23 191.93 1.80 0.64 0.83 10.63 0.45 28.31 -4.72 0.10
Pedestrian 0.00 0 -6.11 533.48 162.91 574.45 250.33 1.75 0.49 0.77 -1.08 1.40 14.46 -6.19 0.10
