Car 0.00 0 -5.10 750.94 187.68 1166.34 374.00 1.49 1.67 3.78 2.39 1.66 6.18 -4.73 0.97
Car 0.00 0 -4.06 464.78 180.17 673.18 278.41 1.51 1.64 4.33 -0.64 1.67 13.68 -4.11 0.95
Cyclist 0.00 0 -6.56 818.12 168.04 855.38 203.62 1.84 0.70 1.73 11.79 1.59 37.65 -6.26 0.38
Pedestrian 0.00 0 -3.76 795.24 161.30 826.98 217.73 1.93 0.58 0.90 6.95 1.54 25.11 -3.49 0.23
Pedestrian 0.00 0 -7.63 793.54 166.21 810.00 205.97 1.87 0.64 0.60 9.09 1.56 34.35 -7.38 0.20
Pedestrian 0.00 0 -4.52 49.60 162.78 118.64 302.20 1.82 0.62 0.86 -7.29 1.69 9.96 -5.15 0.20
Pedestrian 0.00 0 -6.73 880.44 170.88 894.33 204.89 1.75 0.59 0.46 14.32 1.65 37.35 -6.36 0.19
Cyclist 0.00 0 -2.50 329.84 174.64 363.00 207.49 1.80 0.63 1.70 -14.73 1.91 40.24 -2.85 0.18
Pedestrian 0.00 0 -8.11 1133.62 159.99 1164.66 216.61 1.72 0.61 0.72 16.63 1.33 22.33 -7.47 0.16
Pedestrian 0.00 0 -5.18 1198.05 153.10 1227.15 199.68 1.95 0.68 0.76 25.50 1.12 30.59 -4.48 0.16
Pedestrian 0.00 0 -2.66 110.83 181.35 175.21 281.63 1.69 0.63 0.73 -8.19 1.85 12.59 -3.24 0.15
Pedestrian 0.00 0 -7.85 460.93 164.93 473.74 206.20 1.97 0.60 0.62 -6.92 1.59 34.80 -8.05 0.14
Pedestrian 0.00 0 -7.21 314.15 178.58 331.41 214.22 1.71 0.60 0.50 -13.99 1.99 35.05 -7.59 0.14
Cyclist 0.00 0 -6.25 503.49 174.73 535.16 208.86 1.84 0.68 1.69 -4.97 1.94 39.30 -6.37 0.13
Pedestrian 0.00 0 -3.84 0.00 166.03 12.13 284.66 1.79 0.59 0.83 -10.12 1.69 11.36 -4.57 0.12
Pedestrian 0.00 0 -4.84 484.91 178.39 495.77 210.52 1.65 0.52 0.29 -6.24 1.94 37.38 -5.01 0.12
Pedestrian 0.00 0 -7.70 449.62 168.66 461.40 203.52 1.90 0.58 0.39 -8.50 1.67 39.53 -7.91 0.10
Pedestrian 0.00 0 -4.77 1031.23 154.05 1054.47 208.94 1.89 0.66 0.77 15.19 1.25 25.40 -4.23 0.10
