Car 0.00 0 -8.22 612.86 177.75 748.77 266.50 1.61 1.64 3.59 1.30 1.72 15.24 -8.14 0.96
Car 0.00 0 -3.59 982.13 182.92 1241.00 350.43 1.50 1.62 3.61 6.15 1.62 7.77 -2.92 0.96
Car 0.00 0 -8.05 530.81 182.00 585.56 220.20 1.42 1.59 3.54 -2.23 1.82 29.67 -8.12 0.94
Cyclist 0.00 0 -4.67 377.66 180.20 407.46 259.12 1.71 0.59 1.80 -5.07 1.89 16.72 -4.97 0.91
Car 0.00 0 -3.77 475.83 180.58 537.07 206.03 1.47 1.50 3.53 -6.38 1.96 44.45 -3.92 0.55
Car 0.00 0 -7.17 632.21 177.40 684.34 202.83 1.49 1.48 3.29 2.98 1.78 44.63 -7.11 0.50
Car 0.00 0 -7.05 582.25 177.27 646.41 205.85 1.55 1.61 3.59 0.24 1.82 41.60 -7.05 0.44
Car 0.00 0 -7.19 683.79 175.21 731.53 198.72 1.51 1.49 3.24 6.53 1.67 48.29 -7.06 0.38
Car 0.00 0 -4.27 771.09 174.16 805.00 190.66 1.51 1.60 3.89 16.86 1.64 68.31 -4.03 0.32
Car 0.00 0 -3.15 766.25 172.11 838.08 196.93 1.48 1.64 4.19 11.75 1.44 44.38 -2.89 0.28
Cyclist 0.00 0 -4.22 704.25 174.06 734.71 222.26 1.73 0.49 1.45 4.00 1.77 26.62 -4.07 0.23
Pedestrian 0.00 0 -3.65 0.00 213.88 42.66 301.19 1.16 0.34 0.38 -8.26 1.74 10.03 -4.34 0.17
Cyclist 0.00 0 -3.10 736.78 165.63 771.93 201.80 1.91 0.65 1.83 7.71 1.53 38.71 -2.91 0.13
Pedestrian 0.00 0 -5.22 328.16 172.38 346.04 207.39 1.97 0.73 0.65 -15.53 1.94 40.98 -5.58 0.12
