Car 0.00 0 -8.24 778.27 180.34 1051.80 348.74 1.47 1.56 3.55 3.11 1.58 8.26 -7.88 0.97
Car 0.00 0 -4.30 132.40 182.46 348.70 298.69 1.50 1.61 3.96 -5.73 1.69 11.68 -4.76 0.96
Car 0.00 0 -4.07 0.00 190.61 210.36 374.00 1.50 1.51 3.34 -5.64 1.72 7.11 -4.74 0.95
Car 0.00 0 -5.18 469.14 176.94 526.02 204.43 1.41 1.56 3.78 -6.26 1.65 39.69 -5.33 0.89
Car 0.00 0 -8.74 965.17 189.27 1241.00 374.00 1.53 1.63 4.20 3.16 1.64 2.70 -7.87 0.85
Pedestrian 0.00 0 -5.64 666.72 168.34 689.80 205.49 1.77 0.64 0.91 3.26 1.55 34.88 -5.54 0.56
Car 0.00 0 -4.41 203.88 176.40 282.76 219.67 1.59 1.67 4.10 -14.70 1.75 29.08 -4.87 0.56
Car 0.00 0 -3.70 558.56 173.64 616.64 194.30 1.50 1.66 4.13 -1.70 1.56 54.44 -3.73 0.54
Car 0.00 0 -3.50 668.02 168.59 727.08 189.01 1.60 1.65 4.41 6.99 1.27 57.88 -3.38 0.49
Pedestrian 0.00 0 -4.27 877.69 159.97 912.29 229.01 1.81 0.62 0.71 7.62 1.47 19.41 -3.90 0.36
Car 0.00 0 -2.25 350.57 177.77 416.71 201.92 1.43 1.67 4.24 -14.29 1.75 45.37 -2.56 0.31
Pedestrian 0.00 0 -3.16 433.19 172.44 448.56 206.58 1.71 0.59 0.75 -8.58 1.69 36.42 -3.39 0.26
Car 0.00 0 -4.20 107.61 183.02 266.55 256.13 1.51 1.58 3.89 -10.02 1.78 17.37 -4.72 0.19
Car 0.00 0 -4.94 560.94 173.03 601.65 200.97 1.58 1.61 3.73 -1.78 1.59 42.82 -4.98 0.17
Car 0.00 0 -5.09 724.52 167.65 795.32 207.15 1.66 1.69 4.11 6.61 1.44 32.42 -4.89 0.16
Car 0.00 0 -7.54 272.10 179.84 342.69 220.56 1.44 1.52 3.41 -11.64 1.73 27.85 -7.93 0.15
Car 0.00 0 -4.96 337.81 176.36 385.90 204.73 1.54 1.66 4.18 -14.53 1.76 42.02 -5.30 0.14
Pedestrian 0.00 0 -4.15 932.30 157.58 959.81 211.62 1.86 0.62 0.66 11.75 1.34 25.33 -3.72 0.13
Pedestrian 0.00 0 -3.92 724.18 168.96 738.94 202.27 1.72 0.53 0.55 6.32 1.52 37.71 -3.76 0.13
Car 0.00 0 -6.14 516.64 179.47 566.21 195.93 1.50 1.60 4.43 -6.41 2.13 67.50 -6.23 0.12
Pedestrian 0.00 0 -8.31 948.94 156.54 972.89 201.18 1.98 0.81 0.52 15.63 1.26 32.22 -7.86 0.11
