Car 0.00 0 -4.35 201.10 189.54 451.69 361.68 1.52 1.55 3.42 -3.08 1.76 8.44 -4.70 0.96
Car 0.00 0 -8.16 760.32 176.45 953.27 304.51 1.60 1.67 3.72 3.45 1.66 10.98 -7.85 0.95
Car 0.00 0 -7.95 696.36 182.14 757.94 231.96 1.43 1.59 4.07 3.70 1.77 23.63 -7.79 0.93
Car 0.00 0 -8.34 916.52 189.09 1241.00 374.00 1.49 1.59 3.83 3.84 1.67 5.77 -7.75 0.86
Car 0.00 0 -4.94 720.82 183.37 822.56 252.45 1.45 1.58 3.82 3.78 1.74 17.67 -4.73 0.78
Car 0.00 0 -4.74 552.14 179.17 580.98 206.64 1.47 1.53 3.37 -2.54 1.85 41.16 -4.81 0.75
Car 0.00 0 -7.90 668.80 176.92 701.31 207.13 1.59 1.64 3.73 4.12 1.83 40.35 -7.79 0.56
Car 0.00 0 -7.75 502.05 183.34 560.90 229.12 1.44 1.66 4.02 -2.75 1.84 25.61 -7.85 0.31
Car 0.00 0 -7.94 689.61 181.28 737.52 221.79 1.48 1.58 3.45 4.04 1.84 28.82 -7.81 0.26
Car 0.00 0 -8.04 674.37 180.19 721.34 212.84 1.48 1.62 3.70 4.23 1.86 35.54 -7.92 0.25
Car 0.00 0 -7.38 779.52 162.10 828.94 188.56 1.54 1.51 3.43 11.81 0.92 43.88 -7.12 0.23
Pedestrian 0.00 0 -4.82 857.89 152.23 873.58 187.65 1.85 0.70 0.79 13.45 0.77 38.05 -4.48 0.22
Car 0.00 0 -7.10 766.14 156.77 834.89 182.96 1.65 1.70 4.56 12.48 0.64 47.30 -6.84 0.20
Car 0.00 0 -7.96 658.72 176.69 690.36 202.91 1.57 1.58 3.84 4.02 1.83 45.75 -7.88 0.17
Pedestrian 0.00 0 -4.55 171.00 162.35 228.84 299.38 1.89 0.61 0.77 -5.94 1.74 10.39 -5.07 0.15
Pedestrian 0.00 0 -8.18 868.00 172.79 904.43 242.34 1.71 0.74 0.47 6.82 1.71 17.97 -7.82 0.15
Pedestrian 0.00 0 -3.83 756.67 163.31 772.52 194.58 1.90 0.61 0.74 9.47 1.32 44.34 -3.62 0.13
Car 0.00 0 -8.45 1085.02 185.49 1241.00 374.00 1.45 1.66 4.42 7.12 1.63 7.81 -7.71 0.12
Car 0.00 0 -7.73 465.68 169.51 551.14 244.69 1.83 1.76 4.40 -2.70 1.75 19.79 -7.86 0.11
Pedestrian 0.00 0 -4.12 1045.06 166.00 1094.34 250.18 1.86 0.61 0.78 10.36 1.71 16.35 -3.56 0.11
Pedestrian 0.00 0 -5.81 253.94 170.37 306.43 278.70 1.80 0.59 0.61 -5.67 1.76 12.31 -6.24 0.10
Cyclist 0.00 0 -8.17 664.31 175.05 685.99 212.38 1.75 0.56 1.65 3.08 1.85 34.70 -8.08 0.10
