Pedestrian 0.00 0 -5.29 218.30 184.20 276.01 279.73 1.62 0.55 0.82 -6.28 1.67 12.66 -5.75 0.68
Pedestrian 0.00 0 -3.32 356.36 184.70 382.20 266.32 1.57 0.50 0.40 -4.61 1.63 14.15 -3.63 0.50
Pedestrian 0.00 0 -6.37 770.72 151.98 834.80 269.12 1.81 0.66 0.93 3.17 1.36 11.53 -6.10 0.48
Pedestrian 0.00 0 -7.09 847.82 164.90 902.04 253.59 1.62 0.60 0.76 5.11 1.32 13.53 -6.73 0.36
Pedestrian 0.00 0 -6.77 740.64 155.88 818.65 289.36 1.76 0.73 0.80 2.41 1.43 9.94 -6.53 0.30
Cyclist 0.00 0 -3.17 1044.71 133.52 1201.54 259.20 1.83 0.68 1.94 8.05 1.13 11.25 -2.55 0.25
Pedestrian 0.00 0 -6.38 965.16 171.69 1016.77 288.65 1.47 0.58 0.54 5.05 1.35 9.42 -5.89 0.19
Cyclist 0.00 0 -5.91 263.75 173.69 440.05 332.03 1.72 0.59 1.79 -2.83 1.63 8.11 -6.25 0.17
Car 0.00 0 -8.16 511.95 162.01 582.32 208.52 1.74 1.65 4.11 -2.29 1.01 29.04 -8.24 0.17
Pedestrian 0.00 0 -3.71 872.47 163.72 935.65 263.87 1.62 0.58 0.78 4.98 1.33 11.94 -3.31 0.15
Pedestrian 0.00 0 -8.42 741.99 153.19 762.83 199.13 1.91 0.65 0.57 6.34 0.73 30.25 -8.21 0.13
Car 0.00 0 -7.91 375.30 183.98 423.76 224.56 1.48 1.61 3.82 -8.08 1.59 28.51 -8.19 0.12
Pedestrian 0.00 0 -5.40 815.71 157.77 838.87 207.21 1.87 0.59 0.62 8.65 0.97 27.57 -5.10 0.11
Car 0.00 0 -7.74 884.73 164.51 999.25 251.45 1.49 1.64 4.04 6.91 1.20 14.43 -7.30 0.10
Pedestrian 0.00 0 -5.84 737.61 144.05 803.99 275.02 1.90 0.68 0.76 2.53 1.36 10.91 -5.61 0.10
