Car 0.00 0 -4.55 556.85 202.42 597.86 236.20 1.49 1.55 3.56 -1.66 3.07 36.83 -4.60 0.80
Cyclist 0.00 0 -7.29 431.20 203.68 487.94 270.13 1.59 0.62 1.79 -4.00 2.45 19.09 -7.50 0.37
Cyclist 0.00 0 -4.65 917.25 171.05 960.67 267.17 1.88 0.72 1.84 6.83 1.84 15.06 -4.23 0.36
Pedestrian 0.00 0 -6.05 455.40 189.90 474.70 247.91 2.02 0.77 0.51 -5.20 2.63 25.71 -6.25 0.35
Pedestrian 0.00 0 -4.19 998.94 178.85 1033.77 242.87 1.76 0.59 0.70 11.44 1.94 20.40 -3.68 0.28
Cyclist 0.00 0 -4.73 706.55 189.80 715.34 218.77 1.66 0.50 1.72 6.03 2.70 43.37 -4.59 0.25
Car 0.00 0 -9.19 1030.96 188.40 1238.98 262.27 1.52 1.70 3.85 12.73 1.95 17.75 -8.57 0.24
Pedestrian 0.00 0 -5.64 1149.09 192.63 1175.84 234.88 1.36 0.43 0.55 18.19 2.02 23.82 -4.99 0.22
Pedestrian 0.00 0 -8.39 716.13 194.73 737.76 236.98 1.77 0.66 0.68 4.99 2.72 31.03 -8.23 0.22
Pedestrian 0.00 0 -8.14 749.33 185.23 774.19 242.47 1.86 0.65 0.65 4.98 2.27 23.91 -7.94 0.20
Pedestrian 0.00 0 -7.82 1144.12 180.46 1173.97 246.04 1.83 0.66 0.51 15.68 2.06 20.67 -7.17 0.19
Car 0.00 0 -6.79 837.34 191.30 922.56 223.46 1.52 1.65 3.69 13.56 2.48 36.44 -6.43 0.18
Cyclist 0.00 0 -6.29 502.66 206.63 545.17 247.42 1.69 0.60 1.79 -3.73 3.15 30.94 -6.42 0.18
Pedestrian 0.00 0 -4.66 1070.85 209.16 1181.29 374.00 1.60 0.58 0.66 3.44 1.87 4.88 -4.05 0.16
Car 0.00 0 -7.85 689.60 177.15 711.16 202.63 1.97 1.68 3.90 7.31 2.33 58.57 -7.73 0.16
Cyclist 0.00 0 -4.92 1084.21 185.99 1122.67 243.86 1.64 0.61 1.76 14.88 2.06 21.86 -4.32 0.15
Car 0.00 0 -3.60 0.00 194.09 124.90 374.00 1.68 1.73 4.40 -4.92 1.85 3.42 -4.56 0.14
Pedestrian 0.00 0 -4.01 870.77 169.43 893.61 211.72 1.95 0.66 0.77 12.69 1.79 33.74 -3.65 0.14
Cyclist 0.00 0 -7.60 471.61 195.70 496.70 243.38 1.76 0.55 1.78 -4.99 2.69 28.44 -7.77 0.14
Cyclist 0.00 0 -7.90 711.05 191.88 719.89 222.37 1.65 0.41 1.62 5.93 2.75 40.84 -7.76 0.14
Cyclist 0.00 0 -3.42 870.26 183.89 930.72 241.40 1.73 0.62 1.61 8.87 2.07 22.18 -3.04 0.14
Pedestrian 0.00 0 -4.58 1037.55 183.78 1062.96 244.55 1.63 0.52 0.61 12.06 1.93 19.84 -4.03 0.13
Car 0.00 0 -4.64 585.77 185.58 612.92 208.47 1.62 1.77 4.54 -0.81 2.66 56.10 -4.65 0.12
Pedestrian 0.00 0 -3.34 1015.46 174.02 1241.00 374.00 1.86 0.60 0.88 2.66 1.87 3.87 -2.74 0.12
Pedestrian 0.00 0 -4.94 711.61 180.15 732.05 226.42 2.06 0.74 0.84 5.03 2.40 32.77 -4.79 0.11
Pedestrian 0.00 0 -4.20 707.40 181.87 722.12 227.12 2.15 0.56 0.43 5.00 2.59 34.71 -4.06 0.10
