Pedestrian 0.00 0 -5.27 889.92 151.89 983.77 294.89 1.77 0.72 0.93 4.31 1.40 9.38 -4.84 0.83
Cyclist 0.00 0 -4.38 205.63 153.17 376.58 373.00 1.79 0.56 1.67 -2.08 1.63 4.92 -4.78 0.80
Cyclist 0.00 0 -3.76 0.00 110.34 59.31 373.00 1.82 0.57 1.79 -2.66 1.70 2.13 -4.65 0.73
Car 0.00 0 -4.69 604.08 167.37 637.48 197.71 1.46 1.61 3.99 1.01 0.78 36.54 -4.67 0.69
Pedestrian 0.00 0 -8.09 761.81 152.53 797.33 227.95 1.81 0.69 0.77 4.33 1.12 17.63 -7.84 0.47
Car 0.00 0 -4.57 424.04 174.52 478.00 214.67 1.41 1.50 3.41 -5.59 1.16 26.92 -4.77 0.45
Pedestrian 0.00 0 -8.06 531.73 164.97 546.90 196.53 1.72 0.72 0.61 -3.43 0.82 39.63 -8.15 0.36
Pedestrian 0.00 0 -8.45 717.72 158.60 736.50 195.85 1.85 0.63 0.73 6.30 0.71 36.07 -8.28 0.34
Car 0.00 0 -6.64 1009.04 170.66 1237.00 284.15 1.44 1.60 4.13 8.44 1.30 10.52 -5.96 0.30
Pedestrian 0.00 0 -7.63 597.97 162.59 609.33 188.93 1.76 0.60 0.80 0.16 0.50 48.39 -7.63 0.29
Pedestrian 0.00 0 -7.74 515.19 166.32 532.84 207.14 1.64 0.65 0.52 -3.15 1.03 29.10 -7.84 0.28
Car 0.00 0 -5.33 1169.35 197.14 1237.00 373.00 1.34 1.55 3.60 5.59 1.49 4.79 -4.47 0.27
Pedestrian 0.00 0 -7.52 504.94 166.67 522.16 204.59 1.67 0.59 0.61 -3.92 1.02 31.99 -7.64 0.26
Car 0.00 0 -7.84 666.78 168.09 704.39 201.70 1.45 1.62 3.65 3.87 0.88 33.00 -7.73 0.26
Pedestrian 0.00 0 -7.97 865.73 156.46 887.70 205.75 1.81 0.69 0.70 10.23 0.89 26.75 -7.60 0.25
Cyclist 0.00 0 -7.68 578.98 168.00 590.95 194.59 1.57 0.45 1.58 -0.98 0.77 43.10 -7.70 0.25
Pedestrian 0.00 0 -4.21 733.40 156.72 752.64 192.78 1.86 0.63 0.91 7.42 0.58 37.64 -4.02 0.24
Car 0.00 0 -7.97 559.02 166.31 590.31 189.75 1.49 1.60 4.05 -1.81 0.52 47.78 -8.01 0.23
Car 0.00 0 -7.85 631.50 168.04 668.30 202.20 1.48 1.60 3.66 2.22 0.90 33.05 -7.78 0.19
Car 0.00 0 -4.17 899.10 167.55 1077.79 249.40 1.44 1.48 3.57 7.62 1.19 14.15 -3.68 0.18
Car 0.00 0 -7.88 772.99 165.29 965.13 373.20 1.61 1.45 2.95 2.52 1.49 7.19 -7.55 0.17
Pedestrian 0.00 0 -3.52 567.01 161.74 586.59 195.45 1.82 0.62 0.91 -1.35 0.75 39.28 -3.55 0.17
Cyclist 0.00 0 -2.95 548.53 165.94 579.50 194.69 1.72 0.63 1.79 -2.26 0.79 43.51 -3.00 0.16
Pedestrian 0.00 0 -5.79 56.94 154.07 134.00 287.91 1.81 0.65 0.66 -7.13 1.44 10.08 -6.40 0.15
Pedestrian 0.00 0 -4.30 243.02 169.21 290.84 259.74 1.63 0.58 0.69 -6.22 1.41 13.30 -4.74 0.15
Cyclist 0.00 0 -7.68 375.31 166.08 397.52 216.86 1.62 0.44 1.60 -7.14 1.13 23.80 -7.97 0.13
Pedestrian 0.00 0 -7.40 704.22 164.35 749.39 247.44 1.66 0.61 0.88 2.57 1.32 14.92 -7.23 0.13
Pedestrian 0.00 0 -5.65 0.00 121.35 22.09 373.00 1.90 0.59 0.67 -4.64 1.51 4.99 -6.40 0.13
Pedestrian 0.00 0 -2.86 646.61 160.91 662.23 189.58 1.88 0.62 0.90 3.53 0.53 47.66 -2.79 0.13
Pedestrian 0.00 0 -3.98 882.76 143.42 944.03 256.08 1.91 0.62 0.78 5.43 1.26 12.61 -3.57 0.13
Pedestrian 0.00 0 -4.66 749.62 156.20 763.95 196.21 1.88 0.63 0.59 7.38 0.69 34.14 -4.44 0.12
Pedestrian 0.00 0 -5.72 582.30 159.33 601.54 192.86 1.84 0.62 0.87 -0.53 0.62 39.94 -5.74 0.12
Pedestrian 0.00 0 -4.40 37.03 206.62 135.48 373.00 1.34 0.48 0.68 -4.31 1.56 5.97 -5.03 0.11
Pedestrian 0.00 0 -5.87 510.18 161.59 519.07 198.98 1.80 0.48 0.26 -4.22 0.84 34.82 -5.99 0.11
Pedestrian 0.00 0 -3.55 729.20 156.66 737.93 188.63 1.86 0.49 0.34 7.75 0.42 42.11 -3.37 0.10
Cyclist 0.00 0 -4.81 883.03 164.02 899.05 200.09 1.65 0.55 1.55 13.53 0.85 33.60 -4.42 0.10
