Car 0.00 0 -8.32 793.41 191.13 1237.46 374.00 1.52 1.68 3.56 2.85 1.72 6.12 -7.89 0.96
Car 0.00 0 -4.97 713.54 188.51 893.13 305.62 1.41 1.61 4.36 2.76 1.71 11.49 -4.73 0.94
Car 0.00 0 -4.87 668.24 180.36 732.66 224.47 1.39 1.61 4.05 3.06 1.67 25.46 -4.75 0.92
Car 0.00 0 -4.41 321.13 174.73 487.30 290.35 1.62 1.60 3.78 -3.29 1.66 12.11 -4.68 0.91
Car 0.00 0 -4.24 0.00 188.54 435.51 374.00 1.50 1.71 4.68 -3.01 1.69 6.13 -4.69 0.90
Car 0.00 0 -7.89 651.20 175.97 677.85 200.30 1.46 1.55 3.68 3.38 1.66 45.62 -7.81 0.90
Car 0.00 0 -4.57 466.39 175.96 533.93 232.93 1.51 1.48 3.21 -3.15 1.61 20.90 -4.72 0.89
Car 0.00 0 -4.61 504.22 174.39 556.89 217.76 1.56 1.62 4.10 -3.07 1.62 28.14 -4.72 0.73
Car 0.00 0 -8.06 636.31 173.06 670.54 196.97 1.63 1.63 4.07 3.02 1.64 51.32 -8.00 0.39
Car 0.00 0 -4.71 570.11 174.46 588.65 191.84 1.47 1.57 3.90 -2.70 1.61 63.28 -4.75 0.35
Car 0.00 0 -2.81 115.78 184.33 341.39 254.31 1.42 1.60 4.16 -8.40 1.69 16.11 -3.30 0.20
Cyclist 0.00 0 -7.96 718.33 174.14 728.59 205.00 1.61 0.38 1.52 6.00 1.68 38.45 -7.80 0.16
Cyclist 0.00 0 -4.01 208.80 152.25 303.19 268.51 1.92 0.59 1.63 -6.27 1.58 12.77 -4.47 0.14
Car 0.00 0 -5.47 1139.36 198.15 1241.00 374.00 1.39 1.54 4.01 6.60 1.67 6.15 -4.65 0.13
Pedestrian 0.00 0 -8.16 1194.84 158.40 1241.00 288.61 1.80 0.58 0.75 8.88 1.60 10.41 -7.46 0.12
Cyclist 0.00 0 -7.99 884.52 170.29 921.08 250.93 1.73 0.54 1.70 6.57 1.67 16.36 -7.61 0.11
Pedestrian 0.00 0 -4.36 716.59 167.93 727.77 201.66 1.87 0.49 0.45 6.24 1.60 40.33 -4.21 0.11
Car 0.00 0 -3.54 960.10 139.76 1043.65 167.24 1.55 1.67 3.95 22.83 -0.34 42.20 -3.04 0.11
Pedestrian 0.00 0 -5.41 913.93 160.57 941.94 220.09 2.01 0.65 0.59 10.83 1.59 24.70 -4.99 0.11
Car 0.00 0 -2.89 723.15 186.76 893.75 253.40 1.37 1.56 3.61 4.61 1.73 17.03 -2.63 0.10
Pedestrian 0.00 0 -7.34 0.00 158.10 27.54 295.44 1.65 0.63 0.59 -7.85 1.47 9.00 -8.06 0.10
