Pedestrian 0.00 0 -3.54 717.87 154.04 831.47 329.63 1.78 0.53 1.05 1.74 1.51 7.51 -3.31 0.51
Car 0.00 0 -7.72 662.85 150.35 699.11 177.49 1.49 1.64 3.62 4.46 -0.18 41.22 -7.62 0.24
Pedestrian 0.00 0 -4.53 215.21 163.55 260.66 255.36 1.76 0.66 0.87 -7.35 1.44 14.09 -5.01 0.21
Pedestrian 0.00 0 -4.92 984.76 209.76 1071.65 369.00 1.28 0.42 0.69 3.14 1.52 5.37 -4.39 0.21
Pedestrian 0.00 0 -4.38 855.06 160.35 909.18 265.90 1.71 0.64 0.76 4.63 1.38 11.92 -4.01 0.21
Cyclist 0.00 0 -5.96 659.17 161.93 748.37 250.67 1.74 0.53 1.73 1.97 1.38 14.47 -5.82 0.18
Pedestrian 0.00 0 -4.33 0.00 172.79 56.22 259.95 1.69 0.68 0.86 -11.66 1.54 14.20 -5.02 0.18
Pedestrian 0.00 0 -6.63 1109.33 153.29 1184.90 263.08 1.74 0.58 0.84 8.85 1.31 11.62 -5.98 0.17
Pedestrian 0.00 0 -5.06 771.62 165.45 822.17 264.23 1.67 0.63 0.74 3.29 1.41 12.33 -4.79 0.14
Cyclist 0.00 0 -4.40 49.72 162.53 124.63 266.79 1.78 0.63 1.68 -9.50 1.48 12.97 -5.03 0.13
Pedestrian 0.00 0 -3.15 1020.07 161.43 1077.37 267.79 1.69 0.59 0.78 7.26 1.39 11.66 -2.59 0.12
Cyclist 0.00 0 -8.04 950.17 169.81 1015.43 278.18 1.58 0.58 1.80 5.92 1.43 11.25 -7.56 0.12
Car 0.00 0 -5.53 0.00 181.99 119.10 225.97 1.52 1.67 4.31 -20.17 1.57 25.42 -6.20 0.12
Car 0.00 0 -8.69 1107.24 186.55 1223.00 369.00 1.46 1.57 3.53 5.25 1.52 4.61 -7.84 0.12
Pedestrian 0.00 0 -5.51 630.33 170.28 680.65 260.86 1.60 0.53 0.76 0.87 1.42 12.91 -5.45 0.11
Pedestrian 0.00 0 -3.92 1172.97 169.52 1223.00 261.78 1.53 0.57 0.62 10.14 1.35 12.00 -3.22 0.11
Pedestrian 0.00 0 -5.64 815.57 173.41 861.62 253.84 1.55 0.49 0.72 4.60 1.42 14.07 -5.32 0.10
