Pedestrian 0.00 0 -5.81 225.56 148.57 344.70 326.19 1.91 0.62 1.05 -3.61 1.57 7.92 -6.24 0.65
Cyclist 0.00 0 -7.68 112.91 163.82 164.36 262.18 1.75 0.54 1.72 -8.92 1.46 13.50 -8.27 0.23
Pedestrian 0.00 0 -5.01 837.92 169.81 871.03 234.54 1.59 0.57 0.81 6.23 1.33 17.80 -4.67 0.22
Pedestrian 0.00 0 -2.67 814.62 168.24 860.70 253.23 1.64 0.53 0.71 4.58 1.40 14.06 -2.36 0.22
Car 0.00 0 -7.93 662.25 146.62 696.02 175.38 1.57 1.66 3.75 4.27 -0.31 41.25 -7.83 0.20
Pedestrian 0.00 0 -4.92 991.83 218.31 1077.06 369.00 1.24 0.41 0.69 3.17 1.55 5.35 -4.39 0.19
Pedestrian 0.00 0 -3.28 1155.90 155.26 1223.00 261.87 1.77 0.58 0.91 10.08 1.35 12.20 -2.59 0.17
Car 0.00 0 -8.80 1101.91 187.36 1223.00 369.00 1.50 1.56 3.28 5.03 1.56 4.35 -7.94 0.16
Cyclist 0.00 0 -7.91 493.34 168.35 528.14 266.15 1.68 0.53 1.83 -1.81 1.47 13.08 -8.05 0.14
Pedestrian 0.00 0 -4.36 1003.18 164.98 1053.35 265.16 1.66 0.54 0.68 7.21 1.40 12.11 -3.82 0.12
Pedestrian 0.00 0 -3.99 852.74 158.10 915.87 266.32 1.76 0.62 0.80 4.67 1.40 11.95 -3.62 0.11
Car 0.00 0 -2.40 0.00 169.31 141.40 285.96 1.59 1.64 3.83 -9.37 1.44 10.49 -3.13 0.11
Pedestrian 0.00 0 -5.11 684.28 170.41 726.18 253.90 1.66 0.57 0.82 2.01 1.46 14.50 -4.97 0.11
Pedestrian 0.00 0 -4.90 944.32 166.00 994.43 269.62 1.63 0.60 0.74 5.91 1.41 11.59 -4.43 0.10
Pedestrian 0.00 0 -4.70 1081.28 152.09 1128.93 265.12 1.78 0.62 0.74 8.16 1.33 11.60 -4.09 0.10
