Car 0.00 0 -3.95 0.00 223.54 235.22 374.00 1.49 1.60 3.92 -2.90 1.80 2.38 -4.84 0.40
Car 0.00 0 -7.98 634.76 178.82 670.85 206.68 1.51 1.62 3.60 2.40 1.87 41.75 -7.93 0.21
Pedestrian 0.00 0 -4.86 1115.98 169.82 1138.57 211.81 1.77 0.68 0.77 22.08 1.64 30.87 -4.24 0.20
Car 0.00 0 -8.03 688.36 179.21 730.40 208.46 1.48 1.60 3.94 5.32 1.84 39.32 -7.89 0.15
Car 0.00 0 -4.97 888.90 178.71 945.92 212.15 1.48 1.57 3.96 14.68 1.78 34.74 -4.57 0.15
Car 0.00 0 -5.83 1101.96 172.67 1227.14 211.78 1.57 1.66 3.95 23.75 1.56 31.11 -5.18 0.12
Car 0.00 0 -3.15 585.07 180.34 737.75 234.54 1.51 1.67 4.32 1.45 1.74 21.29 -3.08 0.12
Cyclist 0.00 0 -7.74 957.48 167.96 972.70 207.02 1.78 0.45 1.75 16.58 1.56 33.75 -7.28 0.12
Pedestrian 0.00 0 -2.55 483.97 204.34 618.82 374.00 1.62 0.57 0.63 -0.41 1.84 4.49 -2.65 0.11
Car 0.00 0 -5.12 745.00 178.76 793.97 201.89 1.47 1.70 4.28 10.81 1.89 49.34 -4.90 0.11
