Car 0.00 0 -7.46 18.37 184.88 422.14 374.00 1.51 1.62 3.80 -2.95 1.65 6.35 -7.89 0.97
Car 0.00 0 -8.00 692.90 177.02 793.93 268.37 1.56 1.49 2.66 2.41 1.65 13.81 -7.83 0.93
Car 0.00 0 -4.58 495.05 169.89 555.59 221.13 1.70 1.65 4.01 -3.00 1.60 25.90 -4.70 0.91
Car 0.00 0 -2.76 257.51 173.88 432.10 233.16 1.54 1.66 4.16 -7.21 1.57 19.73 -3.11 0.86
Car 0.00 0 -7.89 677.85 181.43 747.54 244.72 1.42 1.61 3.79 2.53 1.67 18.71 -7.75 0.81
Car 0.00 0 -7.74 528.53 175.29 572.26 208.40 1.46 1.60 3.93 -2.79 1.58 33.99 -7.82 0.79
Car 0.00 0 -4.78 632.00 171.95 660.17 196.85 1.69 1.71 4.29 2.48 1.62 51.00 -4.73 0.74
Cyclist 0.00 0 -4.82 592.67 168.04 608.57 206.44 1.81 0.58 1.74 -0.50 1.58 34.85 -4.84 0.68
Pedestrian 0.00 0 -7.73 470.54 165.34 489.84 211.63 1.84 0.66 0.91 -5.29 1.54 29.19 -7.90 0.64
Pedestrian 0.00 0 -7.88 485.80 169.01 501.71 209.11 1.80 0.69 0.66 -5.31 1.62 32.72 -8.04 0.35
Cyclist 0.00 0 -7.60 420.86 167.48 454.16 226.84 1.73 0.56 1.77 -5.27 1.58 21.95 -7.83 0.28
Pedestrian 0.00 0 -6.99 1008.46 166.14 1094.78 332.34 1.71 0.68 0.47 4.71 1.64 7.81 -6.45 0.24
Cyclist 0.00 0 -4.48 450.39 168.85 475.91 218.11 1.71 0.53 1.70 -5.30 1.57 25.91 -4.69 0.22
Car 0.00 0 -4.21 229.09 183.52 376.63 268.95 1.47 1.51 2.85 -6.01 1.71 14.31 -4.61 0.21
Car 0.00 0 -6.09 444.45 165.95 527.50 200.37 1.72 1.68 3.95 -6.35 1.38 37.01 -6.26 0.18
Cyclist 0.00 0 -5.15 731.83 172.40 765.01 221.61 1.64 0.53 1.50 4.69 1.62 24.77 -4.97 0.17
Pedestrian 0.00 0 -7.63 442.51 179.08 455.50 207.83 1.63 0.62 0.53 -9.22 1.98 41.17 -7.85 0.15
Cyclist 0.00 0 -8.47 812.42 170.35 888.66 264.67 1.75 0.55 1.68 4.68 1.71 14.30 -8.16 0.15
Pedestrian 0.00 0 -3.14 0.00 162.71 75.89 309.35 1.73 0.64 0.80 -7.26 1.62 9.03 -3.82 0.14
Pedestrian 0.00 0 -5.62 0.00 149.84 111.02 313.56 1.85 0.62 0.86 -6.54 1.59 8.44 -6.28 0.14
Pedestrian 0.00 0 -4.09 114.81 159.61 169.81 247.70 1.83 0.62 0.82 -10.01 1.55 15.39 -4.66 0.12
Pedestrian 0.00 0 -6.71 682.29 172.22 698.10 198.12 1.67 0.60 0.85 5.20 1.63 47.07 -6.60 0.11
Pedestrian 0.00 0 -4.64 65.92 166.24 121.71 293.89 1.70 0.59 0.63 -7.21 1.61 10.03 -5.26 0.11
