Car 0.00 0 -4.47 355.08 186.98 491.79 274.52 1.48 1.72 4.45 -3.76 1.82 15.15 -4.71 0.97
Car 0.00 0 -4.52 446.03 175.59 519.22 231.56 1.65 1.60 3.96 -4.09 1.75 23.45 -4.69 0.89
Car 0.00 0 -4.57 524.75 173.98 564.12 202.73 1.53 1.64 4.00 -3.67 1.60 40.58 -4.66 0.73
Pedestrian 0.00 0 -8.41 1146.35 121.18 1241.00 374.00 1.82 0.70 0.82 3.72 1.55 4.24 -7.69 0.36
Pedestrian 0.00 0 -4.89 903.05 147.74 979.67 315.57 1.79 0.63 0.88 3.67 1.52 8.18 -4.47 0.35
Cyclist 0.00 0 -2.83 249.00 163.01 297.35 205.93 1.87 0.70 1.81 -14.93 1.44 31.92 -3.26 0.25
Car 0.00 0 -2.95 512.03 174.49 578.88 198.77 1.50 1.65 3.98 -4.10 1.61 45.76 -3.04 0.20
Pedestrian 0.00 0 -6.47 943.36 153.24 1005.64 277.39 1.72 0.59 0.70 5.18 1.45 10.38 -6.01 0.19
Car 0.00 0 -7.95 632.13 161.91 653.49 179.89 1.64 1.65 3.82 3.03 0.64 67.56 -7.90 0.18
Car 0.00 0 -4.43 563.24 167.68 591.40 184.73 1.59 1.64 4.04 -3.12 1.10 69.26 -4.47 0.15
Pedestrian 0.00 0 -4.60 790.11 156.17 837.30 267.62 1.86 0.69 0.93 3.51 1.58 12.58 -4.33 0.14
Pedestrian 0.00 0 -4.45 714.61 164.63 745.56 231.18 1.85 0.69 0.78 3.37 1.62 20.52 -4.28 0.12
Cyclist 0.00 0 -3.08 424.70 171.93 466.55 213.90 1.78 0.79 1.72 -7.12 1.74 31.14 -3.30 0.11
Pedestrian 0.00 0 -4.02 965.09 139.85 1034.43 263.48 1.81 0.60 0.73 5.88 1.33 10.99 -3.53 0.10
Pedestrian 0.00 0 -3.42 651.53 163.26 668.16 201.89 1.96 0.68 0.69 2.51 1.47 36.95 -3.35 0.10
