Car 0.00 0 -7.32 35.70 190.68 246.14 282.70 1.45 1.64 3.64 -8.48 1.57 13.39 -7.89 0.98
Car 0.00 0 -7.67 443.75 180.95 505.60 222.00 1.45 1.64 3.85 -5.02 1.30 27.37 -7.85 0.96
Car 0.00 0 -7.41 229.19 182.19 313.91 223.70 1.51 1.62 3.57 -13.01 1.40 27.95 -7.85 0.90
Car 0.00 0 -7.86 577.34 175.47 622.49 219.54 1.54 1.58 2.65 -0.33 1.20 26.52 -7.87 0.74
Car 0.00 0 -7.59 421.95 178.28 469.69 205.57 1.44 1.61 3.94 -8.97 1.08 39.95 -7.81 0.58
Car 0.00 0 -7.83 525.68 176.26 549.37 198.08 1.47 1.57 3.92 -4.90 0.87 50.33 -7.93 0.31
Car 0.00 0 -7.86 567.11 173.18 590.42 197.08 1.65 1.61 4.05 -2.12 0.82 51.56 -7.90 0.22
Car 0.00 0 -7.38 52.66 190.32 193.83 250.79 1.45 1.64 3.75 -13.00 1.60 19.50 -7.97 0.20
Car 0.00 0 -4.33 0.00 196.08 23.24 261.82 1.37 1.55 3.86 -16.22 1.67 17.76 -5.07 0.17
Car 0.00 0 -7.52 285.21 169.83 449.66 270.93 1.73 1.82 4.28 -4.65 1.47 14.48 -7.83 0.16
Cyclist 0.00 0 -4.70 187.63 181.32 203.29 225.34 1.65 0.51 1.47 -15.90 1.50 27.66 -5.22 0.12
Cyclist 0.00 0 -4.90 635.07 175.15 649.61 206.72 1.67 0.52 1.46 1.83 1.14 38.83 -4.85 0.11
Cyclist 0.00 0 -7.37 200.92 182.35 235.84 223.46 1.62 0.46 1.81 -15.83 1.51 29.19 -7.87 0.10
