Car 0.00 0 -4.21 50.14 191.09 353.84 330.37 1.50 1.77 4.84 -5.67 1.83 10.83 -4.70 0.92
Pedestrian 0.00 0 -7.90 448.53 179.31 487.11 270.09 1.62 0.67 0.77 -2.71 1.75 13.42 -8.10 0.72
Pedestrian 0.00 0 -2.34 314.15 149.82 457.94 374.98 1.98 0.65 1.22 -2.20 1.78 6.91 -2.65 0.34
Pedestrian 0.00 0 -3.23 924.36 167.39 955.03 223.43 1.67 0.62 0.79 9.95 1.51 21.90 -2.81 0.31
Pedestrian 0.00 0 -3.19 1053.90 158.15 1072.25 195.54 1.98 0.61 0.81 24.21 1.20 38.63 -2.63 0.26
Pedestrian 0.00 0 -7.65 0.00 196.71 128.76 374.00 1.78 0.62 0.58 -3.32 1.93 4.27 -8.31 0.24
Car 0.00 0 -3.51 1062.15 171.23 1172.58 201.23 1.48 1.59 4.34 25.81 1.40 36.90 -2.90 0.15
Car 0.00 0 -3.29 940.90 175.25 1034.00 205.97 1.53 1.54 4.10 19.48 1.66 37.48 -2.81 0.13
Pedestrian 0.00 0 -3.97 1160.69 152.32 1193.50 208.66 1.87 0.58 0.65 19.05 1.19 24.30 -3.31 0.12
Car 0.00 0 -2.57 193.80 184.28 301.73 223.45 1.46 1.53 3.54 -14.27 1.93 28.42 -3.04 0.10
Car 0.00 0 -4.54 785.19 174.10 821.16 198.08 1.49 1.59 4.07 12.64 1.57 47.18 -4.28 0.10
