Car 0.00 0 -7.69 453.10 176.62 525.05 225.10 1.35 1.59 3.70 -3.48 1.25 21.58 -7.85 0.94
Car 0.00 0 -6.84 1007.30 152.85 1109.86 185.58 1.70 1.72 4.35 24.11 0.27 37.70 -6.27 0.87
Car 0.00 0 -3.59 925.79 160.51 1004.89 189.12 1.48 1.57 3.38 18.99 0.45 37.37 -3.12 0.82
Cyclist 0.00 0 -6.57 752.57 157.36 799.32 199.47 1.76 0.63 1.82 7.19 0.79 29.87 -6.34 0.79
Cyclist 0.00 0 -6.70 635.05 162.81 671.01 196.16 1.76 0.58 1.85 2.57 0.83 37.92 -6.63 0.79
Cyclist 0.00 0 -6.37 813.83 150.62 869.13 204.42 1.89 0.64 1.83 8.43 0.84 25.33 -6.04 0.71
Car 0.00 0 -6.98 1119.23 151.20 1223.00 181.45 1.53 1.65 4.22 29.39 0.05 36.71 -6.30 0.48
Pedestrian 0.00 0 -5.20 296.05 172.85 345.57 263.37 1.66 0.67 0.61 -5.45 1.53 13.45 -5.59 0.44
Pedestrian 0.00 0 -3.93 926.58 152.37 949.81 189.09 1.83 0.65 0.86 16.83 0.43 35.75 -3.49 0.42
Cyclist 0.00 0 -7.82 796.56 158.51 809.26 194.35 1.82 0.57 1.79 10.31 0.70 36.84 -7.54 0.41
Car 0.00 0 -5.09 900.37 153.81 1017.46 213.25 1.56 1.64 4.14 10.16 0.86 20.71 -4.63 0.23
Car 0.00 0 -3.20 997.15 157.64 1079.43 185.20 1.51 1.61 3.93 24.72 0.26 40.50 -2.65 0.20
Pedestrian 0.00 0 -3.57 1066.86 151.49 1083.69 187.45 1.81 0.64 0.49 23.93 0.35 35.99 -2.99 0.18
Pedestrian 0.00 0 -4.62 874.31 151.04 894.81 199.35 1.83 0.67 0.80 10.76 0.72 27.27 -4.25 0.18
Cyclist 0.00 0 -3.93 1223.56 147.24 1223.00 183.38 1.82 0.57 1.79 32.61 0.15 36.02 -3.20 0.18
Car 0.00 0 -4.92 862.66 162.10 933.75 207.11 1.46 1.58 3.61 10.20 0.87 24.89 -4.53 0.17
Cyclist 0.00 0 -7.71 805.18 160.58 822.83 196.00 1.76 0.62 1.82 10.67 0.77 36.12 -7.43 0.16
Pedestrian 0.00 0 -3.36 1083.73 153.45 1127.27 225.29 1.55 0.53 0.69 11.05 0.97 15.67 -2.74 0.15
Cyclist 0.00 0 -4.61 454.71 169.37 469.29 206.61 1.69 0.51 1.54 -6.67 1.19 32.93 -4.81 0.14
Pedestrian 0.00 0 -6.15 968.06 158.37 982.79 191.56 1.67 0.66 0.58 18.87 0.56 36.03 -5.67 0.13
Cyclist 0.00 0 -4.92 1005.13 154.70 1040.70 217.54 1.59 0.50 1.55 11.02 0.94 18.73 -4.39 0.13
Car 0.00 0 -7.87 519.71 174.05 563.76 215.08 1.44 1.55 4.19 -2.48 1.21 26.98 -7.96 0.11
Car 0.00 0 -5.30 676.23 169.50 723.80 188.92 1.47 1.63 4.23 7.46 0.64 55.81 -5.17 0.10
Car 0.00 0 -7.11 0.00 217.91 215.68 369.00 1.38 1.58 3.81 -5.11 1.79 5.78 -7.83 0.10
Pedestrian 0.00 0 -6.11 115.09 175.74 125.04 209.48 1.75 0.57 0.34 -25.37 1.50 36.98 -6.71 0.10
Cyclist 0.00 0 -8.36 1044.90 151.09 1102.54 221.03 1.58 0.46 1.50 11.04 0.92 16.76 -7.78 0.10
Car 0.00 0 -6.68 846.64 163.30 961.53 198.34 1.47 1.67 4.25 12.82 0.75 30.50 -6.29 0.10
