Car 0.00 0 -7.21 0.00 189.25 178.49 297.70 1.46 1.52 3.65 -8.84 1.54 11.63 -7.86 0.97
Car 0.00 0 -7.42 166.86 184.52 380.22 295.65 1.49 1.61 3.80 -5.14 1.48 11.55 -7.83 0.96
Car 0.00 0 -7.03 0.00 207.00 168.05 375.00 1.53 1.63 3.92 -4.35 1.71 3.79 -7.88 0.95
Car 0.00 0 -7.87 574.82 174.03 614.10 211.41 1.56 1.64 3.32 -0.65 1.09 31.67 -7.89 0.94
Car 0.00 0 -7.59 338.94 181.81 404.73 221.45 1.40 1.53 3.36 -8.86 1.28 27.12 -7.91 0.93
Car 0.00 0 -7.33 140.43 181.90 266.91 235.08 1.44 1.58 3.79 -11.89 1.35 21.36 -7.84 0.84
Car 0.00 0 -7.43 251.91 173.35 365.98 237.83 1.67 1.57 3.81 -8.42 1.36 20.49 -7.82 0.40
Pedestrian 0.00 0 -4.55 471.38 165.92 500.12 230.31 1.89 0.69 1.08 -3.71 1.33 21.66 -4.72 0.39
Car 0.00 0 -7.74 495.46 170.78 533.24 203.70 1.69 1.59 3.82 -5.02 0.95 38.83 -7.87 0.38
Pedestrian 0.00 0 -7.79 762.21 163.37 781.75 214.77 1.85 0.65 0.72 5.99 1.07 26.36 -7.56 0.28
Pedestrian 0.00 0 -5.41 714.51 196.85 747.54 259.27 1.24 0.45 0.50 2.48 1.49 14.74 -5.24 0.23
Car 0.00 0 -4.69 520.40 173.05 543.87 196.67 1.60 1.56 3.88 -5.31 0.78 50.59 -4.80 0.16
Pedestrian 0.00 0 -4.69 393.44 170.58 418.98 246.77 1.80 0.58 0.86 -4.95 1.46 17.50 -4.97 0.16
Pedestrian 0.00 0 -2.48 388.56 165.61 414.76 208.47 1.95 0.66 0.96 -9.54 1.06 33.16 -2.76 0.15
Cyclist 0.00 0 -2.77 0.00 171.50 50.19 237.89 1.72 0.75 1.81 -16.24 1.37 19.28 -3.47 0.14
Car 0.00 0 -4.86 492.78 174.58 526.22 200.44 1.57 1.54 3.84 -6.30 0.92 45.64 -5.00 0.14
Car 0.00 0 -7.55 375.07 157.41 408.79 177.02 1.53 1.60 3.90 -17.91 -0.70 59.77 -7.84 0.13
Car 0.00 0 -8.76 1108.78 170.97 1240.00 375.00 1.49 1.58 3.85 6.95 1.39 6.79 -7.96 0.11
Car 0.00 0 -3.17 646.38 180.28 716.54 204.09 1.46 1.68 4.30 4.58 1.16 45.15 -3.06 0.10
