Car 0.00 0 -7.10 459.98 176.04 557.86 216.84 1.44 1.54 3.74 -3.46 1.25 27.27 -7.23 0.90
Car 0.00 0 -6.40 168.25 176.78 343.02 235.34 1.57 1.71 4.46 -10.15 1.44 21.14 -6.85 0.84
Car 0.00 0 -7.71 567.11 167.99 603.26 195.60 1.71 1.76 4.32 -1.00 0.88 46.87 -7.73 0.63
Cyclist 0.00 0 -7.80 419.37 173.36 425.03 193.26 1.65 0.37 1.61 -15.01 0.97 60.27 -8.04 0.30
Car 0.00 0 -7.64 554.17 171.90 583.79 191.82 1.52 1.56 3.88 -2.51 0.79 56.82 -7.69 0.22
Car 0.00 0 -4.91 319.93 179.98 368.09 208.97 1.45 1.59 4.18 -13.73 1.38 38.19 -5.26 0.21
Car 0.00 0 -8.51 951.34 126.05 1048.34 165.95 1.51 1.64 3.82 16.95 -0.71 30.80 -8.01 0.20
Car 0.00 0 -4.94 1056.15 127.34 1120.15 162.73 1.48 1.67 4.09 23.36 -0.96 34.64 -4.34 0.16
Pedestrian 0.00 0 -8.17 378.43 173.91 399.69 216.93 1.72 0.68 0.57 -8.63 1.42 29.12 -8.46 0.16
Pedestrian 0.00 0 -3.38 1022.57 146.95 1082.89 267.09 1.71 0.64 0.62 6.60 1.22 10.61 -2.82 0.14
Car 0.00 0 -7.76 605.88 168.30 629.31 189.66 1.79 1.66 4.26 1.47 0.68 62.30 -7.74 0.13
Pedestrian 0.00 0 -6.15 280.21 170.49 287.38 208.14 1.89 0.47 0.27 -16.09 1.34 36.37 -6.56 0.13
Car 0.00 0 -2.33 258.80 180.55 371.10 221.81 1.48 1.62 4.09 -10.97 1.45 27.44 -2.71 0.12
Car 0.00 0 -7.82 479.44 173.41 497.51 188.95 1.45 1.58 3.67 -10.77 0.69 68.89 -7.97 0.12
Pedestrian 0.00 0 -3.06 817.15 133.53 921.09 324.57 1.85 0.50 0.97 2.71 1.39 7.39 -2.70 0.11
Pedestrian 0.00 0 -8.43 669.13 170.28 688.81 211.41 1.70 0.66 0.48 3.23 1.24 30.06 -8.32 0.11
