Car 0.00 0 -6.32 529.90 180.30 676.64 233.90 1.56 1.70 4.35 -0.28 1.80 22.21 -6.33 0.36
Car 0.00 0 -8.28 768.53 187.89 899.60 258.20 1.39 1.56 3.66 5.09 1.79 17.04 -7.99 0.30
Cyclist 0.00 0 -2.77 588.40 175.86 614.44 199.70 1.81 0.80 1.84 -0.69 2.04 55.59 -2.78 0.28
Pedestrian 0.00 0 -6.31 729.09 186.16 863.98 374.00 1.76 0.57 0.76 1.08 1.85 4.47 -6.07 0.26
Pedestrian 0.00 0 -2.64 418.66 203.32 552.65 374.00 1.64 0.58 0.61 -0.81 1.84 4.45 -2.82 0.20
Car 0.00 0 -6.36 546.45 179.88 680.28 231.82 1.63 1.70 4.29 0.01 1.87 23.90 -6.36 0.18
Car 0.00 0 -5.02 714.14 176.97 756.81 200.62 1.60 1.74 4.45 8.93 1.91 51.88 -4.85 0.18
Cyclist 0.00 0 -3.37 1022.42 175.60 1066.39 213.93 1.75 0.61 1.65 20.11 1.88 33.50 -2.83 0.14
Car 0.00 0 -3.23 739.91 182.08 865.92 227.58 1.54 1.69 4.26 6.84 1.89 26.12 -2.98 0.14
Car 0.00 0 -4.63 945.35 178.95 992.20 214.87 1.51 1.61 3.89 16.49 1.81 33.15 -4.17 0.14
Cyclist 0.00 0 -6.40 657.74 172.88 679.20 197.77 1.86 0.67 1.54 4.37 1.86 54.35 -6.32 0.13
Cyclist 0.00 0 -6.39 705.22 175.47 732.45 207.21 1.80 0.55 1.49 6.17 1.95 41.17 -6.24 0.12
Pedestrian 0.00 0 -4.61 172.30 186.13 283.86 374.00 1.66 0.56 0.66 -2.43 1.75 4.53 -5.10 0.12
Pedestrian 0.00 0 -3.90 782.97 167.63 797.31 195.21 1.91 0.51 0.86 12.57 1.55 50.47 -3.65 0.11
Car 0.00 0 -3.40 742.24 183.31 894.79 235.89 1.55 1.69 4.28 6.36 1.89 22.50 -3.12 0.11
Car 0.00 0 -3.00 792.88 173.74 839.71 193.66 1.68 1.70 3.71 17.89 1.76 62.64 -2.73 0.11
Cyclist 0.00 0 -4.54 302.38 173.80 359.86 293.56 1.71 0.56 1.61 -4.32 1.72 11.13 -4.91 0.10
