Car 0.00 0 -4.06 0.00 227.22 293.34 374.00 1.36 1.55 3.73 -3.73 1.86 4.78 -4.72 0.97
Car 0.00 0 -4.38 237.97 180.30 448.31 320.51 1.65 1.64 4.13 -3.74 1.78 10.78 -4.72 0.95
Car 0.00 0 -7.85 623.55 174.73 669.90 216.60 1.44 1.60 4.04 1.33 1.51 26.98 -7.80 0.88
Pedestrian 0.00 0 -3.20 600.67 166.12 626.54 213.87 1.74 0.66 0.92 0.08 1.50 26.67 -3.19 0.62
Car 0.00 0 -7.97 613.54 174.59 645.84 199.28 1.45 1.56 3.60 1.14 1.56 44.42 -7.95 0.55
Car 0.00 0 -7.89 663.42 170.29 692.18 198.18 1.60 1.59 3.43 3.99 1.45 43.17 -7.80 0.27
Car 0.00 0 -3.22 639.17 166.54 691.30 187.84 1.68 1.69 4.03 4.36 1.18 57.64 -3.15 0.25
Car 0.00 0 -6.93 956.91 163.02 1241.00 262.57 1.48 1.56 3.95 7.85 1.33 11.58 -6.34 0.21
Car 0.00 0 -4.45 516.41 177.08 569.98 210.63 1.46 1.56 3.97 -3.13 1.68 34.11 -4.55 0.21
Pedestrian 0.00 0 -7.72 469.51 178.10 482.01 214.14 1.58 0.48 0.47 -5.97 1.81 31.87 -7.91 0.15
Car 0.00 0 -7.99 668.10 168.84 711.05 201.72 1.60 1.65 4.09 4.00 1.40 37.12 -7.88 0.15
Pedestrian 0.00 0 -5.62 669.76 170.01 686.60 205.82 1.72 0.58 0.58 3.27 1.58 34.99 -5.52 0.13
Pedestrian 0.00 0 -4.99 439.61 167.63 460.09 215.44 1.89 0.66 0.63 -6.48 1.69 29.00 -5.21 0.13
Cyclist 0.00 0 -4.29 140.89 177.06 241.53 321.57 1.74 0.50 1.72 -5.58 1.80 9.62 -4.81 0.13
Pedestrian 0.00 0 -4.12 940.31 127.77 1085.66 372.86 1.81 0.62 0.93 3.19 1.48 5.82 -3.62 0.12
Car 0.00 0 -7.61 481.89 170.94 550.47 215.96 1.70 1.77 4.44 -3.79 1.63 29.62 -7.74 0.12
Car 0.00 0 -7.88 665.31 157.55 684.70 178.37 1.86 1.68 4.23 5.94 0.49 66.48 -7.79 0.11
Pedestrian 0.00 0 -3.58 1125.81 127.45 1241.00 374.00 1.72 0.59 0.83 3.13 1.51 3.62 -2.87 0.10
Pedestrian 0.00 0 -5.33 463.49 171.92 480.45 210.24 1.81 0.61 0.52 -6.62 1.76 34.41 -5.52 0.10
