Car 0.00 0 -4.35 201.88 182.85 415.06 308.70 1.56 1.67 4.09 -4.48 1.75 11.33 -4.72 0.94
Car 0.00 0 -4.42 352.79 187.76 473.15 262.58 1.41 1.58 3.77 -4.33 1.78 16.22 -4.68 0.93
Car 0.00 0 -4.08 0.00 194.28 288.55 374.00 1.57 1.63 3.93 -4.55 1.82 6.28 -4.71 0.92
Car 0.00 0 -4.49 425.89 184.48 508.50 240.30 1.40 1.54 3.81 -4.05 1.76 20.78 -4.69 0.90
Car 0.00 0 -4.65 563.97 176.31 593.42 199.96 1.48 1.70 4.47 -2.07 1.72 48.00 -4.70 0.54
Pedestrian 0.00 0 -2.93 811.90 166.28 832.54 202.88 1.87 0.61 0.92 10.96 1.54 37.39 -2.64 0.37
Car 0.00 0 -8.02 698.73 175.58 742.17 208.13 1.57 1.61 3.75 5.57 1.72 37.02 -7.87 0.33
Car 0.00 0 -7.96 716.04 169.72 782.08 226.44 1.78 1.76 4.61 4.68 1.69 25.06 -7.77 0.32
Car 0.00 0 -6.07 505.93 170.96 559.58 191.55 1.63 1.65 4.04 -6.23 1.48 58.17 -6.18 0.24
Car 0.00 0 -3.83 0.00 192.78 226.32 374.00 1.72 1.71 4.07 -3.08 1.84 2.23 -4.78 0.22
Pedestrian 0.00 0 -7.90 876.66 167.62 898.40 218.22 1.83 0.71 0.80 10.16 1.64 26.55 -7.53 0.21
Pedestrian 0.00 0 -4.89 388.51 190.88 499.50 374.00 1.78 0.56 0.62 -1.09 1.90 4.42 -5.13 0.18
Pedestrian 0.00 0 -5.67 835.25 167.33 861.33 214.23 1.91 0.65 0.80 9.81 1.68 29.82 -5.35 0.18
Pedestrian 0.00 0 -5.36 172.83 187.89 332.36 374.00 1.77 0.59 0.72 -2.31 1.87 4.56 -5.83 0.17
Pedestrian 0.00 0 -2.62 690.47 198.24 817.75 374.00 1.67 0.59 0.57 0.85 1.85 4.52 -2.44 0.16
Car 0.00 0 -4.31 508.30 176.57 555.69 200.17 1.62 1.79 4.54 -5.66 1.90 52.66 -4.41 0.16
Car 0.00 0 -7.97 705.88 177.96 752.06 213.92 1.46 1.57 3.54 5.10 1.69 31.50 -7.81 0.14
Cyclist 0.00 0 -7.48 596.32 174.21 610.85 197.61 1.67 0.49 1.64 -0.49 1.77 52.46 -7.49 0.13
Car 0.00 0 -7.69 702.79 174.58 741.90 201.92 1.50 1.64 3.88 6.53 1.60 41.89 -7.54 0.12
Cyclist 0.00 0 -2.27 348.83 166.96 389.49 216.63 1.93 0.54 1.74 -9.64 1.70 28.74 -2.59 0.11
