Car 0.00 0 -4.54 352.66 190.64 487.83 304.04 1.48 1.53 3.62 -3.00 1.82 11.89 -4.79 0.96
Car 0.00 0 -7.97 619.23 175.29 671.52 222.86 1.79 1.68 3.75 1.33 1.89 29.26 -7.93 0.96
Car 0.00 0 -8.30 761.72 173.23 1181.24 374.00 1.75 1.78 4.54 2.98 1.76 7.34 -7.92 0.92
Car 0.00 0 -7.88 492.93 182.47 538.25 224.73 1.50 1.66 3.94 -3.85 1.91 28.68 -8.02 0.90
Car 0.00 0 -8.04 603.46 181.63 647.56 212.01 1.51 1.65 4.23 0.75 2.02 39.38 -8.02 0.35
Car 0.00 0 -4.77 515.50 181.46 546.86 210.06 1.55 1.58 3.97 -4.71 2.08 42.40 -4.89 0.33
Cyclist 0.00 0 -5.70 424.01 178.34 463.76 218.49 1.79 0.54 1.75 -7.59 2.04 32.79 -5.93 0.29
Pedestrian 0.00 0 -7.39 426.24 176.60 445.56 216.50 1.85 0.67 0.62 -8.20 2.02 33.81 -7.63 0.26
Car 0.00 0 -4.78 589.86 177.20 609.50 194.14 1.56 1.62 3.84 -1.04 1.99 69.44 -4.80 0.26
Pedestrian 0.00 0 -8.05 457.18 184.40 471.55 217.33 1.57 0.56 0.70 -7.13 2.14 35.11 -8.25 0.19
Cyclist 0.00 0 -4.47 464.49 181.27 480.31 213.84 1.66 0.48 1.45 -7.27 2.12 37.97 -4.65 0.13
Pedestrian 0.00 0 -8.21 902.37 155.73 966.63 277.64 1.94 0.75 0.73 5.27 1.67 11.87 -7.79 0.11
