Car 0.00 0 -4.35 194.63 190.93 449.10 338.50 1.50 1.72 4.49 -3.70 1.81 10.12 -4.70 0.97
Car 0.00 0 -4.49 397.87 173.42 498.22 249.99 1.74 1.64 4.03 -4.06 1.76 18.49 -4.70 0.95
Car 0.00 0 -4.66 514.50 177.78 550.80 209.50 1.44 1.58 3.79 -3.78 1.70 35.34 -4.77 0.78
Car 0.00 0 -2.92 491.09 177.59 561.40 205.02 1.49 1.63 3.65 -4.71 1.76 40.52 -3.04 0.69
Car 0.00 0 -7.77 493.89 166.72 519.81 188.87 1.64 1.67 3.78 -7.90 1.19 55.31 -7.91 0.44
Pedestrian 0.00 0 -8.44 918.15 149.54 1035.34 334.43 1.79 0.70 0.89 3.70 1.56 7.45 -7.98 0.44
Pedestrian 0.00 0 -5.79 109.66 167.29 150.49 243.89 1.95 0.53 0.71 -12.47 1.81 18.68 -6.38 0.32
Pedestrian 0.00 0 -5.92 481.39 171.93 498.98 202.21 1.78 0.58 0.88 -7.13 1.72 42.74 -6.08 0.25
Car 0.00 0 -4.67 560.24 166.34 581.23 184.62 1.55 1.65 4.07 -3.43 1.00 63.10 -4.72 0.19
Pedestrian 0.00 0 -5.89 140.53 166.87 178.32 237.64 1.92 0.65 0.69 -12.48 1.76 19.92 -6.45 0.15
Cyclist 0.00 0 -5.03 1087.60 149.18 1235.53 345.56 1.72 0.67 1.66 5.35 1.51 7.19 -4.39 0.13
Pedestrian 0.00 0 -5.64 146.85 168.12 202.39 270.75 1.93 0.62 0.68 -8.42 1.84 13.89 -6.18 0.11
