Car 0.00 0 -7.99 682.40 181.63 757.18 240.25 1.40 1.53 3.34 2.82 1.66 19.41 -7.85 0.98
Car 0.00 0 -5.33 0.00 200.99 94.64 374.00 1.42 1.63 4.42 -6.05 1.63 4.51 -6.26 0.95
Car 0.00 0 -5.89 275.37 180.73 462.90 246.20 1.46 1.53 3.95 -5.71 1.66 17.19 -6.21 0.94
Car 0.00 0 -5.59 0.00 188.52 236.25 361.86 1.48 1.60 3.93 -6.14 1.66 7.15 -6.30 0.94
Car 0.00 0 -8.33 802.76 174.82 1241.00 374.00 1.64 1.65 3.56 2.81 1.66 5.75 -7.87 0.93
Car 0.00 0 -5.82 197.70 183.71 425.58 259.94 1.45 1.58 4.07 -6.11 1.68 14.89 -6.21 0.92
Car 0.00 0 -2.53 0.00 164.28 268.78 310.18 1.74 1.72 3.93 -6.92 1.64 9.50 -3.16 0.90
Car 0.00 0 -6.51 736.38 171.58 865.05 221.88 1.65 1.68 3.95 6.36 1.61 24.54 -6.26 0.84
Car 0.00 0 -5.90 343.98 177.23 489.30 230.41 1.53 1.58 3.96 -5.86 1.67 21.89 -6.16 0.82
Car 0.00 0 -2.92 348.15 176.71 469.10 222.55 1.49 1.47 3.72 -6.81 1.63 24.48 -3.19 0.72
Car 0.00 0 -2.68 42.66 188.03 322.06 282.85 1.44 1.52 3.77 -7.08 1.72 12.15 -3.21 0.67
Car 0.00 0 -2.97 422.94 177.98 513.12 212.29 1.56 1.65 3.93 -6.65 1.81 33.89 -3.16 0.60
Car 0.00 0 -8.06 627.60 176.74 660.83 199.53 1.59 1.65 3.96 2.45 1.89 53.16 -8.02 0.60
Car 0.00 0 -2.87 376.70 178.34 494.91 219.59 1.47 1.51 4.01 -6.45 1.68 26.78 -3.11 0.60
Car 0.00 0 -5.79 304.89 175.43 457.31 236.48 1.56 1.51 3.67 -6.23 1.64 19.62 -6.10 0.57
Car 0.00 0 -6.45 681.62 179.51 761.58 207.87 1.43 1.58 3.92 5.75 1.79 37.70 -6.30 0.47
Car 0.00 0 -6.44 679.04 173.11 753.35 204.92 1.73 1.68 3.88 5.85 1.75 40.24 -6.30 0.47
Car 0.00 0 -2.87 406.86 177.43 504.38 216.88 1.54 1.57 3.58 -6.27 1.73 29.32 -3.08 0.42
Pedestrian 0.00 0 -6.52 996.86 167.58 1008.46 198.58 1.79 0.61 0.46 22.87 1.49 42.09 -6.02 0.32
Pedestrian 0.00 0 -4.06 828.26 167.76 839.97 207.44 1.88 0.47 0.26 10.67 1.64 34.46 -3.76 0.31
Car 0.00 0 -8.50 990.17 188.47 1241.00 365.09 1.45 1.69 4.57 6.51 1.68 8.60 -7.85 0.31
Pedestrian 0.00 0 -5.67 569.29 175.27 582.79 199.66 1.83 0.55 0.87 -2.60 2.01 54.63 -5.72 0.30
Cyclist 0.00 0 -4.05 503.65 178.88 531.33 212.15 1.61 0.54 1.55 -4.65 1.92 36.05 -4.18 0.26
Cyclist 0.00 0 -4.66 88.29 139.82 109.23 188.26 1.81 0.58 1.78 -19.81 0.58 27.91 -5.28 0.23
Car 0.00 0 -3.10 495.21 177.55 553.52 201.40 1.53 1.60 3.76 -5.65 1.85 47.62 -3.22 0.23
Cyclist 0.00 0 -8.37 1015.24 167.83 1066.20 233.92 1.69 0.40 1.64 11.44 1.56 19.29 -7.84 0.20
Cyclist 0.00 0 -7.12 978.72 168.09 1007.40 197.35 1.95 0.77 1.70 25.78 1.63 48.62 -6.64 0.19
Pedestrian 0.00 0 -5.94 997.23 160.77 1037.33 229.65 1.93 0.64 0.84 11.63 1.59 20.70 -5.43 0.17
Cyclist 0.00 0 -2.66 234.43 166.24 274.32 201.79 1.77 0.70 1.67 -17.92 1.44 36.30 -3.12 0.17
Car 0.00 0 -2.99 496.68 177.54 553.48 200.75 1.58 1.60 3.73 -5.92 1.91 50.27 -3.11 0.16
Car 0.00 0 -4.82 735.03 177.10 779.32 210.74 1.47 1.60 4.25 6.88 1.68 34.23 -4.62 0.16
Car 0.00 0 -3.00 419.21 170.86 505.60 206.72 1.77 1.68 4.08 -7.45 1.67 36.49 -3.20 0.15
Car 0.00 0 -7.74 536.83 174.97 561.41 195.36 1.70 1.66 4.05 -5.26 1.89 62.49 -7.82 0.15
Car 0.00 0 -4.68 705.49 177.11 747.37 217.62 1.49 1.53 3.94 4.70 1.68 29.08 -4.52 0.13
Car 0.00 0 -4.69 620.46 175.13 637.58 191.43 1.50 1.55 3.91 1.82 1.72 68.75 -4.66 0.11
Cyclist 0.00 0 -8.13 834.26 166.98 876.70 246.71 1.75 0.49 1.65 5.59 1.62 16.66 -7.80 0.11
Pedestrian 0.00 0 -3.10 1047.18 163.40 1090.41 281.60 1.83 0.63 0.56 7.30 1.68 11.56 -2.53 0.10
