Car 0.00 0 -7.64 420.06 186.81 496.27 236.50 1.39 1.59 3.45 -4.53 1.45 22.00 -7.85 0.96
Car 0.00 0 -7.19 0.00 184.39 208.26 302.53 1.54 1.69 3.95 -8.35 1.53 11.34 -7.82 0.93
Car 0.00 0 -7.53 215.20 192.47 420.34 312.24 1.43 1.60 4.13 -4.16 1.56 10.91 -7.89 0.93
Car 0.00 0 -7.63 370.49 179.02 431.72 218.87 1.58 1.66 3.95 -8.75 1.34 30.60 -7.91 0.92
Car 0.00 0 -7.68 468.62 182.20 519.69 217.08 1.46 1.57 4.06 -5.04 1.33 32.12 -7.83 0.91
Car 0.00 0 -7.84 577.86 178.29 609.20 208.11 1.55 1.63 3.59 -0.78 1.19 39.25 -7.86 0.83
Car 0.00 0 -7.48 227.97 171.90 324.91 222.28 1.76 1.76 4.66 -12.57 1.30 27.54 -7.90 0.81
Car 0.00 0 -7.75 505.03 181.79 536.74 207.10 1.39 1.47 3.30 -4.98 1.21 41.28 -7.87 0.71
Car 0.00 0 -4.03 227.97 188.42 364.38 248.29 1.44 1.52 3.48 -8.32 1.54 19.40 -4.44 0.59
Car 0.00 0 -7.87 425.97 181.12 456.69 209.55 1.47 1.56 3.70 -9.14 1.26 39.22 -8.10 0.41
Car 0.00 0 -7.52 355.46 180.87 405.61 208.53 1.47 1.56 3.69 -12.65 1.24 40.13 -7.83 0.37
Cyclist 0.00 0 -2.88 676.09 178.88 773.48 268.90 1.65 0.67 1.73 2.19 1.53 13.79 -2.72 0.35
Car 0.00 0 -5.68 8.84 188.01 195.43 243.83 1.45 1.65 3.91 -13.70 1.53 19.57 -6.29 0.28
Car 0.00 0 -8.38 636.44 179.59 696.15 208.57 1.51 1.61 3.74 3.14 1.22 39.58 -8.30 0.27
Car 0.00 0 -4.12 12.87 182.80 154.58 233.50 1.46 1.56 4.17 -16.45 1.39 22.78 -4.75 0.19
Car 0.00 0 -4.65 504.53 181.59 532.24 204.05 1.43 1.57 3.91 -5.94 1.20 47.86 -4.77 0.17
Car 0.00 0 -7.76 431.96 168.76 457.90 190.21 1.65 1.65 4.15 -13.02 0.39 57.60 -7.98 0.13
Pedestrian 0.00 0 -4.99 858.86 228.94 915.59 355.59 1.15 0.37 0.59 2.67 1.59 7.03 -4.62 0.13
Cyclist 0.00 0 -3.57 1135.88 139.16 1240.00 331.24 1.85 0.92 2.00 6.95 1.41 7.68 -2.84 0.11
Pedestrian 0.00 0 -5.17 326.18 173.39 342.33 204.34 1.83 0.62 0.79 -16.42 1.13 43.08 -5.54 0.10
