Car 0.00 0 -7.82 584.77 176.10 611.33 200.10 1.53 1.64 3.63 -0.80 1.75 48.17 -7.83 0.79
Cyclist 0.00 0 -4.95 681.10 163.79 708.59 217.04 1.81 0.54 1.82 2.94 1.50 25.48 -4.84 0.78
Car 0.00 0 -6.18 991.02 156.12 1068.80 182.39 1.67 1.69 4.30 27.68 0.60 47.66 -5.66 0.23
Pedestrian 0.00 0 -5.98 1200.16 151.14 1222.28 181.81 1.77 0.47 0.89 35.07 0.52 42.13 -5.28 0.19
Pedestrian 0.00 0 -7.41 1041.71 154.81 1062.46 199.00 2.03 0.67 0.52 20.49 1.20 33.51 -6.86 0.17
Car 0.00 0 -2.98 400.25 179.98 485.24 210.63 1.50 1.67 3.99 -8.47 1.87 36.63 -3.21 0.16
Pedestrian 0.00 0 -2.79 895.02 167.73 934.66 254.93 1.58 0.55 0.53 5.65 1.49 13.49 -2.40 0.15
Pedestrian 0.00 0 -5.79 971.43 178.39 1015.37 268.75 1.32 0.37 0.47 5.74 1.41 10.91 -5.31 0.14
Cyclist 0.00 0 -4.21 0.00 181.90 44.04 309.92 1.72 0.56 1.60 -9.16 1.86 10.63 -4.92 0.14
Pedestrian 0.00 0 -5.54 938.38 183.00 974.73 259.48 1.24 0.33 0.44 5.72 1.41 12.02 -5.10 0.13
Car 0.00 0 -7.61 770.18 153.55 802.29 174.53 1.65 1.65 3.97 14.35 0.13 58.74 -7.37 0.12
Car 0.00 0 -2.49 298.22 187.16 431.06 236.70 1.45 1.63 3.86 -7.96 1.94 23.33 -2.82 0.12
Car 0.00 0 -2.53 168.59 184.81 311.32 231.48 1.49 1.64 4.17 -12.69 1.92 24.75 -3.01 0.11
Car 0.00 0 -7.73 398.50 179.95 455.81 221.13 1.52 1.74 4.52 -7.50 1.84 29.78 -7.97 0.10
