Car 0.00 0 -8.19 746.52 190.57 997.16 343.86 1.42 1.61 4.12 2.94 1.69 9.23 -7.88 0.96
Car 0.00 0 -2.28 0.00 191.86 52.28 374.00 1.49 1.63 4.16 -6.42 1.63 4.66 -3.22 0.95
Car 0.00 0 -8.00 651.87 174.12 712.37 220.75 1.70 1.73 4.38 2.73 1.75 28.60 -7.91 0.94
Car 0.00 0 -2.39 0.00 157.72 177.71 359.61 1.76 1.68 3.82 -6.76 1.63 7.15 -3.15 0.88
Car 0.00 0 -2.81 352.75 174.94 474.45 225.90 1.58 1.54 3.49 -6.36 1.65 23.38 -3.07 0.78
Car 0.00 0 -3.01 427.16 174.24 507.72 211.41 1.64 1.60 3.43 -6.49 1.71 32.90 -3.21 0.73
Car 0.00 0 -5.70 127.11 167.44 371.48 275.88 1.66 1.62 3.32 -5.99 1.58 12.08 -6.16 0.60
Car 0.00 0 -7.95 644.32 179.02 679.21 207.44 1.46 1.56 3.54 2.76 1.81 39.52 -7.88 0.54
Car 0.00 0 -7.00 721.04 185.83 925.02 267.63 1.42 1.55 3.85 4.23 1.70 14.47 -6.71 0.52
Pedestrian 0.00 0 -6.72 1045.49 185.53 1081.18 236.88 1.63 0.63 0.79 14.70 2.05 23.48 -6.16 0.47
Car 0.00 0 -6.08 432.59 170.82 525.73 207.65 1.76 1.70 4.23 -6.39 1.66 35.33 -6.26 0.46
Car 0.00 0 -4.78 634.31 175.17 659.48 197.67 1.54 1.55 3.77 2.58 1.71 51.59 -4.73 0.43
Car 0.00 0 -2.70 161.60 183.82 406.71 262.80 1.46 1.60 4.20 -6.45 1.70 14.45 -3.12 0.42
Car 0.00 0 -2.83 307.46 184.53 458.84 246.85 1.42 1.52 3.19 -5.47 1.71 17.48 -3.14 0.42
Car 0.00 0 -2.71 397.29 180.99 503.74 219.04 1.41 1.49 3.80 -6.27 1.74 28.29 -2.93 0.41
Car 0.00 0 -5.96 366.27 180.60 498.61 221.72 1.39 1.56 4.32 -6.33 1.68 25.78 -6.20 0.41
Cyclist 0.00 0 -3.55 1148.78 185.41 1233.75 240.58 1.65 0.83 1.89 18.08 2.06 22.54 -2.87 0.38
Pedestrian 0.00 0 -7.49 243.35 160.03 272.44 216.63 1.87 0.75 0.51 -11.83 1.45 24.16 -7.95 0.35
Car 0.00 0 -7.68 483.53 174.85 525.19 207.03 1.62 1.61 3.60 -5.62 1.74 38.47 -7.83 0.35
Pedestrian 0.00 0 -5.62 515.97 173.20 533.37 204.83 1.80 0.60 0.79 -4.95 1.82 41.56 -5.74 0.33
Car 0.00 0 -4.86 357.25 182.71 432.80 241.38 1.44 1.50 3.76 -6.19 1.74 20.36 -5.15 0.31
Pedestrian 0.00 0 -3.70 1001.75 153.94 1083.18 268.87 2.00 0.59 1.10 7.66 1.68 12.89 -3.17 0.27
Car 0.00 0 -6.66 782.57 182.55 928.40 231.21 1.49 1.64 4.18 7.86 1.82 23.46 -6.33 0.25
Pedestrian 0.00 0 -4.22 1154.24 163.64 1171.78 201.23 1.88 0.60 0.36 27.90 1.42 36.45 -3.57 0.23
Cyclist 0.00 0 -6.97 784.90 168.84 813.80 200.62 1.81 0.57 1.62 10.93 1.58 41.77 -6.71 0.20
Pedestrian 0.00 0 -6.94 1186.60 167.68 1212.68 201.25 1.71 0.83 0.67 30.26 1.44 37.08 -6.25 0.19
Car 0.00 0 -7.83 530.44 174.86 551.73 195.50 1.54 1.55 3.62 -5.33 1.70 55.87 -7.92 0.19
Car 0.00 0 -2.46 487.80 174.34 548.02 197.55 1.56 1.65 4.05 -6.49 1.67 50.49 -2.58 0.17
Pedestrian 0.00 0 -6.67 1035.11 172.88 1077.46 242.55 1.77 0.61 0.76 11.52 1.77 18.72 -6.11 0.17
Pedestrian 0.00 0 -7.90 260.21 160.61 279.96 208.79 1.80 0.65 0.48 -12.95 1.35 27.39 -8.34 0.14
Car 0.00 0 -7.84 628.59 174.00 647.50 192.94 1.58 1.58 3.83 2.43 1.68 62.46 -7.80 0.13
Car 0.00 0 -8.00 1059.51 179.03 1154.88 242.60 1.55 1.62 3.66 13.56 1.73 19.93 -7.41 0.12
Pedestrian 0.00 0 -4.59 837.43 175.85 855.29 219.80 1.81 0.62 0.77 9.86 1.94 30.23 -4.27 0.12
Car 0.00 0 -5.38 643.98 179.61 723.08 213.69 1.49 1.62 3.99 3.40 1.83 34.40 -5.28 0.12
Cyclist 0.00 0 -5.08 921.34 180.52 988.26 273.69 1.59 0.55 1.63 6.27 1.74 13.30 -4.64 0.10
