Car 0.00 0 -4.15 1196.24 190.46 1223.00 369.57 1.43 1.60 4.37 8.38 1.55 6.83 -3.26 0.96
Cyclist 0.00 0 -7.16 714.72 171.03 843.35 303.37 1.69 0.81 1.76 2.40 1.57 9.87 -6.92 0.60
Pedestrian 0.00 0 -5.84 194.04 167.73 255.12 262.19 1.85 0.67 0.88 -7.69 1.61 14.24 -6.33 0.52
Pedestrian 0.00 0 -3.66 298.45 163.77 351.74 266.82 1.84 0.71 0.65 -5.24 1.55 13.12 -4.04 0.37
Pedestrian 0.00 0 -4.26 382.09 183.28 423.42 266.61 1.58 0.56 0.62 -3.98 1.64 13.79 -4.54 0.31
Car 0.00 0 -7.73 209.50 186.63 262.90 223.50 1.43 1.56 3.73 -15.60 1.70 30.01 -8.21 0.28
Pedestrian 0.00 0 -6.46 172.80 179.52 197.55 211.82 1.76 0.56 1.10 -23.23 1.71 39.11 -7.00 0.26
Car 0.00 0 -7.63 731.38 132.76 787.46 169.57 1.50 1.68 3.86 7.07 -0.53 32.22 -7.41 0.24
Pedestrian 0.00 0 -4.60 573.66 156.40 623.32 274.21 1.89 0.74 0.87 -0.14 1.50 11.78 -4.61 0.22
Cyclist 0.00 0 -4.14 575.40 126.85 610.08 171.10 1.80 0.61 1.76 -0.53 -0.41 30.08 -4.15 0.20
Cyclist 0.00 0 -2.45 0.00 175.94 60.81 226.02 1.76 0.63 1.71 -20.47 1.60 25.14 -3.13 0.17
Pedestrian 0.00 0 -3.65 847.06 123.80 870.63 185.27 1.79 0.53 0.45 7.46 0.14 20.87 -3.30 0.15
Pedestrian 0.00 0 -5.25 875.26 157.95 936.30 269.47 1.87 0.61 0.89 5.18 1.49 12.32 -4.85 0.15
Pedestrian 0.00 0 -5.09 720.98 158.63 777.68 274.17 1.88 0.70 0.78 2.38 1.53 11.96 -4.89 0.13
Pedestrian 0.00 0 -3.85 250.49 180.09 266.50 207.74 1.77 0.61 0.70 -22.39 1.74 45.68 -4.30 0.11
Car 0.00 0 -4.71 477.47 143.56 502.23 167.79 1.60 1.70 3.92 -8.29 -0.95 50.95 -4.87 0.10
Pedestrian 0.00 0 -4.01 230.30 159.86 291.63 260.56 1.93 0.65 0.94 -6.88 1.54 14.07 -4.47 0.10
Pedestrian 0.00 0 -4.56 301.86 166.97 342.91 263.25 1.86 0.65 0.80 -5.67 1.60 14.12 -4.95 0.10
