Car 0.00 0 -4.12 1197.04 190.54 1223.00 368.19 1.44 1.57 4.23 8.33 1.55 6.83 -3.24 0.96
Cyclist 0.00 0 -6.84 637.45 169.99 781.64 317.79 1.74 0.72 1.70 1.29 1.62 9.01 -6.70 0.72
Pedestrian 0.00 0 -6.36 169.95 166.99 216.19 264.36 1.84 0.64 0.74 -8.12 1.59 13.85 -6.89 0.63
Pedestrian 0.00 0 -6.43 231.90 172.32 267.12 253.44 1.73 0.62 0.60 -7.83 1.56 15.48 -6.90 0.59
Pedestrian 0.00 0 -2.39 380.38 182.21 424.27 265.73 1.58 0.56 0.60 -3.99 1.62 13.77 -2.67 0.37
Pedestrian 0.00 0 -6.78 240.31 178.67 259.47 207.45 1.81 0.52 0.96 -22.61 1.70 45.02 -7.24 0.35
Pedestrian 0.00 0 -3.47 848.27 125.12 870.18 187.14 1.80 0.54 0.46 7.45 0.19 20.83 -3.13 0.24
Pedestrian 0.00 0 -3.81 306.14 168.26 357.59 268.77 1.80 0.61 0.65 -5.09 1.58 13.07 -4.18 0.22
Cyclist 0.00 0 -4.12 574.38 126.94 610.67 172.11 1.83 0.62 1.83 -0.53 -0.36 29.88 -4.14 0.20
Car 0.00 0 -7.62 730.00 127.05 786.73 164.79 1.51 1.67 3.92 7.04 -0.76 32.26 -7.41 0.20
Cyclist 0.00 0 -2.46 0.00 172.74 60.42 223.38 1.77 0.65 1.72 -20.47 1.50 25.10 -3.14 0.19
Pedestrian 0.00 0 -2.87 175.93 176.40 196.51 210.22 1.85 0.68 0.83 -23.15 1.63 39.08 -3.41 0.17
Car 0.00 0 -7.77 470.70 137.66 506.56 166.82 1.45 1.63 3.78 -6.38 -0.79 39.00 -7.93 0.14
Car 0.00 0 -7.75 0.00 180.63 16.78 228.23 1.60 1.66 4.19 -22.93 1.61 25.99 -8.47 0.14
Cyclist 0.00 0 -4.65 69.82 178.04 86.86 217.41 1.75 0.52 1.76 -24.01 1.64 32.21 -5.29 0.14
Pedestrian 0.00 0 -4.83 573.30 159.45 621.55 275.52 1.87 0.72 0.74 -0.18 1.53 11.79 -4.85 0.13
Cyclist 0.00 0 -2.33 28.48 179.09 63.89 211.07 1.80 0.67 1.59 -31.74 1.72 40.16 -3.00 0.11
Pedestrian 0.00 0 -5.29 876.16 155.80 936.64 267.48 1.87 0.60 0.85 5.19 1.46 12.31 -4.89 0.11
Pedestrian 0.00 0 -4.69 503.88 150.82 537.44 252.44 2.01 0.66 0.80 -1.76 1.43 14.44 -4.81 0.10
Car 0.00 0 -7.91 476.73 143.21 504.12 168.24 1.66 1.72 3.99 -8.31 -0.92 51.09 -8.07 0.10
