Car 0.00 0 -8.26 826.36 184.71 1133.22 361.31 1.50 1.62 3.89 3.81 1.67 8.36 -7.84 0.98
Car 0.00 0 -8.07 756.91 180.19 886.06 271.86 1.49 1.60 3.62 3.85 1.65 13.87 -7.80 0.97
Car 0.00 0 -4.36 263.40 188.62 431.44 288.18 1.47 1.61 3.95 -4.66 1.81 13.29 -4.70 0.96
Car 0.00 0 -8.08 708.82 179.47 807.05 243.32 1.47 1.62 4.15 3.74 1.67 19.17 -7.89 0.95
Car 0.00 0 -4.47 385.68 183.77 485.02 249.94 1.50 1.63 3.86 -4.50 1.82 18.95 -4.70 0.95
Car 0.00 0 -8.74 1033.20 195.69 1241.00 374.00 1.55 1.63 3.82 3.84 1.72 3.28 -7.88 0.93
Car 0.00 0 -4.51 439.04 183.98 514.14 232.51 1.42 1.65 4.24 -4.41 1.83 24.22 -4.69 0.90
Car 0.00 0 -4.55 522.81 177.88 561.04 207.53 1.55 1.58 3.58 -3.79 1.85 40.28 -4.65 0.87
Car 0.00 0 -7.96 691.86 179.14 738.34 216.96 1.43 1.54 3.32 4.21 1.71 29.57 -7.82 0.71
Car 0.00 0 -8.01 698.13 179.15 763.25 227.65 1.46 1.57 3.71 3.90 1.69 24.10 -7.85 0.50
Car 0.00 0 -8.57 1012.46 165.98 1151.50 216.84 1.53 1.60 3.98 15.30 1.32 23.73 -7.99 0.36
Car 0.00 0 -6.39 1008.13 165.34 1135.60 207.60 1.60 1.76 4.15 18.37 1.31 29.00 -5.82 0.31
Car 0.00 0 -6.62 1189.11 165.50 1241.00 219.25 1.52 1.65 3.88 20.23 1.31 21.92 -5.87 0.31
Car 0.00 0 -8.07 912.78 170.58 958.56 199.74 1.55 1.57 3.72 18.11 1.43 40.34 -7.64 0.29
Car 0.00 0 -8.62 1066.45 161.62 1241.00 241.61 1.56 1.61 3.92 12.34 1.34 16.12 -7.96 0.27
Car 0.00 0 -7.99 683.58 177.46 728.64 211.64 1.55 1.65 3.95 4.58 1.78 35.17 -7.86 0.27
Car 0.00 0 -4.63 540.55 176.06 571.06 203.05 1.59 1.60 3.83 -3.37 1.80 44.91 -4.71 0.20
Car 0.00 0 -8.03 682.47 177.25 720.89 206.02 1.54 1.53 3.60 5.12 1.80 40.90 -7.91 0.19
Pedestrian 0.00 0 -5.42 15.39 178.42 69.51 262.76 1.65 0.58 0.64 -11.46 1.77 14.52 -6.09 0.16
Cyclist 0.00 0 -4.40 395.52 175.14 423.15 221.80 1.75 0.54 1.70 -7.82 1.84 28.02 -4.67 0.13
Car 0.00 0 -6.84 986.71 167.00 1155.54 220.99 1.50 1.67 3.83 13.24 1.34 20.95 -6.28 0.13
Car 0.00 0 -2.63 235.44 189.51 367.65 236.71 1.41 1.55 3.61 -9.90 1.97 23.18 -3.03 0.13
Pedestrian 0.00 0 -5.65 669.27 171.81 678.58 190.95 1.79 0.52 0.70 5.99 1.69 67.84 -5.56 0.12
Pedestrian 0.00 0 -5.01 967.46 153.10 992.50 203.06 1.87 0.62 0.89 14.03 1.13 27.46 -4.53 0.11
