Car 0.00 0 -7.64 390.53 182.17 485.59 253.15 1.67 1.70 3.95 -4.57 1.95 19.52 -7.87 0.97
Car 0.00 0 -7.50 200.88 198.59 408.06 330.85 1.46 1.61 3.46 -4.21 1.89 10.40 -7.89 0.97
Car 0.00 0 -7.99 703.41 181.37 808.56 268.02 1.48 1.56 3.39 2.74 1.68 14.43 -7.81 0.96
Car 0.00 0 -7.97 652.70 179.36 698.25 219.21 1.53 1.49 3.39 2.63 1.82 30.02 -7.88 0.95
Car 0.00 0 -8.50 854.65 178.03 1241.00 374.00 1.61 1.61 3.72 2.88 1.66 4.22 -7.90 0.92
Car 0.00 0 -4.57 482.35 183.71 528.36 221.09 1.58 1.58 3.82 -4.85 2.12 33.57 -4.71 0.90
Car 0.00 0 -4.61 523.04 185.39 551.71 209.24 1.50 1.55 3.75 -4.94 2.38 49.14 -4.71 0.52
Car 0.00 0 -3.39 714.59 180.17 823.12 224.00 1.46 1.58 3.42 5.46 1.73 25.25 -3.18 0.52
Cyclist 0.00 0 -6.13 267.04 181.59 365.74 268.15 1.77 0.63 1.87 -6.27 1.96 15.36 -6.52 0.39
Pedestrian 0.00 0 -5.96 614.80 177.77 623.94 198.41 1.85 0.52 0.70 0.83 2.30 65.31 -5.94 0.30
Car 0.00 0 -4.61 692.46 178.27 721.68 203.05 1.56 1.54 3.93 6.53 1.94 48.46 -4.47 0.20
Pedestrian 0.00 0 -4.68 660.22 167.64 674.33 209.87 2.02 0.66 0.94 2.74 1.77 34.99 -4.60 0.19
Car 0.00 0 -6.05 690.10 178.44 790.30 214.97 1.54 1.71 4.16 5.82 1.80 32.49 -5.88 0.18
Car 0.00 0 -4.39 546.32 182.88 576.31 201.08 1.61 1.68 3.83 -4.57 2.58 67.99 -4.45 0.15
Cyclist 0.00 0 -8.46 1086.97 170.74 1181.86 271.83 1.60 0.46 1.61 8.80 1.57 12.25 -7.84 0.14
Cyclist 0.00 0 -4.51 578.13 179.71 588.87 201.10 1.70 0.56 1.69 -2.18 2.27 58.91 -4.55 0.12
Pedestrian 0.00 0 -4.62 711.19 152.37 745.38 239.96 2.04 0.71 1.22 2.83 1.56 17.47 -4.46 0.12
Pedestrian 0.00 0 -5.80 670.97 172.29 685.08 199.95 1.92 0.55 0.82 4.73 1.88 50.49 -5.71 0.12
Pedestrian 0.00 0 -3.46 877.78 125.68 1015.25 348.72 1.98 0.53 1.05 3.05 1.56 6.72 -3.03 0.11
