Car 0.00 0 -4.13 67.44 196.19 193.61 243.46 1.38 1.64 4.21 -16.65 2.27 25.27 -4.72 0.81
Car 0.00 0 -4.43 318.56 188.66 369.46 219.16 1.44 1.54 3.66 -13.98 2.32 37.99 -4.78 0.69
Car 0.00 0 -4.61 428.41 182.16 452.92 201.67 1.54 1.61 3.88 -14.25 2.35 60.77 -4.84 0.57
Pedestrian 0.00 0 -2.86 427.20 197.40 555.16 374.00 1.70 0.56 0.66 -0.77 1.86 4.46 -3.04 0.30
Pedestrian 0.00 0 -8.42 964.42 174.13 1140.63 374.00 1.60 0.63 0.74 2.64 1.61 4.47 -7.89 0.24
Cyclist 0.00 0 -8.28 1030.77 155.75 1120.40 273.12 1.70 0.52 1.70 7.20 1.45 11.32 -7.71 0.18
Pedestrian 0.00 0 -3.96 1153.64 147.71 1241.00 287.93 1.67 0.65 0.63 7.27 1.37 8.96 -3.28 0.17
Car 0.00 0 -4.28 296.67 187.58 371.20 223.23 1.45 1.61 4.19 -12.67 2.18 33.30 -4.65 0.14
Car 0.00 0 -4.30 296.08 189.13 381.36 234.26 1.43 1.53 3.76 -9.79 2.07 26.20 -4.66 0.14
Pedestrian 0.00 0 -3.07 656.03 198.86 760.30 374.00 1.65 0.59 0.60 0.57 1.83 4.46 -2.94 0.13
Pedestrian 0.00 0 -4.69 659.71 169.62 671.76 205.63 1.93 0.64 0.83 2.99 1.76 39.08 -4.62 0.11
Cyclist 0.00 0 -7.94 565.66 176.03 581.98 213.73 1.74 0.63 1.71 -1.77 1.89 34.25 -7.99 0.11
Car 0.00 0 -4.23 161.26 196.47 294.94 258.67 1.34 1.50 3.75 -9.87 2.02 18.88 -4.71 0.10
