Car 0.00 0 -8.23 802.78 183.01 1061.09 334.06 1.51 1.66 3.97 3.82 1.67 9.48 -7.84 0.97
Car 0.00 0 -4.39 292.71 187.56 442.35 279.73 1.49 1.62 3.90 -4.64 1.82 14.26 -4.70 0.97
Car 0.00 0 -8.08 744.04 181.71 866.99 264.55 1.45 1.59 3.77 3.83 1.65 14.91 -7.83 0.96
Car 0.00 0 -4.51 449.55 183.78 518.04 229.19 1.40 1.57 4.01 -4.36 1.81 25.23 -4.68 0.93
Car 0.00 0 -8.05 708.68 179.42 795.96 240.09 1.48 1.61 4.07 3.80 1.68 20.10 -7.86 0.91
Car 0.00 0 -8.63 967.64 190.61 1241.00 374.00 1.56 1.60 3.59 3.84 1.71 4.32 -7.90 0.91
Car 0.00 0 -4.46 398.99 184.21 490.78 245.49 1.48 1.58 3.75 -4.51 1.83 20.03 -4.68 0.87
Car 0.00 0 -4.58 526.10 178.14 561.49 207.01 1.56 1.58 3.38 -3.78 1.87 41.26 -4.67 0.83
Car 0.00 0 -7.96 690.43 179.11 735.69 216.29 1.46 1.55 3.44 4.28 1.74 30.63 -7.82 0.52
Car 0.00 0 -8.20 898.34 175.37 952.11 202.40 1.48 1.61 3.93 18.14 1.63 41.78 -7.79 0.43
Car 0.00 0 -7.97 697.15 178.79 757.12 225.73 1.48 1.60 3.79 3.96 1.70 25.13 -7.82 0.42
Car 0.00 0 -8.55 1004.03 167.02 1132.04 215.48 1.51 1.53 3.84 15.30 1.32 24.43 -7.99 0.35
Car 0.00 0 -7.98 681.92 175.84 726.26 210.98 1.66 1.68 4.17 4.65 1.82 36.43 -7.86 0.34
Cyclist 0.00 0 -7.59 561.07 178.98 572.65 204.63 1.55 0.36 1.44 -2.70 1.94 44.75 -7.65 0.21
Car 0.00 0 -7.89 510.24 171.19 530.76 189.51 1.55 1.64 3.90 -7.88 1.41 63.11 -8.01 0.19
Car 0.00 0 -7.96 685.33 176.95 720.22 206.74 1.64 1.62 3.94 5.34 1.89 42.15 -7.83 0.14
Car 0.00 0 -4.92 1157.20 167.85 1241.00 218.51 1.55 1.64 3.97 19.78 1.40 24.24 -4.23 0.14
Car 0.00 0 -7.27 1119.82 166.43 1241.00 236.50 1.46 1.62 4.13 13.85 1.32 16.35 -6.57 0.13
Cyclist 0.00 0 -7.03 991.09 167.92 1030.85 207.39 1.85 0.67 1.64 19.09 1.62 34.42 -6.52 0.13
Car 0.00 0 -2.72 254.34 186.71 381.11 231.12 1.41 1.55 3.63 -9.81 1.89 24.26 -3.11 0.11
Pedestrian 0.00 0 -7.37 407.86 183.37 428.61 221.94 1.57 0.62 0.61 -8.00 2.01 29.95 -7.63 0.10
