Pedestrian 0.00 0 -3.59 1064.64 144.92 1222.40 336.37 1.78 0.72 1.04 5.27 1.44 7.12 -2.95 0.91
Pedestrian 0.00 0 -4.94 229.10 163.13 291.72 279.07 1.77 0.70 1.00 -5.55 1.49 11.57 -5.39 0.89
Car 0.00 0 -4.76 524.64 167.56 566.02 204.28 1.57 1.68 3.93 -2.63 0.98 32.83 -4.84 0.84
Pedestrian 0.00 0 -5.49 782.67 151.42 884.99 315.09 1.78 0.70 0.90 2.64 1.45 8.36 -5.19 0.82
Pedestrian 0.00 0 -8.38 705.46 164.17 792.80 322.96 1.65 0.57 0.90 1.57 1.47 7.96 -8.18 0.79
Pedestrian 0.00 0 -8.23 615.83 165.94 652.90 238.09 1.66 0.61 0.83 0.74 1.31 17.06 -8.19 0.75
Pedestrian 0.00 0 -4.74 950.24 159.80 983.09 233.79 1.57 0.62 0.63 7.93 1.11 15.69 -4.27 0.60
Pedestrian 0.00 0 -2.49 583.37 166.62 605.01 199.73 1.64 0.61 0.91 -0.37 0.91 36.14 -2.50 0.56
Car 0.00 0 -5.26 27.98 174.55 191.42 248.23 1.71 1.66 3.83 -12.49 1.55 18.20 -5.86 0.54
Pedestrian 0.00 0 -5.29 759.25 147.40 828.95 270.24 1.84 0.65 0.94 2.98 1.33 11.31 -5.03 0.53
Pedestrian 0.00 0 -4.12 309.63 164.02 374.68 270.86 1.77 0.72 0.82 -4.50 1.48 12.38 -4.46 0.49
Pedestrian 0.00 0 -8.08 221.32 164.66 256.77 233.96 1.87 0.69 0.92 -10.09 1.42 19.94 -8.55 0.49
Cyclist 0.00 0 -4.52 479.59 171.59 501.56 214.30 1.58 0.54 1.60 -4.25 1.22 27.46 -4.67 0.44
Pedestrian 0.00 0 -6.45 1076.92 143.06 1165.77 295.83 1.76 0.60 0.78 6.23 1.32 8.71 -5.83 0.37
Pedestrian 0.00 0 -4.39 356.28 167.16 406.23 268.80 1.67 0.57 0.87 -3.79 1.44 12.27 -4.69 0.37
Pedestrian 0.00 0 -7.31 387.06 163.96 415.35 214.51 1.82 0.67 0.81 -7.35 1.19 26.33 -7.58 0.33
Pedestrian 0.00 0 -5.75 1049.67 172.13 1131.37 300.50 1.44 0.45 0.66 5.68 1.33 8.43 -5.16 0.31
Pedestrian 0.00 0 -7.69 332.62 194.65 379.07 282.08 1.34 0.61 0.59 -3.95 1.56 11.45 -8.02 0.24
Cyclist 0.00 0 -5.19 580.02 162.24 602.19 193.58 1.72 0.55 1.65 -0.59 0.66 40.31 -5.20 0.23
Pedestrian 0.00 0 -4.95 932.25 149.88 969.55 225.58 1.74 0.62 0.83 8.23 1.02 17.02 -4.50 0.23
Pedestrian 0.00 0 -8.22 667.04 166.98 693.07 220.79 1.65 0.55 0.82 2.42 1.20 22.43 -8.11 0.21
Car 0.00 0 -4.48 0.00 186.39 3.65 247.84 1.51 1.62 4.02 -18.36 1.67 20.19 -5.22 0.21
Pedestrian 0.00 0 -7.14 706.02 166.93 743.24 231.46 1.60 0.62 0.71 3.10 1.24 18.27 -6.97 0.18
Pedestrian 0.00 0 -7.78 1151.38 144.68 1216.19 266.53 1.65 0.67 0.78 8.27 1.15 10.25 -7.10 0.17
Pedestrian 0.00 0 -4.60 711.62 151.23 736.42 213.12 1.92 0.66 1.07 3.89 0.98 22.88 -4.43 0.16
Car 0.00 0 -2.72 521.86 168.25 591.73 193.75 1.56 1.66 4.08 -2.81 0.75 45.34 -2.79 0.16
Cyclist 0.00 0 -3.88 667.25 167.56 731.15 231.61 1.61 0.61 1.69 2.53 1.26 18.76 -3.74 0.15
Car 0.00 0 -4.48 393.17 155.98 489.86 225.09 1.93 1.90 4.72 -4.86 1.22 22.41 -4.70 0.15
Cyclist 0.00 0 -7.89 985.49 143.09 1028.48 263.06 1.76 0.52 1.72 6.37 1.20 11.40 -7.38 0.14
Pedestrian 0.00 0 -8.14 793.36 154.48 822.92 217.59 1.83 0.63 0.82 6.07 1.05 21.22 -7.86 0.13
Pedestrian 0.00 0 -7.34 209.82 172.88 240.30 231.12 1.71 0.64 0.50 -11.19 1.46 21.31 -7.82 0.13
Pedestrian 0.00 0 -7.61 205.81 169.81 232.01 226.19 1.77 0.59 0.72 -12.24 1.40 22.96 -8.10 0.13
Pedestrian 0.00 0 -5.95 559.91 164.95 571.24 187.32 1.79 0.51 0.79 -2.86 0.47 57.87 -6.00 0.13
Pedestrian 0.00 0 -7.50 692.82 159.20 707.65 199.83 1.83 0.57 0.38 4.47 0.82 32.59 -7.37 0.12
Pedestrian 0.00 0 -4.97 839.22 157.58 881.19 247.11 1.68 0.57 0.84 4.96 1.23 13.91 -4.63 0.11
Pedestrian 0.00 0 -8.57 1111.84 117.72 1154.11 187.37 1.86 0.65 0.66 14.39 0.16 19.49 -7.94 0.11
Cyclist 0.00 0 -8.16 679.19 160.72 702.58 208.04 1.67 0.38 1.61 3.22 0.94 26.12 -8.04 0.10
Car 0.00 0 -7.77 506.27 166.20 528.95 185.31 1.61 1.66 3.64 -7.22 0.32 62.38 -7.89 0.10
