Car 0.00 0 -8.59 754.66 193.85 1241.00 374.00 1.56 1.66 3.71 2.44 1.75 4.55 -8.10 0.97
Car 0.00 0 -8.26 621.00 197.91 883.27 368.14 1.48 1.64 4.06 1.41 1.87 9.06 -8.11 0.96
Car 0.00 0 -4.55 177.07 207.54 295.08 302.80 1.45 1.52 3.43 -7.25 2.22 14.18 -5.03 0.93
Car 0.00 0 -4.43 0.00 212.64 236.38 374.00 1.47 1.69 4.08 -5.37 2.02 7.79 -5.04 0.92
Car 0.00 0 -8.02 506.30 192.05 591.46 268.10 1.65 1.59 3.68 -1.72 2.19 18.59 -8.11 0.92
Car 0.00 0 -8.11 560.98 199.36 699.74 298.87 1.43 1.63 3.92 0.17 2.01 13.57 -8.09 0.91
Car 0.00 0 -4.63 282.74 191.07 347.53 250.42 1.76 1.73 4.36 -10.25 2.46 25.22 -5.01 0.67
Car 0.00 0 -7.89 470.54 197.50 510.97 236.10 1.40 1.56 3.61 -5.14 2.51 30.61 -8.05 0.63
Car 0.00 0 -4.61 489.31 197.34 546.87 247.01 1.46 1.61 4.07 -3.18 2.39 25.26 -4.74 0.40
Car 0.00 0 -4.79 340.64 196.26 369.85 222.97 1.51 1.48 3.24 -16.20 3.05 45.72 -5.13 0.40
Car 0.00 0 -8.01 449.35 194.32 485.43 222.71 1.48 1.56 3.50 -8.47 2.81 42.50 -8.20 0.39
Cyclist 0.00 0 -6.79 648.34 170.08 685.33 207.70 1.94 0.68 1.84 2.95 1.80 37.93 -6.72 0.38
Car 0.00 0 -7.93 460.84 196.53 498.08 230.69 1.48 1.56 3.55 -6.58 2.73 35.91 -8.11 0.31
Pedestrian 0.00 0 -2.17 269.50 178.44 285.83 217.69 1.92 0.61 0.41 -16.49 2.20 35.71 -2.60 0.30
Pedestrian 0.00 0 -8.25 736.86 165.97 759.86 216.30 1.94 0.70 0.61 5.35 1.67 28.13 -8.06 0.21
Pedestrian 0.00 0 -6.25 448.74 193.00 460.13 220.39 1.68 0.61 0.68 -9.76 2.95 45.11 -6.47 0.21
Cyclist 0.00 0 -2.78 546.71 182.11 577.19 211.61 1.79 0.69 1.76 -3.01 2.37 44.76 -2.85 0.20
Car 0.00 0 -7.31 543.41 180.84 592.09 204.62 1.62 1.67 4.13 -3.07 2.23 52.84 -7.37 0.17
Pedestrian 0.00 0 -4.85 1023.65 149.77 1060.28 236.53 1.80 0.58 0.67 9.17 1.32 15.42 -4.31 0.14
Car 0.00 0 -2.65 359.78 198.89 519.31 264.11 1.55 1.61 3.88 -4.61 2.30 19.43 -2.88 0.14
Car 0.00 0 -7.09 532.30 179.49 582.95 202.43 1.67 1.70 3.88 -4.04 2.20 55.80 -7.17 0.12
Pedestrian 0.00 0 -5.67 525.57 179.39 538.51 206.24 1.92 0.60 0.71 -5.66 2.39 52.14 -5.78 0.12
