Car 0.00 0 -7.26 0.00 189.22 198.65 301.18 1.46 1.61 4.00 -8.51 1.54 11.55 -7.89 0.97
Car 0.00 0 -7.64 381.68 183.26 491.81 258.52 1.47 1.60 3.67 -3.69 1.44 15.91 -7.86 0.97
Car 0.00 0 -7.41 206.10 175.03 345.27 250.50 1.64 1.61 3.75 -7.94 1.42 17.46 -7.84 0.96
Car 0.00 0 -7.83 577.21 179.26 617.20 215.39 1.49 1.66 3.85 -0.45 1.25 31.68 -7.84 0.94
Car 0.00 0 -7.72 491.90 181.09 546.78 220.71 1.44 1.58 4.31 -3.44 1.29 28.34 -7.84 0.93
Car 0.00 0 -7.06 0.00 187.95 49.72 283.96 1.41 1.54 3.78 -12.06 1.46 12.55 -7.83 0.86
Car 0.00 0 -7.69 456.18 178.48 493.56 203.34 1.41 1.61 3.76 -7.88 1.03 42.75 -7.88 0.85
Car 0.00 0 -7.59 333.56 184.08 413.59 230.23 1.44 1.60 3.97 -7.88 1.40 24.42 -7.90 0.81
Car 0.00 0 -7.31 67.40 187.79 218.00 246.12 1.38 1.59 3.86 -12.25 1.46 19.18 -7.88 0.78
Car 0.00 0 -4.05 0.00 172.75 8.28 212.42 1.38 1.52 3.70 -24.71 0.95 26.94 -4.79 0.60
Car 0.00 0 -4.40 399.73 182.74 459.80 217.28 1.41 1.47 3.67 -7.71 1.31 31.31 -4.64 0.39
Car 0.00 0 -4.78 493.98 175.28 516.05 193.47 1.53 1.61 4.09 -8.99 0.70 62.64 -4.93 0.23
Car 0.00 0 -2.70 245.27 179.39 353.23 213.57 1.48 1.62 4.11 -13.68 1.22 31.91 -3.10 0.21
Car 0.00 0 -8.05 468.48 174.55 499.02 196.53 1.55 1.53 3.61 -9.11 0.80 52.53 -8.22 0.19
Car 0.00 0 -4.21 197.33 171.98 242.33 192.41 1.82 1.73 4.47 -35.73 0.64 66.32 -4.71 0.16
Car 0.00 0 -7.86 649.46 179.51 687.72 214.80 1.49 1.61 3.78 2.67 1.25 32.27 -7.78 0.15
Car 0.00 0 -6.10 561.86 176.78 646.01 206.62 1.60 1.72 4.43 -0.21 1.15 39.89 -6.11 0.14
Cyclist 0.00 0 -6.93 197.41 170.63 242.89 212.92 1.74 0.59 1.68 -16.48 1.14 30.53 -7.42 0.13
Car 0.00 0 -2.97 631.22 178.58 688.46 200.64 1.51 1.62 3.79 3.65 1.06 50.52 -2.89 0.10
