Car 0.00 0 -7.11 0.00 204.87 314.98 369.00 1.53 1.60 3.94 -3.13 1.72 3.52 -7.84 0.95
Pedestrian 0.00 0 -7.71 277.10 177.76 312.38 255.88 1.55 0.57 0.69 -6.36 1.49 14.41 -8.13 0.60
Cyclist 0.00 0 -8.30 977.82 153.32 1026.54 222.09 1.72 0.42 1.71 10.36 1.04 18.56 -7.79 0.57
Pedestrian 0.00 0 -2.77 609.35 156.44 667.22 273.02 1.77 0.80 0.67 0.49 1.40 11.22 -2.72 0.47
Cyclist 0.00 0 -8.30 876.12 155.73 906.49 194.34 1.78 0.56 1.92 13.57 0.64 33.61 -7.92 0.32
Car 0.00 0 -4.72 639.21 167.38 655.94 183.05 1.49 1.59 3.52 4.16 0.24 68.96 -4.66 0.29
Pedestrian 0.00 0 -7.44 788.78 161.84 806.41 195.37 1.76 0.66 0.74 10.26 0.78 37.70 -7.17 0.28
Pedestrian 0.00 0 -7.96 987.02 147.53 1005.38 187.54 1.89 0.71 0.59 18.65 0.33 33.74 -7.46 0.23
Cyclist 0.00 0 -8.00 805.27 163.91 818.15 196.27 1.63 0.41 1.60 10.66 0.80 36.52 -7.72 0.22
Pedestrian 0.00 0 -3.07 774.91 159.23 793.47 191.65 1.84 0.57 1.00 10.28 0.63 40.57 -2.83 0.20
Pedestrian 0.00 0 -5.74 582.05 168.86 594.98 193.78 1.73 0.58 0.71 -1.15 0.92 49.59 -5.76 0.18
Car 0.00 0 -7.88 491.56 171.02 522.93 199.65 1.54 1.66 4.24 -5.63 1.03 40.31 -8.02 0.17
Pedestrian 0.00 0 -3.16 877.14 158.12 889.93 197.09 1.81 0.56 0.55 13.06 0.77 33.19 -2.79 0.16
Pedestrian 0.00 0 -5.78 561.61 167.81 577.43 195.02 1.74 0.51 0.88 -2.29 0.93 45.62 -5.83 0.15
Cyclist 0.00 0 -3.53 1014.41 149.10 1060.84 187.88 1.80 0.62 1.75 20.27 0.34 33.17 -2.98 0.15
Pedestrian 0.00 0 -3.95 910.76 159.68 921.67 192.28 1.74 0.48 0.27 16.68 0.63 37.93 -3.53 0.14
Car 0.00 0 -6.36 1157.92 161.45 1223.00 195.13 1.46 1.54 3.57 27.55 0.64 32.30 -5.65 0.14
Car 0.00 0 -5.42 768.85 166.59 829.05 190.84 1.51 1.68 3.87 12.60 0.65 46.15 -5.15 0.13
Car 0.00 0 -7.89 624.19 166.33 666.47 205.46 1.57 1.64 4.22 1.65 1.00 30.49 -7.84 0.13
Pedestrian 0.00 0 -6.52 703.71 163.50 711.20 182.20 1.79 0.62 0.58 9.90 0.16 68.13 -6.38 0.13
Pedestrian 0.00 0 -7.59 923.93 157.14 941.97 193.53 1.79 0.66 0.68 16.36 0.64 35.31 -7.15 0.13
Cyclist 0.00 0 -3.84 1059.35 151.61 1144.08 221.38 1.67 0.68 1.65 12.16 0.98 17.38 -3.23 0.13
Pedestrian 0.00 0 -3.54 1156.47 162.25 1199.68 235.50 1.44 0.45 0.54 11.41 1.08 14.14 -2.86 0.12
Pedestrian 0.00 0 -7.22 773.67 167.27 789.54 196.12 1.59 0.55 0.69 9.81 0.86 39.29 -6.98 0.10
