Car 0.00 0 -8.18 730.84 189.08 952.86 324.12 1.49 1.67 4.60 3.09 1.79 10.84 -7.90 0.98
Car 0.00 0 -8.02 641.81 175.01 709.23 231.19 1.94 1.80 4.70 2.35 2.03 27.55 -7.93 0.87
Car 0.00 0 -6.01 425.60 177.93 491.73 205.19 1.66 1.65 3.76 -9.50 1.99 45.28 -6.22 0.72
Car 0.00 0 -5.03 853.87 193.34 951.67 245.82 1.39 1.70 3.91 9.03 2.09 22.70 -4.65 0.50
Car 0.00 0 -8.37 922.67 187.82 1241.00 343.89 1.53 1.70 4.37 5.91 1.78 9.71 -7.83 0.48
Car 0.00 0 -4.82 439.19 184.91 475.66 214.52 1.48 1.55 3.91 -8.52 2.19 39.93 -5.03 0.27
Car 0.00 0 -6.93 1011.96 194.81 1241.00 285.67 1.43 1.56 4.00 9.38 1.84 12.55 -6.29 0.15
Pedestrian 0.00 0 -5.73 259.43 163.84 326.09 284.45 1.83 0.61 0.75 -5.01 1.69 11.29 -6.15 0.13
Pedestrian 0.00 0 -4.58 357.76 179.76 394.52 268.17 1.70 0.62 0.63 -4.67 1.84 14.28 -4.90 0.12
Cyclist 0.00 0 -6.86 745.26 174.14 796.52 225.84 1.87 0.63 1.81 5.92 1.92 26.76 -6.65 0.11
