Car 0.00 0 -4.88 541.28 180.88 621.13 235.72 1.45 1.74 3.99 -1.02 1.72 21.88 -4.93 0.86
Car 0.00 0 -4.76 466.58 179.77 523.57 233.41 1.50 1.59 3.55 -3.70 1.73 22.54 -4.92 0.84
Car 0.00 0 -2.18 224.89 169.65 464.41 293.05 1.91 1.73 4.65 -5.01 1.87 13.21 -2.55 0.78
Car 0.00 0 -2.73 458.56 168.46 554.48 201.59 1.54 1.71 4.26 -5.02 1.33 34.86 -2.87 0.47
Pedestrian 0.00 0 -3.78 739.50 160.68 788.77 238.57 1.95 0.60 1.10 3.92 1.65 18.58 -3.57 0.46
Pedestrian 0.00 0 -4.67 717.63 160.71 743.83 236.68 1.94 0.64 0.87 3.13 1.63 18.95 -4.50 0.41
Pedestrian 0.00 0 -4.57 898.58 165.06 931.68 239.14 1.80 0.67 0.76 7.59 1.61 18.06 -4.17 0.30
Car 0.00 0 -6.52 1112.89 163.88 1241.00 213.62 1.60 1.68 3.81 19.68 1.31 24.76 -5.85 0.28
Pedestrian 0.00 0 -7.93 1120.47 151.83 1147.73 210.48 1.85 0.65 0.79 16.81 1.18 23.22 -7.30 0.27
Cyclist 0.00 0 -2.73 632.93 159.74 677.57 206.07 1.88 0.58 1.76 1.83 1.35 29.94 -2.67 0.25
Car 0.00 0 -5.11 648.14 154.55 698.90 182.46 1.57 1.62 3.83 3.67 0.54 42.70 -5.03 0.23
Pedestrian 0.00 0 -7.69 870.69 160.77 901.35 231.06 1.86 0.66 0.77 7.45 1.54 19.58 -7.32 0.21
Pedestrian 0.00 0 -8.51 844.02 160.01 880.68 232.20 1.87 0.66 0.64 6.62 1.54 19.07 -8.17 0.20
Cyclist 0.00 0 -7.92 417.14 172.17 425.45 201.78 1.60 0.34 1.50 -10.41 1.56 39.63 -8.18 0.19
Pedestrian 0.00 0 -3.24 905.61 168.06 940.10 243.01 1.73 0.56 0.69 7.33 1.62 17.03 -2.84 0.17
Car 0.00 0 -5.09 1196.81 170.42 1241.00 222.28 1.42 1.52 3.83 19.39 1.35 21.77 -4.36 0.15
Pedestrian 0.00 0 -6.27 751.90 189.98 899.95 374.00 1.80 0.54 0.78 1.20 1.91 4.23 -5.99 0.15
Car 0.00 0 -2.07 32.63 197.63 198.18 270.78 1.46 1.57 3.83 -11.75 2.10 17.03 -2.68 0.14
Pedestrian 0.00 0 -6.19 851.61 162.44 884.61 239.46 1.82 0.63 0.70 6.20 1.57 17.46 -5.85 0.11
Car 0.00 0 -4.60 15.14 178.89 51.94 202.58 1.59 1.63 4.08 -41.24 2.04 51.65 -5.28 0.11
