Car 0.00 0 -7.22 0.00 192.90 378.92 374.00 1.60 1.63 3.88 -2.68 1.76 3.70 -7.85 0.91
Car 0.00 0 -7.84 599.06 177.16 625.97 202.53 1.54 1.66 4.32 0.16 1.83 46.69 -7.84 0.90
Car 0.00 0 -4.49 417.29 185.04 462.33 212.53 1.43 1.65 4.12 -9.73 2.16 41.38 -4.72 0.88
Car 0.00 0 -4.24 164.35 196.22 301.75 258.44 1.35 1.62 3.86 -9.80 2.03 19.02 -4.72 0.82
Pedestrian 0.00 0 -4.20 706.54 164.48 760.96 265.30 1.74 0.66 0.80 2.18 1.60 12.98 -4.03 0.70
Pedestrian 0.00 0 -4.65 208.62 182.29 227.98 226.39 1.74 0.64 0.71 -15.82 2.12 29.08 -5.15 0.48
Pedestrian 0.00 0 -5.49 767.53 158.57 830.77 268.73 1.75 0.63 0.81 3.09 1.53 12.00 -5.24 0.46
Cyclist 0.00 0 -8.12 934.70 170.72 977.79 243.81 1.52 0.45 1.58 7.52 1.48 15.82 -7.68 0.44
Car 0.00 0 -6.14 986.57 152.60 1056.19 179.53 1.79 1.68 3.97 28.29 0.44 49.71 -5.62 0.40
Pedestrian 0.00 0 -4.51 156.26 187.16 185.13 236.83 1.66 0.71 0.77 -15.21 2.17 24.92 -5.06 0.36
Cyclist 0.00 0 -8.90 762.19 142.79 909.47 299.87 1.87 0.59 1.78 2.86 1.51 9.44 -8.61 0.35
Pedestrian 0.00 0 -4.41 737.21 153.17 799.03 276.73 1.81 0.70 0.91 2.40 1.52 11.15 -4.20 0.29
Cyclist 0.00 0 -4.35 177.65 185.75 210.89 232.59 1.65 0.48 1.75 -15.44 2.14 26.75 -4.87 0.28
Pedestrian 0.00 0 -5.85 217.51 179.25 262.77 294.80 1.68 0.47 0.44 -5.56 1.78 10.75 -6.32 0.23
Pedestrian 0.00 0 -8.44 984.31 139.71 1005.31 177.87 1.87 0.64 0.70 19.02 0.25 35.74 -7.95 0.21
Cyclist 0.00 0 -4.65 484.09 181.52 494.84 212.44 1.61 0.49 1.41 -6.50 2.08 38.70 -4.82 0.20
Car 0.00 0 -7.30 335.58 183.00 391.03 210.39 1.53 1.51 3.59 -14.93 2.18 43.74 -7.62 0.19
Car 0.00 0 -4.03 0.00 198.05 56.74 243.06 1.47 1.61 4.14 -23.87 2.52 28.00 -4.74 0.19
Car 0.00 0 -4.03 14.67 198.97 251.91 300.19 1.38 1.49 3.70 -8.21 1.92 12.78 -4.60 0.18
Car 0.00 0 -4.54 854.29 157.48 885.24 180.84 1.87 1.74 4.11 21.62 0.64 60.03 -4.19 0.18
Car 0.00 0 -4.54 468.77 181.71 507.18 209.53 1.51 1.62 3.73 -7.12 2.05 42.16 -4.71 0.17
Pedestrian 0.00 0 -7.90 797.02 173.84 812.73 211.37 1.82 0.72 0.58 9.51 1.87 35.37 -7.64 0.17
Car 0.00 0 -7.24 0.00 189.74 153.77 248.47 1.50 1.70 4.50 -16.19 2.07 21.97 -7.87 0.17
Pedestrian 0.00 0 -6.34 377.98 175.59 390.37 204.19 1.91 0.65 0.76 -15.30 2.10 48.78 -6.64 0.17
Pedestrian 0.00 0 -5.82 1220.25 174.33 1241.00 275.02 1.31 0.39 0.50 8.54 1.33 9.67 -5.10 0.16
Pedestrian 0.00 0 -5.63 230.00 157.71 310.19 292.42 2.03 0.56 1.00 -5.35 1.80 11.27 -6.07 0.15
Cyclist 0.00 0 -5.24 223.37 182.38 244.36 208.57 1.78 0.63 1.49 -26.20 2.45 50.21 -5.73 0.14
Pedestrian 0.00 0 -4.14 687.16 168.44 703.10 200.45 1.92 0.65 0.78 5.14 1.66 43.83 -4.03 0.14
Car 0.00 0 -8.20 417.46 179.79 482.41 217.12 1.64 1.71 4.25 -7.80 1.99 34.71 -8.42 0.13
Car 0.00 0 -4.42 320.41 188.38 420.61 245.04 1.45 1.67 4.33 -7.13 1.96 21.81 -4.73 0.12
Car 0.00 0 -4.00 0.00 194.21 113.71 240.32 1.53 1.71 4.42 -22.00 2.44 28.35 -4.66 0.10
