Car 0.00 0 -8.47 440.93 198.07 777.46 374.00 1.51 1.63 3.45 -0.27 1.83 7.24 -8.50 0.96
Car 0.00 0 -8.22 331.65 204.45 533.72 333.28 1.42 1.62 4.07 -2.95 1.99 11.10 -8.47 0.91
Car 0.00 0 -8.12 262.89 207.78 396.68 297.92 1.40 1.57 3.84 -5.89 2.21 14.78 -8.50 0.89
Car 0.00 0 -8.00 202.84 205.61 291.76 280.05 1.56 1.54 3.47 -9.49 2.50 18.65 -8.47 0.89
Car 0.00 0 -4.77 149.64 207.31 204.32 252.59 1.46 1.63 3.98 -17.25 2.93 28.60 -5.31 0.50
Car 0.00 0 -7.79 143.09 204.84 189.01 241.70 1.42 1.58 3.63 -20.42 2.98 33.23 -8.34 0.31
Car 0.00 0 -2.55 208.97 189.24 271.29 213.07 1.53 1.56 3.46 -24.94 2.66 48.64 -3.02 0.30
Car 0.00 0 -9.18 1081.81 149.82 1184.67 189.76 2.00 1.77 4.11 27.69 0.85 38.33 -8.55 0.28
Pedestrian 0.00 0 -3.81 812.46 149.20 875.68 258.33 2.03 0.67 0.95 4.46 1.59 13.91 -3.50 0.27
Pedestrian 0.00 0 -4.61 1173.20 143.92 1198.83 198.02 2.00 0.70 0.53 21.60 0.93 27.11 -3.94 0.22
Car 0.00 0 -4.42 0.00 207.74 29.40 241.58 1.52 1.53 3.91 -32.92 3.50 38.88 -5.13 0.21
Car 0.00 0 -3.49 41.44 206.80 145.78 243.04 1.50 1.63 3.88 -25.55 3.28 35.76 -4.11 0.21
Car 0.00 0 -4.60 113.00 201.57 156.04 233.05 1.55 1.64 4.06 -27.42 3.29 41.65 -5.18 0.17
Pedestrian 0.00 0 -7.33 1009.62 171.59 1024.19 201.78 1.60 0.46 0.55 21.73 1.53 38.60 -6.82 0.16
Pedestrian 0.00 0 -7.74 399.12 181.22 418.00 231.71 1.88 0.63 0.56 -7.66 2.20 27.29 -8.01 0.13
Pedestrian 0.00 0 -7.74 921.22 156.57 939.18 204.18 1.86 0.60 0.50 12.65 1.23 28.60 -7.32 0.13
Pedestrian 0.00 0 -8.24 988.66 166.01 1007.61 208.98 1.67 0.55 0.38 15.15 1.40 28.24 -7.75 0.13
Pedestrian 0.00 0 -2.86 443.38 179.76 461.72 224.03 1.83 0.65 0.59 -6.64 2.12 30.27 -3.07 0.12
Pedestrian 0.00 0 -3.94 881.64 154.54 897.17 204.70 1.88 0.52 0.25 10.53 1.19 27.31 -3.58 0.12
Pedestrian 0.00 0 -8.40 1030.52 164.25 1140.47 331.32 1.70 0.67 0.79 5.01 1.61 7.74 -7.82 0.10
Pedestrian 0.00 0 -4.99 979.66 154.74 1004.10 199.52 1.94 0.82 0.59 16.69 1.16 31.61 -4.50 0.10
