Car 0.00 0 -4.54 372.51 186.01 481.93 269.67 1.50 1.62 3.87 -3.83 1.82 15.52 -4.78 0.96
Car 0.00 0 -4.51 437.00 176.77 520.89 238.36 1.64 1.68 3.98 -3.83 1.77 21.48 -4.68 0.86
Car 0.00 0 -4.55 521.90 177.22 563.50 206.78 1.50 1.65 3.85 -3.64 1.75 39.22 -4.64 0.77
Pedestrian 0.00 0 -2.20 259.37 176.00 300.35 246.30 1.84 0.55 0.94 -8.91 1.92 19.36 -2.63 0.22
Car 0.00 0 -6.46 642.72 174.08 710.64 201.37 1.53 1.62 3.67 3.78 1.61 41.60 -6.37 0.17
Cyclist 0.00 0 -2.92 407.32 169.15 448.87 210.40 1.89 0.76 1.74 -8.45 1.72 33.39 -3.16 0.16
Pedestrian 0.00 0 -4.48 20.48 183.23 61.52 268.49 1.88 0.60 0.67 -13.01 2.12 16.45 -5.15 0.16
Pedestrian 0.00 0 -4.53 300.31 175.32 332.37 246.15 1.85 0.64 0.93 -7.92 1.91 19.36 -4.92 0.13
Pedestrian 0.00 0 -7.94 283.23 177.16 296.64 224.64 1.85 0.46 0.22 -12.63 2.02 28.37 -8.36 0.13
Car 0.00 0 -5.61 0.00 203.25 254.63 317.55 1.44 1.58 4.28 -7.68 1.91 10.37 -6.25 0.13
Cyclist 0.00 0 -7.46 89.83 189.56 138.32 266.50 1.72 0.32 1.76 -12.02 2.15 17.45 -8.06 0.12
Pedestrian 0.00 0 -4.54 1025.98 158.22 1066.47 252.49 1.72 0.55 0.64 8.16 1.45 13.57 -4.00 0.10
