Car 0.00 0 -4.60 535.11 163.97 601.68 226.74 1.91 1.74 4.28 -1.34 1.64 24.12 -4.65 0.95
Car 0.00 0 -7.95 712.26 170.33 776.54 229.55 1.76 1.66 3.77 4.21 1.68 23.33 -7.77 0.95
Car 0.00 0 -5.19 825.24 198.39 1241.00 374.00 1.46 1.71 3.93 2.90 1.71 5.26 -4.68 0.94
Car 0.00 0 -2.86 345.05 177.31 514.08 232.66 1.46 1.66 4.28 -4.99 1.59 20.12 -3.11 0.91
Car 0.00 0 -4.61 585.73 176.51 629.77 211.46 1.45 1.58 3.94 -0.08 1.63 32.45 -4.61 0.64
Pedestrian 0.00 0 -6.93 1213.39 163.09 1241.00 281.28 1.81 0.52 0.97 10.14 1.66 11.34 -6.20 0.33
Car 0.00 0 -7.93 636.83 172.14 661.37 193.43 1.58 1.60 3.65 2.94 1.53 55.34 -7.88 0.28
Pedestrian 0.00 0 -8.08 764.32 172.37 779.73 206.34 1.73 0.65 0.59 8.28 1.71 37.05 -7.86 0.26
Pedestrian 0.00 0 -4.24 518.70 165.76 541.98 211.32 1.87 0.68 0.79 -3.37 1.58 30.15 -4.35 0.26
Car 0.00 0 -4.62 599.08 173.25 635.35 205.20 1.61 1.59 3.85 0.39 1.64 38.48 -4.61 0.23
Cyclist 0.00 0 -7.71 629.29 175.64 640.24 203.95 1.62 0.42 1.58 1.42 1.79 42.23 -7.68 0.21
Pedestrian 0.00 0 -3.46 1190.95 163.23 1241.00 274.82 1.83 0.61 0.80 10.43 1.67 12.27 -2.75 0.16
Pedestrian 0.00 0 -8.39 1070.79 173.93 1124.64 273.46 1.69 0.59 0.53 8.41 1.71 12.52 -7.80 0.13
Pedestrian 0.00 0 -7.91 811.99 164.51 830.69 215.40 1.90 0.65 0.61 7.95 1.59 27.30 -7.62 0.13
Pedestrian 0.00 0 -3.80 1070.92 148.11 1187.07 320.90 1.94 0.67 0.88 6.01 1.67 8.46 -3.18 0.13
Pedestrian 0.00 0 -3.64 348.48 158.92 378.65 219.72 1.94 0.68 0.69 -8.08 1.50 23.52 -3.97 0.12
Car 0.00 0 -8.36 597.58 157.89 639.41 183.63 2.16 1.76 4.32 0.68 0.91 63.01 -8.35 0.10
