Pedestrian 0.00 0 -6.28 0.00 165.62 50.35 343.31 1.72 0.56 0.61 -6.18 1.54 7.39 -6.98 0.36
Cyclist 0.00 0 -4.42 502.75 169.33 522.30 205.12 1.69 0.54 1.42 -4.61 0.94 34.61 -4.55 0.23
Car 0.00 0 -2.65 445.11 170.90 553.44 210.29 1.57 1.66 4.21 -4.59 1.00 30.18 -2.80 0.18
Car 0.00 0 -2.76 433.25 171.70 553.34 214.62 1.60 1.74 4.30 -4.48 1.10 28.10 -2.92 0.17
Pedestrian 0.00 0 -4.86 416.32 181.29 431.18 216.69 1.36 0.48 0.57 -7.20 1.21 27.98 -5.11 0.16
Car 0.00 0 -7.52 441.09 177.82 479.39 198.65 1.47 1.67 3.57 -10.78 0.95 52.67 -7.72 0.15
Pedestrian 0.00 0 -7.45 598.20 165.69 612.73 198.01 1.85 0.64 0.64 -0.16 0.73 41.50 -7.45 0.14
Cyclist 0.00 0 -3.06 254.78 176.33 275.42 197.57 1.91 0.61 1.65 -31.14 1.11 65.33 -3.50 0.13
Car 0.00 0 -4.87 465.77 171.16 512.13 202.69 1.50 1.67 4.23 -6.10 0.83 36.36 -5.03 0.13
Car 0.00 0 -6.64 659.38 167.90 774.62 211.08 1.55 1.65 3.96 4.04 0.93 27.07 -6.49 0.11
