Pedestrian 0.00 0 -5.03 902.47 110.40 1076.43 369.00 1.92 0.73 0.90 2.38 1.51 4.58 -4.56 0.63
Car 0.00 0 -7.77 557.77 165.71 579.50 182.27 1.47 1.63 4.33 -3.28 0.16 64.95 -7.82 0.54
Car 0.00 0 -6.74 709.13 167.85 817.57 208.01 1.46 1.62 3.70 6.00 1.00 27.00 -6.52 0.33
Cyclist 0.00 0 -8.13 963.72 135.63 1001.26 203.72 1.80 0.47 1.70 10.37 0.61 19.53 -7.64 0.25
Cyclist 0.00 0 -7.43 132.48 176.02 158.64 215.09 1.64 0.33 1.59 -19.78 1.45 30.42 -8.01 0.22
Car 0.00 0 -7.75 897.70 162.36 1019.14 252.03 1.44 1.64 4.21 6.84 1.15 13.53 -7.28 0.22
Pedestrian 0.00 0 -8.24 832.93 160.19 851.75 200.36 1.75 0.62 0.58 10.45 0.87 31.19 -7.91 0.20
Car 0.00 0 -7.91 528.25 167.61 549.57 186.25 1.48 1.54 3.58 -5.42 0.46 57.84 -8.00 0.18
Car 0.00 0 -2.46 0.00 178.13 98.82 220.09 1.52 1.57 3.77 -21.34 1.43 26.36 -3.14 0.17
Car 0.00 0 -2.83 188.64 184.47 335.86 232.74 1.52 1.64 4.09 -11.29 1.65 23.47 -3.28 0.15
Cyclist 0.00 0 -7.33 70.14 175.15 120.78 236.40 1.72 0.43 1.66 -14.89 1.57 20.65 -7.95 0.14
Car 0.00 0 -2.28 355.02 177.72 460.91 218.53 1.49 1.66 4.18 -7.76 1.39 27.62 -2.55 0.13
Car 0.00 0 -2.50 0.00 184.17 119.94 240.02 1.59 1.71 4.25 -17.30 1.70 21.17 -3.19 0.13
Pedestrian 0.00 0 -5.91 1147.41 123.05 1216.49 218.04 1.82 0.55 0.93 11.43 0.72 14.07 -5.23 0.12
Pedestrian 0.00 0 -4.48 0.00 213.72 53.78 369.00 1.61 0.50 0.58 -3.71 1.82 4.20 -5.20 0.11
Car 0.00 0 -8.29 788.32 154.54 832.98 177.55 1.58 1.65 3.80 14.85 -0.22 51.22 -8.01 0.11
Pedestrian 0.00 0 -3.95 202.49 185.46 224.83 223.43 1.40 0.47 0.58 -14.74 1.60 26.58 -4.45 0.11
Cyclist 0.00 0 -8.04 712.28 155.24 737.82 216.36 1.81 0.47 1.66 3.66 1.07 21.81 -7.88 0.10
