Car 0.00 0 -7.91 585.32 179.25 614.22 203.95 1.56 1.73 4.04 -0.76 2.01 48.76 -7.92 0.71
Car 0.00 0 -4.58 411.89 182.78 444.11 205.50 1.51 1.70 4.15 -13.06 2.25 51.84 -4.82 0.62
Car 0.00 0 -4.87 428.28 183.35 466.19 210.75 1.50 1.63 3.79 -9.79 2.15 43.08 -5.09 0.53
Cyclist 0.00 0 -8.08 692.97 175.78 707.82 207.04 1.69 0.45 1.66 4.96 1.85 39.95 -7.96 0.30
Car 0.00 0 -4.49 425.11 182.83 480.22 219.17 1.57 1.66 4.44 -7.50 2.08 34.62 -4.71 0.27
Pedestrian 0.00 0 -8.88 1079.30 150.62 1127.27 234.01 1.77 0.62 0.64 10.68 1.30 15.70 -8.28 0.27
Pedestrian 0.00 0 -9.00 1087.62 135.10 1166.78 265.52 1.82 0.70 0.72 7.51 1.29 10.56 -8.38 0.25
Car 0.00 0 -7.94 784.79 172.79 844.48 223.91 1.54 1.55 3.52 6.58 1.54 23.61 -7.67 0.22
Pedestrian 0.00 0 -7.77 898.59 152.89 924.30 216.13 1.96 0.70 0.70 9.47 1.34 22.78 -7.38 0.20
Car 0.00 0 -7.43 80.43 193.60 178.65 239.29 1.48 1.64 3.86 -18.02 2.32 27.20 -8.02 0.19
Cyclist 0.00 0 -7.40 0.00 191.81 21.08 256.30 1.77 0.40 1.73 -18.09 2.35 21.24 -8.11 0.19
Cyclist 0.00 0 -8.25 1203.71 129.21 1241.00 350.45 1.72 0.55 1.70 5.99 1.38 6.50 -7.50 0.16
Pedestrian 0.00 0 -5.01 1026.13 130.34 1095.84 262.21 1.86 0.65 0.84 6.58 1.26 10.64 -4.46 0.14
Car 0.00 0 -4.75 70.73 178.92 98.87 200.61 1.59 1.60 4.04 -40.89 2.08 56.10 -5.38 0.13
Car 0.00 0 -7.55 246.62 188.91 323.32 233.35 1.48 1.60 3.73 -12.30 2.14 27.43 -7.97 0.13
Pedestrian 0.00 0 -7.45 1118.20 158.98 1141.06 202.98 1.93 0.70 0.45 23.05 1.32 32.06 -6.83 0.13
Car 0.00 0 -4.55 449.30 182.70 482.48 204.24 1.44 1.74 4.06 -10.43 2.19 52.33 -4.75 0.11
Car 0.00 0 -4.23 251.41 188.91 314.18 216.59 1.45 1.62 4.11 -19.11 2.43 42.25 -4.65 0.11
Pedestrian 0.00 0 -1.86 47.91 184.11 64.91 217.23 1.69 0.60 0.43 -28.72 2.28 37.39 -2.52 0.10
