Car 0.00 0 -3.95 1150.23 163.24 1241.00 233.15 1.45 1.62 4.43 14.60 1.25 15.89 -3.21 0.93
Car 0.00 0 -3.72 946.61 172.39 1151.97 240.16 1.40 1.52 3.59 9.44 1.39 15.75 -3.18 0.92
Car 0.00 0 -7.20 0.00 190.66 165.96 282.75 1.61 1.70 4.56 -12.00 2.05 15.76 -7.85 0.45
Pedestrian 0.00 0 -7.72 294.25 177.10 318.92 233.35 1.81 0.66 0.73 -10.03 1.96 23.76 -8.12 0.26
Car 0.00 0 -8.23 665.59 167.00 726.43 200.53 1.51 1.63 3.72 4.01 1.25 34.55 -8.11 0.25
Pedestrian 0.00 0 -5.66 593.44 167.17 613.28 202.62 1.79 0.62 0.80 -0.38 1.50 36.94 -5.67 0.24
Car 0.00 0 -3.98 1102.85 161.78 1230.37 207.23 1.55 1.62 3.58 19.74 1.17 25.70 -3.32 0.20
Pedestrian 0.00 0 -4.74 775.36 164.70 796.33 216.70 1.75 0.68 0.86 6.00 1.48 24.82 -4.50 0.20
Car 0.00 0 -6.07 342.35 174.70 454.56 219.45 1.62 1.67 3.78 -7.92 1.69 27.10 -6.36 0.18
Pedestrian 0.00 0 -8.59 651.20 167.62 668.91 207.43 1.74 0.56 0.54 2.17 1.51 31.83 -8.52 0.18
Car 0.00 0 -2.99 577.93 167.28 704.91 215.89 1.71 1.73 4.48 1.15 1.51 26.65 -2.95 0.17
Pedestrian 0.00 0 -8.06 799.45 163.00 823.59 215.15 1.77 0.66 0.74 6.89 1.43 24.83 -7.79 0.17
Pedestrian 0.00 0 -8.36 628.52 170.25 645.52 202.65 1.64 0.61 0.69 1.35 1.51 37.00 -8.32 0.16
Cyclist 0.00 0 -8.08 514.68 172.51 528.72 205.65 1.67 0.36 1.63 -4.60 1.66 37.26 -8.20 0.16
Car 0.00 0 -3.91 0.00 85.70 237.64 374.00 1.94 1.77 4.36 -3.20 1.91 2.53 -4.81 0.15
Car 0.00 0 -8.04 811.46 176.24 894.84 234.68 1.44 1.52 3.52 6.52 1.54 19.80 -7.72 0.14
Pedestrian 0.00 0 -4.53 312.94 185.43 423.12 374.00 1.82 0.51 0.60 -1.43 1.90 4.17 -4.86 0.14
Pedestrian 0.00 0 -3.24 445.26 172.85 469.25 223.32 1.75 0.55 0.78 -5.43 1.75 25.43 -3.45 0.12
Car 0.00 0 -7.85 485.91 172.77 520.35 206.77 1.60 1.61 3.63 -5.34 1.59 35.80 -8.00 0.12
Pedestrian 0.00 0 -4.49 321.99 172.83 349.18 230.78 1.88 0.68 0.82 -9.13 1.88 23.91 -4.85 0.11
