Car 0.00 0 -8.07 523.87 183.28 577.54 219.92 1.41 1.58 3.32 -2.60 1.88 30.56 -8.15 0.98
Car 0.00 0 -8.20 606.41 181.21 728.01 261.68 1.56 1.61 3.49 1.12 1.77 16.24 -8.13 0.97
Car 0.00 0 -3.57 938.16 186.28 1241.00 331.16 1.49 1.66 3.62 6.09 1.68 8.78 -2.96 0.95
Cyclist 0.00 0 -4.83 382.76 182.27 415.57 249.46 1.63 0.62 1.64 -5.51 1.89 18.65 -5.12 0.85
Car 0.00 0 -7.13 573.32 179.85 634.59 207.34 1.51 1.54 3.71 -0.35 1.94 42.46 -7.14 0.75
Car 0.00 0 -7.19 624.25 177.92 675.53 202.37 1.47 1.46 3.41 2.53 1.80 45.77 -7.13 0.55
Car 0.00 0 -3.76 468.92 181.14 533.97 206.19 1.47 1.58 3.85 -6.83 2.01 45.41 -3.91 0.46
Car 0.00 0 -7.13 673.64 174.19 720.28 197.62 1.54 1.46 3.13 5.93 1.64 49.30 -7.01 0.37
Car 0.00 0 -7.87 787.70 173.13 815.92 198.23 1.53 1.68 4.06 12.26 1.55 46.34 -7.61 0.22
Pedestrian 0.00 0 -3.02 471.87 202.34 605.43 374.00 1.72 0.53 0.77 -0.48 1.91 4.48 -3.12 0.19
Car 0.00 0 -7.58 783.04 175.20 816.50 193.64 1.47 1.66 4.08 15.89 1.68 60.39 -7.32 0.19
Pedestrian 0.00 0 -4.17 1042.19 148.67 1121.94 279.87 1.98 0.72 0.85 7.40 1.62 11.39 -3.59 0.16
Cyclist 0.00 0 -4.30 685.63 174.55 717.26 222.14 1.75 0.58 1.66 3.45 1.82 27.46 -4.17 0.15
Pedestrian 0.00 0 -5.68 327.55 173.76 344.41 207.14 1.92 0.63 0.68 -15.94 1.97 41.89 -6.05 0.14
Cyclist 0.00 0 -7.64 486.19 179.39 524.57 258.15 1.70 0.54 1.65 -2.43 1.86 16.57 -7.79 0.13
Car 0.00 0 -8.11 388.78 183.83 442.53 216.07 1.44 1.61 3.87 -9.70 2.01 35.71 -8.38 0.11
Car 0.00 0 -7.57 333.13 183.39 390.52 218.29 1.51 1.59 3.75 -11.76 2.04 34.30 -7.90 0.11
Pedestrian 0.00 0 -7.44 276.80 178.63 308.42 238.75 1.81 0.67 0.67 -9.77 1.99 22.13 -7.86 0.10
