Car 0.00 0 -8.19 738.31 177.19 1037.15 369.17 1.54 1.62 4.17 2.59 1.60 7.98 -7.88 0.96
Car 0.00 0 -7.64 387.91 179.48 510.61 268.72 1.60 1.67 4.21 -3.30 1.76 15.38 -7.85 0.95
Car 0.00 0 -8.01 693.25 178.48 795.99 256.68 1.48 1.59 4.11 2.79 1.62 16.02 -7.83 0.92
Car 0.00 0 -7.99 659.21 177.78 718.99 226.19 1.49 1.53 3.35 2.55 1.67 24.27 -7.89 0.91
Car 0.00 0 -4.59 464.31 183.24 527.39 230.16 1.43 1.64 4.34 -3.94 1.83 25.20 -4.74 0.90
Car 0.00 0 -7.96 637.87 178.48 678.12 211.70 1.48 1.55 3.63 2.22 1.77 34.63 -7.89 0.71
Car 0.00 0 -2.99 465.29 176.89 533.26 208.46 1.79 1.67 3.69 -6.43 2.03 41.91 -3.14 0.43
Cyclist 0.00 0 -8.41 759.89 168.03 799.25 220.88 1.73 0.52 1.62 5.68 1.57 24.42 -8.18 0.29
Pedestrian 0.00 0 -8.22 963.85 151.68 988.07 198.21 1.89 0.73 0.57 14.99 1.03 29.64 -7.76 0.27
Pedestrian 0.00 0 -7.95 782.88 169.75 798.42 207.71 1.72 0.62 0.71 8.23 1.58 33.03 -7.71 0.18
Pedestrian 0.00 0 -7.16 759.97 170.63 776.74 208.33 1.71 0.55 0.51 7.23 1.61 33.12 -6.94 0.18
Cyclist 0.00 0 -4.42 484.49 176.88 510.60 217.11 1.81 0.76 1.63 -5.25 2.00 33.53 -4.57 0.17
Pedestrian 0.00 0 -7.49 1200.05 141.26 1241.00 318.36 1.72 0.62 0.66 6.56 1.41 7.43 -6.77 0.14
Pedestrian 0.00 0 -6.43 1000.03 154.73 1021.94 207.07 1.70 0.71 0.53 13.24 1.11 23.91 -5.93 0.14
Cyclist 0.00 0 -8.42 1042.12 151.28 1166.55 295.22 1.69 0.46 1.71 6.26 1.43 9.32 -7.83 0.13
Pedestrian 0.00 0 -7.74 1129.81 150.69 1194.71 288.56 1.71 0.61 0.63 7.15 1.44 9.41 -7.09 0.13
Pedestrian 0.00 0 -4.36 624.73 175.26 637.91 201.96 1.76 0.68 0.71 1.40 1.93 48.22 -4.33 0.13
Pedestrian 0.00 0 -8.12 934.35 157.41 956.16 202.73 1.84 0.71 0.47 13.71 1.21 29.60 -7.69 0.12
Car 0.00 0 -2.78 204.16 193.23 375.67 248.33 1.43 1.60 4.11 -8.93 2.03 20.27 -3.20 0.12
Pedestrian 0.00 0 -4.14 219.83 170.08 244.15 219.73 1.97 0.68 0.54 -15.23 1.86 28.99 -4.63 0.11
Pedestrian 0.00 0 -8.57 1002.63 150.45 1076.42 272.99 1.75 0.62 0.72 6.30 1.43 10.69 -8.04 0.11
Pedestrian 0.00 0 -7.92 158.55 179.17 190.01 260.15 1.83 0.59 0.53 -10.16 1.98 16.73 -8.47 0.10
Car 0.00 0 -3.58 876.41 170.22 1020.54 217.21 1.47 1.51 3.94 10.80 1.38 23.28 -3.15 0.10
Car 0.00 0 -4.91 723.90 174.84 775.74 210.33 1.52 1.56 4.16 6.32 1.62 33.21 -4.72 0.10
