Car 0.00 0 -7.67 460.68 180.98 517.51 221.40 1.50 1.60 3.67 -4.69 1.35 28.59 -7.84 0.95
Car 0.00 0 -7.63 374.35 188.72 480.26 256.38 1.42 1.59 4.23 -4.26 1.51 17.41 -7.87 0.92
Car 0.00 0 -7.59 337.99 185.44 406.21 226.02 1.38 1.56 3.33 -8.55 1.39 26.22 -7.91 0.91
Car 0.00 0 -7.89 578.30 179.00 610.05 207.25 1.51 1.63 3.46 -0.82 1.18 40.13 -7.91 0.89
Car 0.00 0 -7.64 411.34 180.35 458.83 211.01 1.51 1.64 3.77 -8.91 1.27 37.23 -7.88 0.88
Car 0.00 0 -7.45 212.51 186.06 339.73 250.79 1.51 1.58 3.97 -8.53 1.53 18.77 -7.88 0.77
Car 0.00 0 -4.79 516.44 180.03 543.58 203.32 1.49 1.51 3.69 -5.22 1.16 47.79 -4.90 0.61
Car 0.00 0 -4.61 489.74 179.86 528.85 209.41 1.50 1.68 4.29 -5.28 1.23 38.73 -4.75 0.61
Car 0.00 0 -7.55 390.22 178.81 432.03 202.44 1.47 1.57 3.83 -12.75 1.07 46.74 -7.82 0.58
Car 0.00 0 -7.56 308.67 178.00 367.84 210.93 1.46 1.54 3.93 -12.62 1.14 33.78 -7.92 0.54
Car 0.00 0 -4.67 445.82 177.96 473.37 203.52 1.55 1.56 3.81 -9.37 1.11 45.54 -4.87 0.29
Cyclist 0.00 0 -4.95 713.56 182.24 756.88 263.97 1.56 0.51 1.51 2.49 1.50 14.46 -4.78 0.21
Car 0.00 0 -7.90 640.44 178.59 673.25 206.92 1.53 1.64 4.18 2.71 1.17 40.79 -7.84 0.18
Car 0.00 0 -7.76 491.83 172.89 514.94 193.51 1.88 1.75 4.43 -9.83 0.76 67.91 -7.90 0.16
Cyclist 0.00 0 -5.31 658.53 176.23 702.09 235.35 1.69 0.51 1.54 2.10 1.44 21.39 -5.21 0.15
Cyclist 0.00 0 -7.59 299.02 173.45 314.57 202.09 1.63 0.42 1.61 -17.51 0.96 41.76 -7.98 0.14
Pedestrian 0.00 0 -3.85 1201.98 142.10 1240.00 316.67 1.80 0.60 0.71 6.93 1.36 7.72 -3.12 0.13
Cyclist 0.00 0 -4.87 1101.98 156.86 1193.38 326.73 1.68 0.54 1.75 5.89 1.40 7.99 -4.23 0.12
Pedestrian 0.00 0 -3.03 952.99 169.81 1014.43 277.61 1.68 0.52 0.83 6.04 1.44 11.65 -2.55 0.11
