Car 0.00 0 -7.99 702.81 173.76 785.99 236.10 1.41 1.55 3.44 3.22 1.43 18.06 -7.82 0.94
Car 0.00 0 -7.68 698.59 167.87 756.74 211.75 1.60 1.65 3.77 4.66 1.42 28.43 -7.52 0.58
Car 0.00 0 -7.95 697.94 167.73 760.71 221.47 1.58 1.60 3.74 3.69 1.43 23.07 -7.79 0.51
Pedestrian 0.00 0 -3.84 1194.35 114.77 1241.00 337.67 1.81 0.60 0.90 5.64 1.34 6.17 -3.10 0.47
Pedestrian 0.00 0 -3.74 955.80 146.39 1017.05 264.52 1.75 0.58 0.61 5.69 1.36 11.02 -3.26 0.31
Pedestrian 0.00 0 -8.60 767.47 165.04 789.78 201.21 1.73 0.65 0.84 8.13 1.35 34.96 -8.38 0.27
Pedestrian 0.00 0 -4.98 938.25 145.27 976.24 235.78 1.85 0.59 0.56 7.20 1.29 15.08 -4.53 0.21
Pedestrian 0.00 0 -5.61 492.70 167.73 531.18 229.18 1.71 0.54 0.96 -2.84 1.57 20.54 -5.75 0.18
Cyclist 0.00 0 -7.98 777.28 164.45 790.80 204.91 1.66 0.35 1.57 7.27 1.31 30.34 -7.75 0.17
Car 0.00 0 -8.00 539.28 176.30 581.06 206.44 1.43 1.57 3.71 -2.62 1.62 36.73 -8.08 0.15
Cyclist 0.00 0 -7.49 531.56 171.66 557.55 213.83 1.65 0.48 1.66 -2.66 1.60 29.06 -7.58 0.12
