Car 0.00 0 -5.09 743.42 190.02 1079.82 374.00 1.49 1.68 4.06 2.63 1.71 7.52 -4.75 0.96
Car 0.00 0 -4.36 147.61 189.29 426.73 365.86 1.48 1.63 3.82 -3.41 1.71 8.33 -4.75 0.94
Car 0.00 0 -8.11 690.20 183.61 819.46 277.14 1.46 1.51 3.37 2.49 1.68 13.37 -7.92 0.94
Car 0.00 0 -4.88 668.09 181.26 759.27 247.98 1.46 1.64 3.83 2.44 1.69 18.17 -4.74 0.90
Car 0.00 0 -3.54 709.70 176.31 805.28 212.55 1.49 1.57 3.70 6.27 1.64 31.01 -3.34 0.81
Cyclist 0.00 0 -7.79 368.12 175.19 387.22 232.70 1.69 0.45 1.69 -7.16 1.76 22.13 -8.10 0.42
Cyclist 0.00 0 -2.85 828.08 162.41 862.69 194.43 1.88 0.63 1.86 14.03 1.27 43.12 -2.54 0.26
Car 0.00 0 -5.03 1104.04 158.44 1161.61 188.25 1.60 1.54 3.71 29.44 0.83 40.78 -4.41 0.21
Pedestrian 0.00 0 -5.68 807.15 160.65 840.87 221.79 1.96 0.64 0.85 6.97 1.57 23.66 -5.39 0.20
Pedestrian 0.00 0 -6.01 578.71 174.02 590.71 202.34 1.83 0.66 0.63 -1.68 1.91 47.00 -6.04 0.19
Cyclist 0.00 0 -5.68 872.70 169.05 964.24 255.21 1.69 0.59 1.72 6.34 1.61 15.02 -5.28 0.15
Pedestrian 0.00 0 -8.00 1154.26 157.52 1170.47 194.04 1.91 0.61 0.52 29.08 1.11 38.03 -7.35 0.14
Car 0.00 0 -4.89 417.80 179.52 453.17 205.22 1.60 1.61 4.11 -11.78 2.07 48.40 -5.13 0.13
Pedestrian 0.00 0 -6.12 1035.54 169.22 1079.81 265.60 1.71 0.65 0.60 8.18 1.65 13.26 -5.57 0.13
Cyclist 0.00 0 -2.07 0.00 181.07 20.32 239.52 1.77 0.60 1.70 -19.37 2.03 22.55 -2.78 0.12
Car 0.00 0 -7.46 387.58 177.33 435.36 204.19 1.91 1.79 4.76 -14.94 2.26 54.46 -7.73 0.10
Pedestrian 0.00 0 -3.84 1166.92 144.71 1188.33 200.58 1.78 0.48 0.30 18.19 0.88 23.18 -3.17 0.10
