Car 0.00 0 -7.19 0.00 188.98 183.98 311.87 1.46 1.60 3.80 -8.19 1.52 10.54 -7.85 0.98
Car 0.00 0 -7.47 218.19 187.29 422.65 305.99 1.47 1.58 3.56 -4.10 1.51 10.76 -7.83 0.97
Car 0.00 0 -7.68 436.23 184.86 507.10 232.93 1.38 1.60 3.44 -4.18 1.37 22.30 -7.87 0.97
Car 0.00 0 -7.88 594.91 180.23 631.08 213.78 1.45 1.56 3.36 0.16 1.24 32.86 -7.87 0.94
Car 0.00 0 -7.71 486.58 182.86 538.93 218.73 1.40 1.60 4.10 -3.94 1.31 30.09 -7.84 0.91
Car 0.00 0 -7.37 177.12 169.61 327.81 251.75 1.75 1.64 3.80 -8.37 1.42 17.24 -7.82 0.90
Car 0.00 0 -8.59 935.90 179.42 1240.00 375.00 1.64 1.63 4.04 3.28 1.63 3.54 -7.84 0.85
Car 0.00 0 -7.95 636.18 178.21 664.62 201.06 1.47 1.55 3.58 2.80 1.02 48.19 -7.90 0.72
Car 0.00 0 -7.70 413.76 180.84 462.40 214.61 1.48 1.61 4.16 -7.91 1.29 33.66 -7.93 0.65
Car 0.00 0 -7.76 584.30 180.78 616.58 206.39 1.41 1.56 3.52 -0.41 1.17 41.45 -7.77 0.53
Car 0.00 0 -4.85 527.11 179.12 555.79 201.21 1.49 1.52 3.51 -4.68 1.08 50.23 -4.94 0.47
Car 0.00 0 -7.51 314.14 173.50 412.41 229.06 1.75 1.76 4.62 -8.40 1.39 25.03 -7.83 0.30
Car 0.00 0 -4.80 673.54 173.98 703.37 198.54 1.65 1.69 4.46 5.61 0.90 50.59 -4.69 0.21
Car 0.00 0 -7.69 440.00 169.71 479.56 200.38 1.81 1.71 4.22 -9.12 0.89 44.45 -7.89 0.13
Pedestrian 0.00 0 -3.79 805.15 172.73 826.75 214.27 1.84 0.62 0.70 9.28 1.28 32.16 -3.51 0.11
Pedestrian 0.00 0 -4.28 161.46 173.55 197.01 239.00 1.75 0.60 0.68 -11.71 1.44 19.59 -4.82 0.11
Cyclist 0.00 0 -8.11 734.29 173.26 747.77 201.06 1.69 0.40 1.67 8.22 0.96 44.53 -7.93 0.11
