Pedestrian 0.00 0 -3.20 941.49 173.41 1102.48 373.00 1.69 0.71 1.02 3.15 1.64 5.55 -2.68 0.80
Car 0.00 0 -7.18 992.51 177.55 1217.54 271.36 1.44 1.49 3.15 8.47 1.38 12.20 -6.57 0.78
Pedestrian 0.00 0 -6.97 147.92 172.00 188.18 230.41 1.77 0.58 0.91 -13.47 1.48 22.30 -7.52 0.66
Pedestrian 0.00 0 -4.58 706.71 160.09 728.12 207.11 1.76 0.73 0.60 4.39 0.96 27.27 -4.42 0.46
Pedestrian 0.00 0 -8.40 753.89 161.35 773.70 202.68 1.87 0.63 0.66 7.43 0.96 32.93 -8.18 0.36
Cyclist 0.00 0 -8.66 970.29 160.33 1006.04 194.92 1.63 0.50 1.62 18.66 0.63 34.70 -8.17 0.36
Pedestrian 0.00 0 -8.37 958.62 160.56 982.15 200.18 1.78 0.76 0.59 16.68 0.84 32.50 -7.89 0.35
Cyclist 0.00 0 -6.86 708.27 158.40 758.11 208.21 1.79 0.64 1.74 4.84 0.96 26.47 -6.68 0.34
Pedestrian 0.00 0 -8.25 1128.89 154.72 1163.69 212.12 1.80 0.65 0.75 17.36 0.96 22.93 -7.60 0.30
Pedestrian 0.00 0 -7.95 657.19 155.06 671.57 192.19 1.88 0.68 0.64 3.21 0.54 36.72 -7.86 0.26
Pedestrian 0.00 0 -4.55 174.33 165.43 206.57 231.10 1.91 0.71 0.88 -12.29 1.44 21.45 -5.07 0.24
Car 0.00 0 -4.11 1030.28 169.11 1169.84 224.27 1.46 1.54 3.50 14.07 1.13 20.32 -3.51 0.20
Pedestrian 0.00 0 -7.99 835.03 159.54 851.05 197.55 1.81 0.65 0.63 11.63 0.77 34.61 -7.67 0.17
Pedestrian 0.00 0 -7.80 782.98 160.56 812.36 243.74 1.83 0.60 0.86 4.42 1.37 16.30 -7.53 0.16
Pedestrian 0.00 0 -4.10 997.49 159.45 1023.54 215.04 1.72 0.56 0.45 12.82 1.04 22.57 -3.58 0.15
Cyclist 0.00 0 -8.59 927.13 162.84 984.85 224.02 1.71 0.59 1.59 10.29 1.19 20.96 -8.13 0.13
Car 0.00 0 -8.63 852.36 150.20 939.89 191.84 2.23 1.92 4.63 16.73 0.56 41.03 -8.24 0.12
Pedestrian 0.00 0 -4.15 202.65 172.25 230.58 225.80 1.85 0.60 0.67 -13.47 1.53 25.11 -4.65 0.12
Car 0.00 0 -6.71 1086.34 154.47 1233.47 198.64 1.53 1.62 3.90 20.16 0.59 26.12 -6.05 0.12
Pedestrian 0.00 0 -5.44 57.74 173.83 94.77 232.45 1.89 0.66 0.74 -17.27 1.65 23.59 -6.07 0.11
Pedestrian 0.00 0 -3.36 479.88 158.35 500.32 212.50 1.84 0.57 0.59 -3.87 1.06 24.82 -3.51 0.11
Pedestrian 0.00 0 -3.78 214.44 168.21 247.54 228.34 1.79 0.56 0.70 -11.31 1.40 21.88 -4.25 0.11
Cyclist 0.00 0 -8.15 896.59 172.89 938.92 247.85 1.58 0.38 1.67 6.99 1.40 16.02 -7.74 0.10
