Car 0.00 0 -4.48 284.72 185.90 491.18 331.65 1.52 1.70 4.50 -2.86 1.74 10.19 -4.75 0.96
Car 0.00 0 -7.49 643.73 175.18 693.03 206.14 1.54 1.58 3.13 3.07 1.67 37.89 -7.41 0.91
Car 0.00 0 -4.52 469.27 172.92 556.96 239.43 1.76 1.74 4.37 -2.78 1.76 21.30 -4.65 0.85
Car 0.00 0 -4.57 419.24 170.87 519.90 262.84 1.77 1.63 3.86 -3.00 1.74 15.88 -4.76 0.83
Car 0.00 0 -3.01 523.66 174.07 590.21 200.13 1.57 1.64 3.91 -3.27 1.64 44.44 -3.08 0.17
Pedestrian 0.00 0 -3.58 1057.45 158.83 1130.76 289.07 1.82 0.64 0.67 6.93 1.62 10.43 -2.99 0.17
Pedestrian 0.00 0 -3.66 346.05 174.99 358.29 220.52 1.81 0.45 0.27 -10.37 1.89 28.91 -4.01 0.15
Pedestrian 0.00 0 -6.03 293.67 169.36 319.63 229.47 1.82 0.66 0.59 -9.40 1.72 22.27 -6.43 0.15
Pedestrian 0.00 0 -3.68 891.57 168.49 906.19 221.67 1.81 0.46 0.26 9.86 1.66 24.74 -3.30 0.12
Cyclist 0.00 0 -7.59 133.08 179.32 220.79 333.63 1.67 0.50 1.67 -5.25 1.75 8.74 -8.13 0.11
Car 0.00 0 -4.90 712.02 173.58 749.13 198.69 1.51 1.61 3.97 7.53 1.56 45.57 -4.73 0.10
Car 0.00 0 -2.35 0.00 198.87 178.36 374.00 1.47 1.61 4.04 -6.77 1.75 7.06 -3.11 0.10
Pedestrian 0.00 0 -6.60 376.74 171.94 398.95 230.96 1.79 0.57 0.50 -6.88 1.76 22.20 -6.90 0.10
