Car 0.00 0 -4.57 440.92 179.54 483.32 209.61 1.47 1.66 4.10 -7.84 1.85 38.38 -4.78 0.89
Cyclist 0.00 0 -4.53 329.33 179.72 342.80 207.04 1.63 0.49 1.63 -16.83 2.06 44.25 -4.89 0.37
Cyclist 0.00 0 -3.59 878.70 172.78 1007.29 276.42 1.71 0.69 1.88 5.60 1.71 12.30 -3.16 0.29
Car 0.00 0 -4.96 733.97 185.96 768.21 209.98 1.62 1.62 3.56 10.17 2.60 52.36 -4.77 0.25
Cyclist 0.00 0 -8.07 806.84 165.42 855.96 263.51 1.83 0.56 1.77 4.32 1.69 14.35 -7.78 0.19
Cyclist 0.00 0 -3.81 896.44 181.20 1012.21 271.46 1.60 0.79 1.87 6.37 1.76 13.48 -3.37 0.19
Car 0.00 0 -4.71 443.78 175.64 461.70 193.26 1.53 1.54 3.92 -14.28 1.79 65.43 -4.93 0.18
Car 0.00 0 -6.96 19.50 195.74 123.03 234.06 1.44 1.51 3.37 -23.15 2.48 31.09 -7.60 0.17
Pedestrian 0.00 0 -5.16 693.29 193.75 721.35 257.84 1.30 0.42 0.48 1.98 1.74 15.09 -5.03 0.15
Pedestrian 0.00 0 -5.45 472.54 175.68 484.33 199.25 1.79 0.51 0.76 -10.10 2.01 55.26 -5.63 0.14
Car 0.00 0 -6.90 960.10 193.20 1241.00 374.00 1.57 1.73 4.21 5.37 1.77 5.97 -6.17 0.13
Pedestrian 0.00 0 -3.45 1145.83 164.98 1241.00 358.39 1.80 0.58 0.74 5.78 1.73 7.13 -2.76 0.11
Pedestrian 0.00 0 -7.99 404.46 171.86 419.08 211.43 1.93 0.61 0.64 -9.80 1.88 35.51 -8.26 0.11
Car 0.00 0 -4.73 670.52 187.70 690.20 205.01 1.46 1.71 3.77 6.38 2.85 65.94 -4.64 0.10
