Car 0.00 0 -4.14 0.00 194.49 238.61 374.00 1.56 1.55 3.90 -2.79 1.70 2.64 -4.95 0.32
Cyclist 0.00 0 -6.52 793.59 168.65 833.20 204.92 1.78 0.72 1.77 10.02 1.57 35.72 -6.25 0.27
Pedestrian 0.00 0 -3.40 750.13 171.42 764.57 199.72 1.87 0.61 0.81 9.75 1.77 47.88 -3.20 0.20
Car 0.00 0 -7.97 754.35 179.64 789.55 205.49 1.43 1.59 3.92 9.55 1.85 42.94 -7.75 0.16
Pedestrian 0.00 0 -5.82 681.47 173.96 694.31 196.14 1.86 0.48 0.97 6.57 1.96 61.11 -5.72 0.15
Pedestrian 0.00 0 -2.92 570.38 183.81 705.36 374.00 1.71 0.53 0.70 0.12 1.78 4.27 -2.89 0.14
Car 0.00 0 -5.49 964.70 191.28 1241.00 374.00 1.57 1.52 3.39 3.05 1.69 3.08 -4.71 0.14
Pedestrian 0.00 0 -5.19 85.76 182.43 99.96 210.03 1.75 0.60 0.46 -33.28 2.37 46.38 -5.81 0.13
Cyclist 0.00 0 -6.62 128.78 183.02 175.12 221.66 1.63 0.54 1.63 -20.07 2.08 31.58 -7.19 0.13
Car 0.00 0 -7.75 694.74 179.19 728.38 204.98 1.48 1.66 3.77 6.25 1.88 44.34 -7.61 0.12
Car 0.00 0 -8.05 689.38 178.59 731.43 206.83 1.43 1.56 3.76 5.38 1.76 39.30 -7.91 0.12
Car 0.00 0 -6.33 448.49 174.68 591.46 229.50 1.71 1.76 4.53 -3.03 1.77 23.85 -6.46 0.12
Car 0.00 0 -3.15 539.16 181.12 599.74 202.77 1.54 1.75 4.39 -3.02 2.17 53.25 -3.20 0.10
