Car 0.00 0 -7.26 934.13 182.47 1129.73 266.43 1.46 1.59 3.69 8.40 1.67 14.42 -6.73 0.97
Car 0.00 0 -4.65 626.33 154.26 658.13 184.45 1.63 1.56 3.68 1.83 0.63 40.87 -4.60 0.48
Car 0.00 0 -8.17 591.16 155.07 635.33 181.74 1.55 1.61 3.68 0.12 0.52 43.83 -8.17 0.28
Pedestrian 0.00 0 -8.53 819.28 154.26 841.16 192.46 1.79 0.65 0.78 10.45 0.92 34.37 -8.23 0.27
Car 0.00 0 -3.94 0.00 184.91 279.23 374.00 1.83 1.65 3.99 -3.16 1.91 3.06 -4.74 0.25
Pedestrian 0.00 0 -4.85 1109.61 169.26 1154.48 266.55 1.74 0.60 0.50 9.53 1.67 13.26 -4.23 0.21
Pedestrian 0.00 0 -8.83 818.15 153.01 835.55 185.72 1.76 0.64 0.67 11.77 0.69 39.27 -8.54 0.15
Car 0.00 0 -4.84 606.37 149.04 636.07 171.74 1.54 1.63 3.92 0.73 -0.08 51.29 -4.82 0.15
Pedestrian 0.00 0 -8.23 1044.43 162.14 1085.35 244.29 1.90 0.67 0.52 10.68 1.65 17.03 -7.67 0.12
Car 0.00 0 -6.86 656.57 153.75 718.35 176.71 1.55 1.62 4.08 5.40 0.26 50.47 -6.76 0.12
Pedestrian 0.00 0 -3.89 1087.80 167.78 1126.60 250.36 1.82 0.61 0.42 11.13 1.71 16.23 -3.29 0.11
Pedestrian 0.00 0 -2.82 821.87 159.58 840.86 199.73 1.76 0.63 0.64 9.83 1.18 32.15 -2.52 0.11
Car 0.00 0 -7.56 715.02 153.03 756.14 176.89 1.53 1.63 4.07 8.46 0.26 48.54 -7.39 0.10
Car 0.00 0 -7.97 591.59 156.01 627.90 184.78 1.53 1.61 3.59 -0.09 0.63 40.22 -7.97 0.10
