Car 0.00 0 -8.21 667.97 183.01 837.59 296.87 1.55 1.61 3.51 2.14 1.75 12.03 -8.03 0.98
Car 0.00 0 -8.07 563.57 184.13 625.36 226.79 1.41 1.57 3.38 -0.68 1.85 26.61 -8.10 0.97
Cyclist 0.00 0 -4.52 328.62 173.46 395.68 300.67 1.76 0.61 1.91 -3.77 1.77 10.95 -4.85 0.93
Car 0.00 0 -7.06 619.04 180.09 692.27 211.01 1.53 1.64 3.84 2.43 1.93 38.39 -7.00 0.70
Car 0.00 0 -3.78 507.89 181.30 575.02 208.54 1.46 1.56 3.65 -3.96 1.97 41.69 -3.87 0.70
Car 0.00 0 -4.00 728.56 177.09 783.07 202.61 1.51 1.48 3.35 9.02 1.78 44.70 -3.80 0.64
Car 0.00 0 -7.67 860.47 176.46 903.76 204.29 1.49 1.64 3.87 15.51 1.70 41.12 -7.31 0.64
Car 0.00 0 -7.21 675.78 180.13 738.65 206.23 1.40 1.56 3.89 5.60 1.83 41.58 -7.07 0.50
Pedestrian 0.00 0 -4.14 1181.54 153.99 1241.00 322.14 1.86 0.62 0.81 7.23 1.66 8.41 -3.43 0.24
Car 0.00 0 -8.31 755.30 176.59 802.30 200.93 1.52 1.58 3.64 11.08 1.78 47.70 -8.08 0.21
Cyclist 0.00 0 -4.97 784.61 167.51 811.62 218.83 1.86 0.56 1.67 6.98 1.67 27.00 -4.72 0.19
Cyclist 0.00 0 -4.63 767.67 172.65 789.99 230.99 1.79 0.56 1.65 5.34 1.78 22.98 -4.40 0.18
Pedestrian 0.00 0 -5.03 803.65 160.99 821.37 203.29 2.04 0.72 0.46 9.82 1.47 35.12 -4.76 0.16
Car 0.00 0 -3.84 599.58 179.85 664.23 204.30 1.47 1.59 4.07 1.40 1.94 46.32 -3.81 0.13
Car 0.00 0 -4.81 716.08 180.02 770.88 222.37 1.47 1.66 4.33 5.05 1.77 27.99 -4.63 0.11
Car 0.00 0 -2.71 661.67 160.98 722.74 182.99 1.71 1.72 4.57 6.56 0.79 57.93 -2.60 0.10
