Car 0.00 0 -5.05 644.78 180.16 740.89 237.81 1.58 1.65 4.30 2.43 1.83 22.66 -4.94 0.45
Car 0.00 0 -7.77 540.37 179.82 573.89 208.40 1.56 1.67 3.54 -3.07 1.98 42.00 -7.85 0.31
Pedestrian 0.00 0 -4.34 168.57 191.87 308.23 374.00 1.77 0.54 0.75 -2.35 1.90 4.52 -4.81 0.27
Cyclist 0.00 0 -7.64 807.49 176.79 822.94 207.12 1.65 0.52 1.52 11.46 1.88 40.38 -7.36 0.21
Car 0.00 0 -7.37 334.28 178.46 382.38 199.42 1.50 1.71 4.16 -19.13 1.94 54.96 -7.70 0.20
Cyclist 0.00 0 -7.71 972.53 161.13 992.59 207.42 1.73 0.45 1.65 14.27 1.29 27.70 -7.23 0.19
Pedestrian 0.00 0 -6.41 680.66 173.70 689.61 194.34 1.82 0.48 0.74 6.64 1.90 64.02 -6.30 0.13
Pedestrian 0.00 0 -4.17 53.39 199.83 236.62 374.00 1.73 0.54 0.60 -2.35 1.87 3.62 -4.75 0.12
Pedestrian 0.00 0 -2.44 440.22 217.39 570.71 374.00 1.56 0.51 0.62 -0.70 1.86 4.48 -2.60 0.12
Car 0.00 0 -5.26 836.61 178.72 885.89 202.02 1.62 1.62 3.94 18.52 2.08 53.43 -4.93 0.11
Cyclist 0.00 0 -6.05 870.54 166.20 940.34 225.11 1.75 0.82 1.86 9.06 1.55 22.27 -5.67 0.11
