Car 0.00 0 -7.59 282.41 191.78 443.24 311.44 1.51 1.55 3.35 -3.76 1.86 11.38 -7.91 0.98
Car 0.00 0 -4.54 410.15 185.24 505.23 257.27 1.53 1.64 3.87 -3.70 1.87 17.91 -4.74 0.97
Car 0.00 0 -4.63 491.94 183.80 530.41 216.98 1.43 1.52 3.49 -4.67 1.98 34.13 -4.76 0.66
Pedestrian 0.00 0 -6.08 482.70 176.27 495.70 200.74 1.70 0.53 0.81 -8.47 1.94 50.42 -6.25 0.42
Car 0.00 0 -4.67 528.42 174.84 549.98 194.03 1.53 1.61 4.06 -5.90 1.71 60.16 -4.77 0.41
Car 0.00 0 -7.92 361.24 182.58 400.37 214.66 1.49 1.64 3.87 -11.81 2.02 36.93 -8.23 0.30
Pedestrian 0.00 0 -7.79 644.63 182.70 657.02 212.12 1.55 0.62 0.67 2.16 2.09 38.74 -7.73 0.22
Car 0.00 0 -2.56 0.00 202.04 12.55 374.00 1.47 1.62 4.03 -9.07 1.83 7.47 -3.44 0.22
Pedestrian 0.00 0 -4.13 736.01 159.97 783.95 248.27 1.95 0.70 0.89 3.38 1.67 16.49 -3.93 0.22
Pedestrian 0.00 0 -5.50 366.38 178.29 387.74 218.97 1.90 0.69 0.68 -11.12 2.16 34.32 -5.81 0.22
Car 0.00 0 -7.59 499.66 180.29 543.29 207.64 1.52 1.64 3.89 -5.28 1.98 43.18 -7.71 0.14
Cyclist 0.00 0 -8.21 625.08 176.39 638.31 201.14 1.65 0.40 1.48 1.44 1.89 49.01 -8.19 0.14
Pedestrian 0.00 0 -5.14 1071.47 135.41 1161.97 280.54 1.80 0.66 0.89 6.56 1.34 9.47 -4.53 0.14
Pedestrian 0.00 0 -7.77 662.58 171.48 679.58 214.21 1.89 0.70 0.73 2.70 1.83 32.32 -7.68 0.13
Car 0.00 0 -7.59 315.27 169.04 367.99 201.42 1.64 1.72 3.71 -14.31 1.45 38.55 -7.94 0.13
Pedestrian 0.00 0 -2.04 167.21 180.32 221.66 270.42 1.82 0.75 0.71 -8.76 1.98 15.13 -2.56 0.10
