Car 0.00 0 -4.93 674.56 181.15 783.75 255.11 1.47 1.61 4.16 2.59 1.68 16.90 -4.78 0.95
Car 0.00 0 -4.32 98.26 194.78 420.50 369.10 1.33 1.62 4.42 -3.59 1.65 8.28 -4.73 0.94
Car 0.00 0 -4.49 396.25 174.27 502.27 254.46 1.59 1.53 3.62 -3.52 1.62 16.15 -4.70 0.91
Car 0.00 0 -7.96 657.04 181.21 712.31 223.94 1.37 1.57 3.75 2.55 1.69 25.77 -7.86 0.88
Car 0.00 0 -4.58 482.62 175.82 540.76 221.84 1.49 1.54 3.95 -3.44 1.60 25.53 -4.72 0.85
Car 0.00 0 -4.82 637.46 175.85 678.29 209.68 1.59 1.61 4.04 2.31 1.75 36.28 -4.76 0.62
Car 0.00 0 -4.80 521.15 174.95 558.29 206.51 1.52 1.55 3.84 -3.69 1.63 37.00 -4.90 0.61
Car 0.00 0 -7.71 204.68 178.13 309.14 257.59 1.50 1.57 3.42 -7.60 1.63 15.71 -8.16 0.17
Car 0.00 0 -7.92 633.04 177.39 663.31 203.82 1.46 1.53 3.25 2.16 1.74 42.06 -7.87 0.17
Pedestrian 0.00 0 -4.12 1045.73 133.29 1070.04 186.13 1.86 0.58 0.47 15.96 0.47 25.79 -3.56 0.14
Pedestrian 0.00 0 -3.62 778.34 169.66 790.57 197.51 1.78 0.49 0.61 11.18 1.57 46.39 -3.38 0.13
Pedestrian 0.00 0 -4.67 775.97 162.68 790.64 202.71 1.89 0.65 0.70 8.25 1.41 34.48 -4.43 0.12
Cyclist 0.00 0 -7.45 294.72 165.07 343.00 243.16 1.76 0.45 1.64 -6.92 1.59 17.09 -7.83 0.11
Pedestrian 0.00 0 -6.04 351.02 166.96 383.69 230.74 1.76 0.64 0.74 -6.86 1.60 20.28 -6.37 0.11
Cyclist 0.00 0 -7.52 0.00 164.77 22.73 258.27 1.75 0.53 1.67 -12.38 1.60 14.34 -8.23 0.11
Pedestrian 0.00 0 -8.90 1161.54 164.63 1203.63 240.31 1.78 0.60 0.57 13.74 1.59 17.38 -8.23 0.10
Pedestrian 0.00 0 -8.24 981.13 160.27 1019.12 226.98 1.93 0.74 0.81 11.47 1.57 21.33 -7.74 0.10
Car 0.00 0 -4.49 530.92 174.01 569.07 199.94 1.58 1.62 3.87 -3.83 1.66 46.21 -4.57 0.10
