Car 0.00 0 -7.50 274.26 179.96 445.17 287.94 1.61 1.63 3.65 -4.17 1.53 12.56 -7.82 0.97
Car 0.00 0 -7.64 435.29 184.39 502.23 227.51 1.37 1.55 3.49 -4.71 1.34 24.54 -7.83 0.96
Car 0.00 0 -7.34 69.92 189.56 276.92 276.72 1.47 1.67 4.26 -8.50 1.57 14.49 -7.87 0.95
Car 0.00 0 -7.88 578.78 173.43 653.69 245.81 1.61 1.67 3.93 0.09 1.35 17.93 -7.88 0.93
Car 0.00 0 -7.77 486.80 178.24 530.54 213.18 1.48 1.61 4.27 -4.46 1.19 32.60 -7.91 0.86
Car 0.00 0 -7.50 239.70 186.09 322.77 225.45 1.45 1.66 4.28 -13.00 1.49 28.82 -7.93 0.78
Car 0.00 0 -7.31 128.71 185.10 257.22 240.59 1.53 1.59 3.87 -12.40 1.52 21.71 -7.83 0.56
Car 0.00 0 -7.56 357.32 182.03 427.38 222.59 1.48 1.61 3.66 -8.34 1.36 27.99 -7.85 0.44
Car 0.00 0 -5.76 150.40 180.83 252.05 212.54 1.49 1.63 4.00 -19.62 1.29 34.72 -6.27 0.29
Car 0.00 0 -4.22 420.85 178.89 480.00 205.86 1.50 1.62 4.13 -9.17 1.15 42.10 -4.43 0.19
Pedestrian 0.00 0 -5.40 662.30 180.76 682.28 218.21 1.47 0.51 0.63 2.52 1.29 28.55 -5.31 0.14
Car 0.00 0 -4.82 566.95 178.41 587.69 195.28 1.60 1.61 3.96 -3.00 0.95 70.04 -4.86 0.11
Car 0.00 0 -7.39 146.69 185.41 247.40 226.04 1.46 1.62 4.38 -15.89 1.47 28.02 -7.91 0.11
Pedestrian 0.00 0 -6.04 650.54 180.10 663.19 202.31 1.65 0.54 0.84 3.65 1.27 53.68 -5.97 0.11
Pedestrian 0.00 0 -4.03 1136.86 148.45 1240.00 325.46 1.81 0.58 0.79 6.21 1.43 7.70 -3.35 0.11
Pedestrian 0.00 0 -6.42 543.44 174.02 554.70 204.61 1.75 0.51 0.58 -3.42 1.11 41.51 -6.50 0.11
Car 0.00 0 -7.67 583.59 177.75 635.90 215.11 1.50 1.61 3.68 0.11 1.20 30.85 -7.67 0.10
Pedestrian 0.00 0 -4.31 970.56 160.32 1031.43 286.60 1.74 0.58 0.60 5.60 1.40 10.33 -3.81 0.10
