Car 0.00 0 -8.08 659.29 167.54 750.20 233.33 1.64 1.62 3.94 2.47 1.51 20.07 -7.96 0.98
Car 0.00 0 -2.41 0.00 192.78 182.15 289.48 1.36 1.62 3.60 -9.08 1.70 11.41 -3.08 0.95
Car 0.00 0 -8.19 734.70 175.07 1035.17 369.32 1.49 1.60 3.83 2.41 1.52 7.51 -7.88 0.95
Car 0.00 0 -7.80 477.73 173.87 541.99 231.85 1.54 1.66 4.21 -2.92 1.58 21.42 -7.94 0.94
Car 0.00 0 -7.70 525.75 174.83 568.22 207.35 1.49 1.56 3.48 -3.06 1.60 35.16 -7.79 0.78
Car 0.00 0 -8.03 644.95 170.20 709.95 218.12 1.61 1.63 4.14 2.33 1.52 26.32 -7.94 0.66
Car 0.00 0 -7.95 637.89 167.81 678.06 205.06 1.80 1.65 3.96 2.36 1.56 36.88 -7.89 0.64
Car 0.00 0 -7.77 495.92 172.82 548.92 220.80 1.62 1.60 3.93 -3.17 1.62 26.35 -7.89 0.62
Pedestrian 0.00 0 -4.48 469.73 171.30 487.51 211.37 1.75 0.63 0.72 -5.85 1.68 31.93 -4.66 0.45
Pedestrian 0.00 0 -6.41 179.70 144.59 192.33 190.41 1.80 0.53 0.37 -16.92 0.69 28.71 -6.94 0.19
Pedestrian 0.00 0 -3.83 737.41 159.52 775.83 236.44 1.72 0.50 0.71 3.31 1.43 16.56 -3.64 0.18
Cyclist 0.00 0 -7.41 162.03 140.68 199.31 188.58 1.71 0.47 1.77 -15.86 0.56 26.62 -7.95 0.16
Car 0.00 0 -7.65 321.28 170.97 353.89 193.83 1.81 1.71 4.13 -22.40 1.66 59.38 -8.01 0.13
Pedestrian 0.00 0 -5.15 227.68 152.36 246.10 191.99 1.77 0.60 0.47 -16.88 0.85 32.56 -5.63 0.12
Pedestrian 0.00 0 -7.42 236.94 151.04 258.50 190.75 1.90 0.73 0.63 -17.49 0.85 34.76 -7.88 0.11
Pedestrian 0.00 0 -2.72 170.79 157.73 212.96 233.06 1.95 0.70 0.74 -11.07 1.56 19.04 -3.25 0.10
