Car 0.00 0 -8.06 852.83 184.36 961.43 254.31 1.45 1.62 4.28 7.15 1.77 17.90 -7.68 0.98
Car 0.00 0 -2.43 175.83 170.84 483.58 302.43 1.63 1.69 3.99 -4.06 1.60 10.39 -2.80 0.84
Car 0.00 0 -7.96 812.58 174.07 860.58 216.40 1.87 1.73 4.08 10.61 1.93 34.15 -7.66 0.76
Car 0.00 0 -2.96 601.14 174.04 687.45 212.59 1.83 1.73 4.01 1.68 1.89 35.65 -2.91 0.35
Car 0.00 0 -5.96 628.38 175.60 689.43 198.84 1.69 1.57 4.32 3.66 1.90 54.42 -5.89 0.30
Pedestrian 0.00 0 -4.55 181.89 138.89 300.26 374.00 1.82 0.67 0.84 -2.82 1.59 5.48 -5.02 0.24
Cyclist 0.00 0 -6.46 962.01 174.13 1013.31 221.53 1.86 0.65 1.73 15.07 1.91 28.91 -5.98 0.21
Pedestrian 0.00 0 -7.78 267.51 175.19 337.12 334.59 1.62 0.64 0.66 -3.35 1.65 7.76 -8.19 0.18
Pedestrian 0.00 0 -5.98 904.87 170.15 927.04 214.42 1.98 0.70 0.76 13.89 1.86 32.85 -5.58 0.17
Cyclist 0.00 0 -3.95 300.43 157.52 382.72 250.93 1.82 0.56 1.72 -5.57 1.52 14.94 -4.30 0.16
Pedestrian 0.00 0 -8.04 901.17 175.48 920.99 220.72 1.82 0.65 0.58 12.20 1.92 29.35 -7.64 0.15
Cyclist 0.00 0 -7.59 706.06 175.14 717.57 200.30 1.71 0.41 1.53 7.03 1.87 49.98 -7.45 0.15
Pedestrian 0.00 0 -7.73 322.05 183.11 397.33 355.37 1.59 0.63 0.68 -2.50 1.70 7.11 -8.07 0.13
Car 0.00 0 -4.93 1041.98 185.18 1151.43 247.87 1.44 1.62 3.91 12.97 1.81 19.54 -4.34 0.12
Pedestrian 0.00 0 -4.24 453.04 176.20 499.51 259.65 1.60 0.72 0.57 -2.68 1.67 14.22 -4.42 0.11
Cyclist 0.00 0 -8.07 854.88 180.67 867.74 211.62 1.64 0.34 1.52 13.67 2.07 39.37 -7.74 0.11
