Pedestrian 0.00 0 -5.95 680.83 173.69 691.54 194.55 1.81 0.51 0.81 6.63 1.88 62.95 -5.84 0.36
Pedestrian 0.00 0 -7.86 788.43 170.11 801.89 205.20 1.80 0.67 0.65 9.57 1.66 37.43 -7.61 0.23
Pedestrian 0.00 0 -3.57 745.91 169.85 761.55 196.52 1.82 0.61 0.88 9.85 1.61 49.60 -3.37 0.17
Car 0.00 0 -4.65 1050.31 184.59 1091.92 217.04 1.65 1.72 4.28 25.89 2.34 40.50 -4.09 0.16
Cyclist 0.00 0 -7.89 1091.24 173.32 1111.13 226.42 1.70 0.48 1.69 16.30 1.72 24.02 -7.29 0.15
Pedestrian 0.00 0 -8.10 870.29 163.40 896.46 219.53 1.85 0.65 0.77 9.13 1.54 24.22 -7.74 0.13
Car 0.00 0 -5.27 770.92 176.46 839.13 209.70 1.46 1.49 3.47 9.10 1.64 34.08 -5.01 0.11
Pedestrian 0.00 0 -5.99 1064.96 172.97 1092.95 232.30 1.79 0.60 0.57 14.33 1.79 22.12 -5.41 0.11
Pedestrian 0.00 0 -3.31 721.74 168.70 733.16 190.94 1.87 0.49 0.88 9.88 1.52 60.88 -3.15 0.11
Car 0.00 0 -3.40 1087.44 190.18 1241.00 245.74 1.48 1.59 3.69 16.60 2.04 21.59 -2.74 0.10
