Car 0.00 0 -8.16 766.06 153.34 1007.68 318.68 1.73 1.69 4.22 3.31 1.53 9.68 -7.84 0.96
Car 0.00 0 -7.62 708.58 173.36 786.47 222.90 1.39 1.56 3.65 4.27 1.41 22.28 -7.43 0.95
Car 0.00 0 -7.64 526.97 166.48 599.99 215.74 1.63 1.70 4.59 -1.63 1.42 26.20 -7.70 0.94
Car 0.00 0 -4.44 371.70 177.05 497.73 262.57 1.56 1.60 3.85 -3.60 1.66 15.27 -4.67 0.92
Car 0.00 0 -4.53 449.84 174.20 513.31 216.89 1.45 1.62 4.02 -4.70 1.50 26.67 -4.71 0.79
Car 0.00 0 -8.32 706.30 167.38 791.61 211.90 1.53 1.64 3.60 5.01 1.34 26.69 -8.14 0.39
Car 0.00 0 -3.63 1051.94 140.35 1146.06 170.32 1.61 1.67 4.00 26.97 -0.14 39.94 -3.03 0.38
Pedestrian 0.00 0 -7.83 1075.71 150.84 1095.51 194.30 1.81 0.69 0.54 20.09 0.90 30.54 -7.25 0.26
Cyclist 0.00 0 -3.58 1070.11 157.43 1207.85 255.01 1.60 0.59 1.81 8.92 1.35 12.29 -2.95 0.24
Pedestrian 0.00 0 -5.28 0.00 172.85 46.11 303.97 1.71 0.63 0.55 -8.24 1.71 9.80 -5.98 0.22
Car 0.00 0 -8.10 806.63 146.34 845.77 170.94 1.56 1.66 3.65 14.27 -0.13 47.90 -7.81 0.20
Cyclist 0.00 0 -4.99 983.99 165.62 1044.40 260.88 1.55 0.49 1.59 6.95 1.43 12.56 -4.49 0.18
Pedestrian 0.00 0 -5.47 1041.84 139.28 1099.24 223.17 1.92 0.59 1.04 10.86 1.15 17.12 -4.90 0.15
Pedestrian 0.00 0 -5.89 152.49 169.31 166.73 219.98 1.79 0.52 0.25 -16.10 1.66 25.73 -6.45 0.13
Pedestrian 0.00 0 -9.27 1160.99 137.22 1240.64 273.90 1.69 0.56 0.73 7.64 1.25 9.40 -8.59 0.13
Pedestrian 0.00 0 -8.08 954.24 155.38 999.81 242.52 1.74 0.71 0.61 7.47 1.39 14.80 -7.61 0.13
Pedestrian 0.00 0 -7.01 351.95 167.34 372.84 212.53 1.81 0.61 0.53 -10.10 1.59 29.32 -7.34 0.13
Pedestrian 0.00 0 -5.14 1009.23 141.47 1063.74 234.54 1.82 0.62 0.92 8.55 1.21 14.58 -4.61 0.11
Car 0.00 0 -7.87 789.20 166.32 837.70 211.48 1.51 1.57 3.56 7.23 1.29 25.98 -7.60 0.11
