Car 0.00 0 -5.13 779.13 194.69 1241.00 374.00 1.40 1.64 4.40 2.73 1.66 6.20 -4.71 0.95
Car 0.00 0 -4.87 681.70 179.73 763.00 235.25 1.36 1.59 3.96 2.97 1.57 20.11 -4.73 0.95
Car 0.00 0 -4.27 22.58 167.32 409.60 374.00 1.62 1.58 3.84 -3.26 1.58 6.80 -4.72 0.93
Car 0.00 0 -4.49 404.40 174.51 509.39 253.62 1.51 1.54 3.18 -3.22 1.55 15.48 -4.70 0.90
Car 0.00 0 -7.83 652.56 173.43 683.39 201.66 1.50 1.61 3.82 3.24 1.53 40.33 -7.75 0.88
Car 0.00 0 -4.56 472.73 171.98 544.95 225.15 1.53 1.67 4.07 -3.14 1.50 22.76 -4.70 0.84
Car 0.00 0 -7.80 561.74 172.64 584.22 191.16 1.44 1.58 3.85 -2.96 1.42 57.87 -7.85 0.55
Car 0.00 0 -6.97 915.59 163.66 1204.97 266.54 1.68 1.73 4.30 7.93 1.53 12.96 -6.42 0.45
Car 0.00 0 -7.92 645.02 172.23 674.29 197.23 1.52 1.58 3.75 3.07 1.48 45.61 -7.86 0.27
Pedestrian 0.00 0 -7.38 0.00 139.96 81.34 290.43 1.85 0.65 0.89 -7.51 1.44 9.36 -8.06 0.22
Pedestrian 0.00 0 -7.92 1207.89 165.10 1241.00 239.73 1.73 0.64 0.59 14.61 1.55 17.16 -7.22 0.19
Car 0.00 0 -7.42 122.27 184.76 326.94 289.13 1.39 1.53 3.78 -6.18 1.62 11.99 -7.90 0.15
Pedestrian 0.00 0 -5.11 82.81 153.15 159.86 293.04 1.77 0.65 0.64 -6.54 1.52 9.58 -5.71 0.14
Pedestrian 0.00 0 -5.62 0.00 160.82 94.35 331.08 1.76 0.64 0.92 -6.30 1.63 7.77 -6.30 0.14
Pedestrian 0.00 0 -5.50 81.74 157.54 158.42 263.95 1.76 0.63 0.90 -8.41 1.51 12.32 -6.10 0.13
Cyclist 0.00 0 -8.33 962.60 173.69 1054.06 288.90 1.62 0.54 1.59 5.96 1.64 10.98 -7.84 0.12
Pedestrian 0.00 0 -4.61 1117.38 132.94 1136.70 168.75 1.76 0.71 0.80 25.84 -0.21 36.11 -3.99 0.12
Cyclist 0.00 0 -2.91 394.97 159.15 428.99 189.62 1.78 0.66 1.83 -11.70 0.98 42.53 -3.18 0.11
Pedestrian 0.00 0 -4.38 975.20 146.84 1025.76 245.95 1.96 0.67 0.87 7.95 1.44 14.78 -3.89 0.10
Pedestrian 0.00 0 -8.67 1007.89 161.08 1052.44 238.57 1.76 0.65 0.62 9.73 1.50 16.81 -8.14 0.10
