Car 0.00 0 -4.13 1198.65 188.86 1223.00 367.74 1.45 1.59 4.28 8.37 1.54 6.82 -3.25 0.96
Cyclist 0.00 0 -6.30 427.60 175.90 592.43 340.78 1.73 0.67 1.74 -1.10 1.68 7.86 -6.44 0.52
Pedestrian 0.00 0 -5.88 149.12 173.62 204.29 259.63 1.75 0.52 0.85 -8.95 1.61 14.71 -6.42 0.48
Car 0.00 0 -6.93 0.00 184.88 82.41 230.64 1.53 1.69 4.14 -22.07 1.71 26.25 -7.63 0.37
Pedestrian 0.00 0 -4.78 504.52 151.72 540.23 253.94 2.02 0.67 0.91 -1.74 1.45 14.47 -4.90 0.36
Pedestrian 0.00 0 -3.55 382.33 181.95 423.81 266.01 1.59 0.56 0.60 -3.98 1.62 13.78 -3.83 0.35
Pedestrian 0.00 0 -3.86 298.71 168.19 351.38 268.52 1.80 0.63 0.66 -5.24 1.58 13.13 -4.24 0.28
Pedestrian 0.00 0 -5.92 28.89 177.56 40.68 212.44 1.77 0.49 0.32 -29.20 1.62 36.19 -6.60 0.21
Cyclist 0.00 0 -2.46 0.00 176.15 56.15 227.61 1.81 0.54 1.65 -20.56 1.66 25.10 -3.15 0.19
Car 0.00 0 -4.74 233.98 180.28 265.35 205.71 1.57 1.69 3.88 -23.03 1.56 45.77 -5.21 0.17
Car 0.00 0 -7.67 732.33 132.43 785.37 169.33 1.51 1.67 3.91 7.06 -0.54 32.25 -7.45 0.17
Pedestrian 0.00 0 -5.09 877.49 155.78 933.37 267.02 1.87 0.60 0.89 5.18 1.45 12.32 -4.70 0.16
Pedestrian 0.00 0 -4.75 575.61 155.26 621.72 272.68 1.88 0.74 0.85 -0.16 1.48 11.79 -4.76 0.16
Pedestrian 0.00 0 -2.79 44.39 179.16 54.90 212.25 1.73 0.53 0.27 -29.21 1.66 37.17 -3.46 0.15
Car 0.00 0 -7.77 209.22 185.38 259.38 223.00 1.45 1.56 3.79 -15.63 1.68 29.91 -8.25 0.13
Pedestrian 0.00 0 -4.35 68.83 204.01 103.87 276.19 1.24 0.41 0.32 -9.21 1.67 12.50 -4.98 0.13
Pedestrian 0.00 0 -3.56 845.76 123.36 872.82 184.44 1.78 0.56 0.57 7.46 0.12 20.85 -3.22 0.12
Car 0.00 0 -6.46 575.71 133.49 674.64 172.13 1.62 1.64 4.13 0.83 -0.38 31.18 -6.43 0.12
Car 0.00 0 -4.84 467.32 138.01 506.87 167.99 1.47 1.64 3.65 -6.42 -0.71 38.19 -5.01 0.12
Pedestrian 0.00 0 -5.46 177.31 180.44 195.43 212.12 1.73 0.53 0.69 -23.08 1.73 38.97 -5.99 0.11
