Car 0.00 0 -7.04 0.00 202.56 297.72 374.00 1.59 1.67 3.75 -2.67 1.77 2.35 -7.89 0.91
Car 0.00 0 -4.46 405.46 183.83 454.81 213.19 1.43 1.65 3.91 -9.59 2.05 38.59 -4.71 0.90
Car 0.00 0 -4.20 80.14 194.86 250.23 271.55 1.40 1.58 3.78 -9.78 1.95 16.15 -4.75 0.85
Car 0.00 0 -7.84 601.41 176.30 628.09 201.63 1.54 1.65 4.28 0.31 1.78 46.75 -7.83 0.78
Pedestrian 0.00 0 -5.57 144.61 173.86 235.05 316.94 1.80 0.58 0.85 -5.53 1.81 9.43 -6.10 0.77
Pedestrian 0.00 0 -7.34 721.78 164.39 784.99 274.29 1.69 0.72 0.75 2.26 1.56 11.61 -7.15 0.63
Car 0.00 0 -7.21 332.04 181.91 395.45 210.73 1.57 1.61 3.78 -14.54 2.13 42.70 -7.54 0.55
Cyclist 0.00 0 -2.73 784.99 151.93 962.97 323.56 1.72 0.62 1.76 2.84 1.51 8.04 -2.39 0.48
Pedestrian 0.00 0 -3.29 793.25 154.89 857.59 279.18 1.77 0.61 0.82 3.11 1.51 10.63 -3.01 0.42
Car 0.00 0 -6.14 1015.00 154.75 1086.84 181.24 1.68 1.68 3.86 29.11 0.53 47.73 -5.59 0.42
Cyclist 0.00 0 -8.14 749.72 173.35 764.49 201.05 1.58 0.40 1.62 8.53 1.61 42.04 -7.94 0.35
Cyclist 0.00 0 -4.35 369.93 177.16 388.96 203.98 1.72 0.59 1.79 -15.17 2.01 47.40 -4.66 0.34
Pedestrian 0.00 0 -7.64 194.19 178.23 216.71 226.01 1.81 0.63 0.66 -15.60 2.02 27.76 -8.15 0.33
Pedestrian 0.00 0 -4.68 695.18 168.78 706.40 200.86 1.87 0.63 0.78 5.32 1.63 42.52 -4.55 0.32
Pedestrian 0.00 0 -6.91 750.63 148.38 838.74 291.19 1.82 0.67 0.93 2.42 1.51 9.68 -6.67 0.27
Cyclist 0.00 0 -8.16 965.43 166.97 1015.90 246.70 1.51 0.44 1.55 7.57 1.40 14.49 -7.68 0.26
Car 0.00 0 -7.19 0.00 192.50 128.05 253.83 1.44 1.70 4.50 -16.15 2.06 20.60 -7.86 0.24
Car 0.00 0 -4.28 280.94 185.25 348.22 217.47 1.50 1.63 4.18 -15.25 2.18 37.38 -4.67 0.23
Pedestrian 0.00 0 -7.35 129.76 185.91 161.04 235.34 1.58 0.65 0.60 -15.19 2.01 23.53 -7.92 0.17
Car 0.00 0 -4.59 469.35 179.98 505.00 208.40 1.50 1.55 3.77 -6.95 1.92 40.87 -4.76 0.16
Car 0.00 0 -6.99 0.00 201.32 79.35 374.00 1.52 1.64 4.24 -8.44 1.92 8.05 -7.79 0.15
Cyclist 0.00 0 -6.97 160.88 173.11 221.38 224.95 1.78 0.75 1.80 -14.97 1.79 25.76 -7.50 0.14
Cyclist 0.00 0 -5.86 262.60 182.10 349.25 255.44 1.67 0.60 1.77 -7.11 1.89 16.79 -6.26 0.14
Cyclist 0.00 0 -7.45 0.00 184.64 131.93 374.00 1.68 0.54 1.62 -5.23 1.80 6.86 -8.10 0.12
Cyclist 0.00 0 -8.08 466.24 178.57 484.09 214.87 1.69 0.50 1.58 -6.54 1.98 34.74 -8.26 0.12
Pedestrian 0.00 0 -5.98 826.19 172.91 839.67 213.62 1.78 0.63 0.40 9.82 1.78 31.91 -5.68 0.10
