Car 0.00 0 -7.55 246.28 176.88 489.78 347.34 1.65 1.66 4.16 -2.78 1.71 9.16 -7.84 0.94
Car 0.00 0 -4.03 0.00 201.19 90.97 296.65 1.47 1.63 3.74 -12.31 2.10 14.10 -4.75 0.92
Car 0.00 0 -7.90 589.26 175.91 618.61 200.40 1.50 1.72 4.45 -0.47 1.71 47.06 -7.91 0.81
Car 0.00 0 -4.49 450.57 179.36 487.25 201.81 1.52 1.70 4.28 -10.19 2.01 52.25 -4.68 0.72
Cyclist 0.00 0 -2.63 695.76 159.97 786.11 252.18 1.83 0.53 1.84 2.67 1.58 15.14 -2.45 0.47
Pedestrian 0.00 0 -3.55 667.95 166.86 704.12 235.70 1.74 0.67 0.72 1.91 1.59 18.63 -3.45 0.44
Pedestrian 0.00 0 -3.02 710.52 163.28 747.14 237.85 1.79 0.61 0.82 2.87 1.56 17.68 -2.86 0.34
Car 0.00 0 -8.33 699.68 162.75 746.58 196.50 2.40 1.66 4.27 8.33 1.68 53.65 -8.18 0.32
Pedestrian 0.00 0 -5.75 3.13 183.34 44.31 250.67 1.75 0.68 0.59 -15.70 2.04 19.27 -6.43 0.32
Pedestrian 0.00 0 -7.11 1072.37 111.35 1241.00 374.00 1.89 0.60 1.05 3.78 1.51 4.89 -6.45 0.24
Pedestrian 0.00 0 -2.50 228.93 184.75 254.12 226.62 1.72 0.63 0.70 -15.51 2.23 30.29 -2.98 0.21
Car 0.00 0 -7.30 120.01 185.09 233.97 229.88 1.49 1.72 4.26 -16.31 1.99 27.37 -7.84 0.21
Car 0.00 0 -4.69 1173.81 155.49 1207.79 182.14 1.64 1.63 4.16 37.43 0.57 46.51 -4.02 0.21
Pedestrian 0.00 0 -3.74 672.44 169.74 686.63 196.77 1.82 0.59 0.76 4.69 1.61 48.96 -3.64 0.20
Pedestrian 0.00 0 -5.04 683.10 160.20 725.09 241.64 1.83 0.69 0.97 2.12 1.54 16.71 -4.91 0.20
Car 0.00 0 -4.37 310.22 171.91 366.16 201.98 1.67 1.73 4.27 -15.88 1.62 42.28 -4.73 0.19
Car 0.00 0 -4.26 363.57 184.90 464.40 235.23 1.39 1.56 3.87 -6.16 1.81 22.96 -4.52 0.17
Pedestrian 0.00 0 -5.67 1077.95 186.04 1121.53 258.21 1.21 0.36 0.51 8.45 1.45 12.54 -5.07 0.15
Car 0.00 0 -8.05 619.67 175.32 657.69 201.91 1.58 1.65 4.02 1.72 1.74 45.38 -8.01 0.15
Pedestrian 0.00 0 -4.47 1215.51 139.56 1241.00 262.26 1.80 0.57 0.78 9.69 1.31 11.02 -3.75 0.14
Cyclist 0.00 0 -4.81 845.85 168.81 869.19 225.52 1.62 0.50 1.55 7.27 1.50 21.36 -4.48 0.14
Pedestrian 0.00 0 -3.06 1096.68 161.19 1148.21 237.61 1.75 0.52 0.96 12.07 1.49 17.07 -2.45 0.13
Car 0.00 0 -7.99 927.29 173.33 1081.52 281.31 1.48 1.66 3.98 6.32 1.49 12.07 -7.51 0.12
Car 0.00 0 -4.53 494.78 175.06 525.58 199.57 1.65 1.51 3.65 -7.00 1.81 50.67 -4.67 0.12
Pedestrian 0.00 0 -3.24 964.57 168.21 998.01 237.05 1.56 0.48 0.64 8.52 1.45 16.67 -2.77 0.12
Car 0.00 0 -4.72 1173.87 164.28 1215.04 194.52 1.47 1.58 4.01 30.00 1.05 37.12 -4.04 0.12
Car 0.00 0 -4.48 415.91 178.55 469.84 214.71 1.52 1.55 3.74 -7.55 1.79 32.70 -4.70 0.11
Car 0.00 0 -7.80 799.71 162.11 820.58 183.24 1.92 1.67 4.26 18.84 0.95 67.90 -7.53 0.11
Car 0.00 0 -4.20 356.93 185.10 457.72 230.38 1.42 1.58 4.32 -7.24 1.90 26.08 -4.47 0.11
Cyclist 0.00 0 -7.69 261.86 185.28 293.84 260.41 1.66 0.44 1.57 -7.86 1.96 17.00 -8.13 0.11
