Car 0.00 0 -8.14 756.78 191.28 1059.01 374.00 1.48 1.63 3.35 2.41 1.69 6.84 -7.80 0.98
Car 0.00 0 -2.40 0.00 179.91 195.55 332.78 1.49 1.65 4.29 -7.23 1.57 7.94 -3.13 0.91
Car 0.00 0 -7.69 480.61 183.72 551.12 234.94 1.38 1.55 3.66 -2.84 1.74 22.11 -7.81 0.90
Car 0.00 0 -4.50 380.73 176.24 508.72 273.59 1.62 1.61 3.96 -3.11 1.69 14.11 -4.72 0.87
Car 0.00 0 -4.82 633.68 178.69 672.77 208.43 1.49 1.67 3.82 2.24 1.82 38.83 -4.77 0.78
Car 0.00 0 -4.58 559.87 169.92 589.06 195.27 1.95 1.77 4.41 -2.82 1.72 57.71 -4.63 0.69
Cyclist 0.00 0 -4.48 443.46 167.16 526.53 344.28 1.74 0.52 1.79 -1.39 1.68 8.00 -4.66 0.55
Pedestrian 0.00 0 -7.70 374.28 172.49 406.76 244.35 1.70 0.65 0.77 -5.35 1.69 17.47 -8.00 0.38
Car 0.00 0 -7.98 630.38 172.02 657.83 193.47 1.64 1.66 4.17 2.65 1.58 57.40 -7.94 0.34
Car 0.00 0 -4.98 930.68 172.82 1008.25 219.58 1.54 1.56 3.60 12.68 1.54 25.74 -4.52 0.24
Pedestrian 0.00 0 -5.21 758.91 176.08 791.85 238.92 1.72 0.54 0.88 4.59 1.81 20.25 -4.99 0.21
Car 0.00 0 -7.67 530.82 175.96 560.09 197.23 1.53 1.53 3.93 -4.88 1.78 54.64 -7.76 0.19
Pedestrian 0.00 0 -3.88 840.80 169.83 896.45 272.11 1.80 0.76 0.60 4.65 1.74 13.14 -3.54 0.18
Car 0.00 0 -4.63 576.40 171.56 598.32 191.07 1.74 1.69 4.25 -2.07 1.62 66.45 -4.67 0.17
Pedestrian 0.00 0 -3.94 919.46 170.43 952.69 236.24 1.83 0.60 0.61 9.17 1.76 20.41 -3.52 0.14
Car 0.00 0 -5.99 352.00 174.89 472.35 223.65 1.63 1.73 3.70 -6.86 1.70 25.10 -6.26 0.13
Pedestrian 0.00 0 -4.39 736.11 175.67 762.88 228.59 1.72 0.66 0.80 4.61 1.82 24.08 -4.20 0.13
Pedestrian 0.00 0 -6.97 333.29 170.93 351.55 222.73 1.79 0.57 0.31 -9.37 1.72 25.16 -7.32 0.13
Cyclist 0.00 0 -7.17 1109.36 161.99 1147.77 202.08 1.92 0.65 1.60 25.21 1.40 35.13 -6.55 0.11
Pedestrian 0.00 0 -4.51 722.11 174.39 734.91 205.67 1.75 0.60 0.67 6.69 1.84 40.94 -4.35 0.11
Pedestrian 0.00 0 -7.81 468.42 173.25 487.17 218.50 1.77 0.71 0.60 -5.28 1.79 28.59 -7.99 0.10
Cyclist 0.00 0 -5.09 970.77 164.13 1080.00 332.65 1.77 0.51 1.67 4.73 1.68 8.43 -4.58 0.10
