Car 0.00 0 -3.96 0.00 200.11 201.72 374.00 1.56 1.67 4.26 -4.66 1.82 4.63 -4.75 0.96
Car 0.00 0 -8.08 753.41 184.36 880.35 267.11 1.45 1.65 4.16 4.16 1.73 15.33 -7.81 0.94
Car 0.00 0 -8.09 720.97 180.93 805.93 238.54 1.50 1.62 3.52 4.32 1.75 21.03 -7.89 0.93
Car 0.00 0 -4.53 498.43 181.57 553.43 220.98 1.55 1.68 3.96 -3.61 1.95 31.28 -4.65 0.86
Car 0.00 0 -8.23 808.17 158.23 1136.27 358.29 1.82 1.80 4.82 3.92 1.69 9.01 -7.82 0.85
Car 0.00 0 -7.97 709.42 180.25 768.02 225.88 1.49 1.64 3.88 4.53 1.77 26.11 -7.80 0.82
Car 0.00 0 -7.98 697.06 179.96 744.64 216.32 1.47 1.62 3.60 4.75 1.79 31.60 -7.83 0.65
Pedestrian 0.00 0 -4.69 1089.44 149.75 1121.42 219.40 1.79 0.68 0.86 13.05 1.19 19.06 -4.09 0.49
Car 0.00 0 -4.57 526.20 180.40 567.23 213.50 1.57 1.59 3.84 -3.24 1.98 37.15 -4.66 0.35
Car 0.00 0 -7.98 687.55 177.89 730.58 210.75 1.55 1.64 4.21 4.95 1.82 36.75 -7.85 0.32
Cyclist 0.00 0 -2.96 896.18 170.94 965.03 229.90 1.70 0.73 1.78 9.54 1.64 21.59 -2.55 0.28
Car 0.00 0 -4.57 539.49 181.01 577.58 209.01 1.51 1.65 4.28 -3.00 2.01 42.31 -4.64 0.27
Car 0.00 0 -4.60 576.22 178.84 601.93 200.92 1.69 1.66 3.71 -1.68 2.19 58.21 -4.63 0.23
Pedestrian 0.00 0 -3.20 0.00 165.63 24.70 284.39 1.89 0.75 0.53 -10.11 1.78 11.93 -3.91 0.23
Car 0.00 0 -8.08 846.46 175.71 879.37 197.96 1.70 1.66 3.85 20.10 1.93 57.53 -7.74 0.21
Cyclist 0.00 0 -3.02 995.21 161.46 1122.63 267.65 1.80 0.93 1.88 8.13 1.61 13.18 -2.46 0.16
Car 0.00 0 -5.70 132.53 142.95 232.86 175.83 1.60 1.63 4.09 -21.30 0.14 35.99 -6.23 0.12
Cyclist 0.00 0 -7.48 475.06 183.04 495.67 214.01 1.58 0.50 1.68 -6.63 2.13 38.24 -7.65 0.10
