Car 0.00 0 -8.34 822.07 178.13 1241.00 374.00 1.63 1.68 3.70 2.75 1.68 4.93 -7.83 0.96
Car 0.00 0 -8.12 733.64 190.57 937.60 335.47 1.46 1.60 3.50 2.66 1.74 9.48 -7.85 0.95
Car 0.00 0 -8.06 689.72 176.56 818.36 273.20 1.66 1.68 4.31 2.70 1.74 14.71 -7.87 0.95
Car 0.00 0 -4.21 0.00 199.79 404.75 374.00 1.55 1.62 3.19 -2.60 1.79 4.60 -4.73 0.93
Car 0.00 0 -4.60 513.38 182.75 570.36 226.19 1.56 1.79 4.40 -2.71 2.00 29.21 -4.69 0.90
Car 0.00 0 -7.99 648.98 183.64 691.32 216.71 1.53 1.63 3.86 2.95 2.10 36.56 -7.91 0.60
Pedestrian 0.00 0 -4.70 319.34 187.02 347.49 259.96 1.61 0.59 0.54 -6.35 1.94 16.45 -5.07 0.59
Pedestrian 0.00 0 -4.68 786.99 165.86 812.87 234.02 1.96 0.71 0.84 5.55 1.76 21.25 -4.42 0.28
Pedestrian 0.00 0 -4.67 494.05 186.76 505.43 219.25 1.52 0.51 0.65 -5.29 2.19 34.36 -4.82 0.26
Car 0.00 0 -6.10 469.53 180.01 535.41 206.71 1.61 1.65 3.81 -6.67 2.06 44.77 -6.25 0.20
Pedestrian 0.00 0 -4.71 368.29 191.65 390.13 251.03 1.47 0.52 0.59 -5.95 1.96 18.46 -5.02 0.19
Cyclist 0.00 0 -5.22 982.02 131.77 1141.88 321.55 2.03 0.85 1.77 5.24 1.59 8.61 -4.68 0.17
Cyclist 0.00 0 -2.63 494.59 180.00 525.48 212.25 1.80 0.66 1.63 -5.75 2.22 41.23 -2.77 0.16
Car 0.00 0 -4.70 646.30 181.59 675.42 210.37 1.56 1.63 4.11 2.99 2.10 42.58 -4.63 0.13
Pedestrian 0.00 0 -5.89 474.22 174.57 496.44 216.50 1.93 0.65 0.84 -5.86 2.02 33.73 -6.07 0.13
Pedestrian 0.00 0 -8.00 473.94 187.22 489.29 225.56 1.59 0.57 0.55 -5.48 2.21 30.58 -8.17 0.11
Pedestrian 0.00 0 -3.20 161.90 158.69 227.02 312.53 1.96 0.68 0.72 -5.63 1.78 9.67 -3.72 0.10
