Car 0.00 0 -4.07 0.00 207.28 309.53 374.00 1.49 1.57 3.86 -3.70 1.82 4.95 -4.72 0.97
Car 0.00 0 -8.35 853.54 178.97 1241.00 374.00 1.62 1.62 3.61 3.12 1.68 5.35 -7.82 0.95
Car 0.00 0 -8.03 593.06 180.37 631.49 207.99 1.48 1.61 3.51 0.05 1.93 41.49 -8.03 0.92
Car 0.00 0 -8.15 653.92 179.83 724.37 224.22 1.50 1.61 3.65 2.83 1.78 26.94 -8.04 0.91
Car 0.00 0 -3.59 991.05 172.32 1185.59 232.69 1.44 1.55 3.80 11.88 1.43 18.20 -3.02 0.90
Car 0.00 0 -3.27 816.26 177.57 960.64 238.06 1.48 1.62 3.37 7.19 1.62 19.05 -2.91 0.87
Cyclist 0.00 0 -4.78 475.72 178.61 489.14 212.44 1.77 0.59 1.77 -6.94 2.09 39.03 -4.96 0.68
Car 0.00 0 -3.81 545.40 177.89 595.80 198.84 1.56 1.60 3.77 -3.09 1.97 56.58 -3.87 0.68
Car 0.00 0 -3.88 1204.62 135.49 1241.00 249.26 1.81 1.75 4.17 13.13 1.22 12.53 -3.07 0.58
Car 0.00 0 -7.05 625.82 177.33 680.42 198.36 1.47 1.68 3.98 3.18 1.82 53.31 -6.99 0.53
Pedestrian 0.00 0 -6.08 774.13 168.68 785.14 191.34 1.83 0.47 0.79 13.76 1.49 58.61 -5.85 0.23
Car 0.00 0 -4.08 669.33 171.62 717.15 193.14 1.62 1.58 4.15 6.52 1.53 56.42 -3.97 0.23
Cyclist 0.00 0 -4.52 716.18 177.03 730.35 208.44 1.62 0.47 1.46 5.95 1.84 38.11 -4.37 0.22
Car 0.00 0 -8.73 1120.45 178.42 1241.00 374.00 1.48 1.53 3.32 5.97 1.54 5.68 -7.92 0.18
Car 0.00 0 -5.88 308.03 167.56 373.14 189.29 1.61 1.64 4.31 -20.33 1.22 54.45 -6.24 0.17
Pedestrian 0.00 0 -4.71 331.98 190.23 352.12 247.43 1.49 0.50 0.44 -7.21 1.96 19.29 -5.07 0.17
Pedestrian 0.00 0 -4.19 879.46 158.52 914.83 223.37 1.90 0.66 0.84 8.56 1.48 21.64 -3.81 0.15
Car 0.00 0 -4.13 709.59 167.92 753.33 188.60 1.66 1.66 3.99 10.09 1.26 59.89 -3.96 0.15
Pedestrian 0.00 0 -4.79 1031.56 156.13 1059.48 222.44 1.80 0.61 0.76 12.05 1.35 20.05 -4.25 0.12
Pedestrian 0.00 0 -3.39 1041.55 150.30 1105.34 254.73 1.89 0.55 0.89 8.58 1.48 13.46 -2.82 0.10
