Car 0.00 0 -4.55 421.46 188.06 485.66 235.41 1.33 1.46 3.60 -5.01 1.86 23.28 -4.76 0.95
Car 0.00 0 -4.50 319.27 189.50 442.01 274.54 1.43 1.59 4.10 -4.66 1.83 15.06 -4.80 0.95
Car 0.00 0 -4.61 454.82 180.94 502.64 222.29 1.55 1.55 3.72 -5.37 1.90 29.66 -4.79 0.60
Pedestrian 0.00 0 -6.52 560.50 173.12 577.37 202.59 1.85 0.54 0.97 -2.63 1.87 45.64 -6.57 0.48
Car 0.00 0 -7.73 570.90 177.02 602.99 203.15 1.57 1.59 3.92 -1.46 1.84 45.90 -7.77 0.35
Pedestrian 0.00 0 -5.30 637.84 177.12 659.68 217.52 1.62 0.57 0.75 1.54 1.80 29.51 -5.25 0.32
Car 0.00 0 -7.32 52.87 186.57 236.61 264.30 1.48 1.67 4.09 -10.47 1.84 16.57 -7.88 0.26
Car 0.00 0 -4.07 0.00 189.54 16.28 306.52 1.47 1.61 3.72 -11.73 1.79 11.59 -4.86 0.24
Car 0.00 0 -4.60 523.73 172.97 549.53 193.40 1.79 1.82 4.54 -6.64 1.80 65.49 -4.70 0.21
Cyclist 0.00 0 -8.03 813.03 166.24 847.42 237.87 1.66 0.52 1.63 5.29 1.51 17.54 -7.74 0.18
Pedestrian 0.00 0 -4.68 191.70 167.12 230.67 263.12 1.91 0.68 0.84 -8.27 1.80 14.89 -5.19 0.15
Car 0.00 0 -5.04 708.32 160.03 858.11 263.03 1.72 1.62 3.85 3.13 1.50 14.03 -4.82 0.15
Cyclist 0.00 0 -7.61 149.68 158.77 172.15 193.69 1.71 0.55 1.78 -22.66 1.02 36.37 -8.17 0.14
Pedestrian 0.00 0 -3.61 1123.10 140.68 1241.00 323.81 1.71 0.60 0.74 5.57 1.41 7.11 -2.95 0.13
Pedestrian 0.00 0 -3.94 235.38 178.08 290.04 265.42 1.74 0.65 0.79 -7.23 1.85 14.93 -4.39 0.12
Cyclist 0.00 0 -4.51 456.18 175.93 469.90 205.19 1.63 0.45 1.62 -8.44 1.81 41.28 -4.71 0.12
Pedestrian 0.00 0 -2.26 63.85 198.76 149.12 331.78 1.58 0.51 0.76 -6.35 1.91 9.03 -2.88 0.10
