Car 0.00 0 -4.32 129.42 174.39 429.58 351.66 1.72 1.81 4.47 -3.83 1.74 9.26 -4.71 0.93
Car 0.00 0 -7.74 661.88 168.13 702.60 201.26 1.49 1.55 3.27 3.42 1.28 34.14 -7.64 0.92
Car 0.00 0 -4.07 0.00 177.35 268.66 374.00 1.74 1.72 4.33 -3.69 1.78 4.06 -4.81 0.80
Pedestrian 0.00 0 -4.76 505.17 169.05 523.28 212.67 1.89 0.75 0.64 -4.24 1.72 31.59 -4.90 0.39
Car 0.00 0 -4.53 614.57 167.58 647.32 191.77 1.59 1.56 3.81 1.44 1.24 49.34 -4.50 0.30
Pedestrian 0.00 0 -7.92 548.73 166.42 562.42 200.91 1.84 0.70 0.59 -2.97 1.50 38.87 -8.00 0.27
Cyclist 0.00 0 -2.86 732.64 159.76 777.37 202.30 1.83 0.70 1.81 6.35 1.27 31.82 -2.66 0.25
Pedestrian 0.00 0 -4.73 412.27 173.85 429.86 223.49 1.78 0.61 0.67 -6.95 1.82 26.34 -4.99 0.17
Cyclist 0.00 0 -3.91 0.00 174.95 73.19 271.55 1.74 0.52 1.66 -11.34 1.79 13.90 -4.60 0.15
Pedestrian 0.00 0 -3.66 838.88 145.34 930.71 298.54 1.87 0.53 0.95 3.41 1.53 9.12 -3.30 0.14
Car 0.00 0 -2.26 36.50 141.94 152.41 181.12 1.57 1.69 4.15 -21.60 0.33 30.20 -2.89 0.14
Pedestrian 0.00 0 -5.71 95.95 154.64 111.27 184.17 1.72 0.58 0.50 -29.82 0.66 42.44 -6.32 0.14
Car 0.00 0 -7.72 556.84 165.38 590.26 192.16 1.68 1.71 3.50 -2.37 1.21 47.00 -7.77 0.13
Cyclist 0.00 0 -8.12 722.21 160.72 738.78 193.99 1.72 0.44 1.67 6.34 1.09 38.21 -7.95 0.13
Car 0.00 0 -4.47 0.00 193.09 106.91 373.83 1.53 1.57 3.57 -7.24 1.83 8.50 -5.18 0.12
Car 0.00 0 -4.93 459.06 177.46 510.14 212.21 1.49 1.57 3.70 -5.90 1.72 33.45 -5.10 0.12
Pedestrian 0.00 0 -4.33 967.62 138.33 1046.82 293.34 1.84 0.59 0.87 4.93 1.43 9.05 -3.83 0.11
