Car 0.00 0 -8.30 798.59 189.17 1197.10 374.00 1.51 1.63 3.81 3.06 1.70 6.77 -7.88 0.98
Car 0.00 0 -8.01 669.53 181.51 731.08 227.06 1.43 1.57 3.67 3.03 1.75 25.16 -7.89 0.95
Car 0.00 0 -4.61 450.41 178.45 526.31 245.16 1.56 1.61 3.65 -3.16 1.72 19.02 -4.78 0.93
Car 0.00 0 -4.67 515.66 180.88 551.81 215.86 1.39 1.43 3.74 -3.33 1.77 31.56 -4.78 0.84
Car 0.00 0 -4.80 645.46 177.83 678.59 208.19 1.59 1.50 3.78 2.83 1.88 40.34 -4.73 0.79
Car 0.00 0 -4.50 535.23 177.75 575.52 207.67 1.55 1.52 3.53 -3.01 1.84 39.93 -4.58 0.73
Car 0.00 0 -4.90 544.89 177.45 579.71 201.63 1.54 1.62 4.05 -3.31 1.87 49.02 -4.97 0.15
Car 0.00 0 -4.57 569.19 176.75 593.54 194.94 1.46 1.54 3.85 -2.41 1.80 60.84 -4.61 0.15
Pedestrian 0.00 0 -7.76 738.23 162.80 789.15 282.92 1.83 0.71 0.94 2.41 1.67 11.52 -7.55 0.12
Cyclist 0.00 0 -7.07 1122.48 115.37 1214.16 192.76 1.78 0.65 1.78 13.14 0.46 17.06 -6.41 0.12
Pedestrian 0.00 0 -5.23 808.22 151.25 888.78 282.95 1.96 0.76 1.08 3.67 1.64 11.33 -4.91 0.10
