Car 0.00 0 -8.01 668.69 177.69 738.71 226.95 1.40 1.61 3.69 2.83 1.57 22.79 -7.89 0.98
Car 0.00 0 -8.15 729.35 180.19 926.29 307.34 1.49 1.62 3.87 2.91 1.62 10.66 -7.89 0.97
Car 0.00 0 -8.41 837.09 192.06 1241.00 374.00 1.49 1.59 3.45 2.95 1.67 5.13 -7.88 0.97
Car 0.00 0 -7.95 647.08 171.39 689.48 208.33 1.62 1.60 3.80 2.62 1.56 33.64 -7.87 0.92
Car 0.00 0 -2.64 143.76 172.39 393.61 263.05 1.59 1.63 3.96 -6.35 1.58 13.58 -3.08 0.89
Car 0.00 0 -5.84 313.27 175.19 469.86 229.25 1.51 1.65 4.12 -6.45 1.58 21.31 -6.13 0.88
Car 0.00 0 -5.55 0.00 167.53 221.50 374.00 1.68 1.64 3.99 -6.02 1.64 6.55 -6.30 0.87
Car 0.00 0 -2.45 0.00 165.44 260.95 315.59 1.66 1.64 3.86 -6.67 1.58 8.87 -3.10 0.86
Car 0.00 0 -5.63 40.21 183.62 350.25 289.25 1.43 1.55 4.02 -6.31 1.62 11.05 -6.14 0.74
Car 0.00 0 -2.92 367.84 169.68 498.29 218.05 1.69 1.73 4.31 -6.37 1.58 26.13 -3.15 0.74
Car 0.00 0 -7.25 0.00 174.61 123.31 231.61 1.54 1.67 3.66 -16.49 1.59 21.42 -7.91 0.52
Car 0.00 0 -2.88 422.73 177.38 516.17 211.03 1.40 1.51 3.70 -6.08 1.61 31.23 -3.07 0.40
Car 0.00 0 -3.10 425.76 172.45 521.44 208.13 1.61 1.66 4.27 -6.34 1.59 33.60 -3.29 0.35
Car 0.00 0 -7.99 635.84 168.58 666.79 194.62 1.70 1.61 3.78 2.73 1.42 48.96 -7.93 0.35
Car 0.00 0 -7.95 642.45 170.07 679.78 201.49 1.64 1.64 4.05 2.72 1.49 39.67 -7.89 0.27
Car 0.00 0 -7.56 279.84 173.86 400.45 248.07 1.54 1.64 3.73 -6.23 1.57 16.95 -7.92 0.25
Pedestrian 0.00 0 -8.09 996.13 162.23 1018.10 203.72 1.80 0.72 0.63 17.44 1.34 31.77 -7.59 0.23
Pedestrian 0.00 0 -3.46 527.72 170.32 546.14 201.18 1.79 0.47 0.97 -4.31 1.64 42.19 -3.56 0.22
Car 0.00 0 -4.57 492.58 173.95 528.66 201.72 1.57 1.62 3.71 -5.88 1.64 42.79 -4.71 0.22
Car 0.00 0 -8.18 615.08 170.04 647.06 188.27 1.53 1.60 3.99 1.78 1.30 62.87 -8.15 0.21
Car 0.00 0 -7.95 759.90 155.31 784.24 174.49 1.57 1.63 3.86 13.62 0.13 60.90 -7.73 0.18
Pedestrian 0.00 0 -4.05 985.02 158.24 1001.90 196.22 1.76 0.57 0.40 17.88 1.08 33.72 -3.56 0.16
Car 0.00 0 -2.44 406.20 178.54 507.82 215.47 1.39 1.53 3.98 -6.26 1.63 29.26 -2.65 0.15
Pedestrian 0.00 0 -8.11 1115.14 147.30 1182.88 278.10 1.92 0.67 0.74 8.18 1.54 11.04 -7.47 0.15
Cyclist 0.00 0 -8.33 724.33 172.07 747.28 207.47 1.65 0.46 1.44 5.96 1.62 34.45 -8.16 0.14
Cyclist 0.00 0 -4.64 720.87 170.95 734.74 205.20 1.71 0.59 1.54 5.97 1.61 36.76 -4.48 0.13
Pedestrian 0.00 0 -7.56 779.98 169.44 804.27 221.59 1.68 0.62 0.65 5.95 1.57 23.74 -7.32 0.13
Pedestrian 0.00 0 -4.50 746.65 159.77 761.26 195.77 1.94 0.66 0.65 7.82 1.24 39.35 -4.30 0.13
Pedestrian 0.00 0 -5.10 917.40 153.59 938.66 197.00 1.97 0.75 0.52 14.54 1.10 33.08 -4.69 0.12
Pedestrian 0.00 0 -6.01 1065.91 154.79 1139.80 284.89 1.84 0.63 0.76 7.26 1.59 10.72 -5.41 0.11
Pedestrian 0.00 0 -7.96 935.11 158.26 964.85 224.40 1.93 0.72 0.78 10.10 1.51 21.55 -7.52 0.10
