Car 0.00 0 -4.62 553.11 172.50 587.09 200.79 1.54 1.59 3.86 -1.75 1.05 41.04 -4.66 0.90
Pedestrian 0.00 0 -8.01 721.67 159.09 750.07 229.60 1.79 0.60 0.85 3.46 1.22 18.68 -7.83 0.87
Pedestrian 0.00 0 -8.33 700.34 164.65 737.24 235.74 1.65 0.58 0.78 2.76 1.26 17.17 -8.17 0.81
Pedestrian 0.00 0 -4.69 286.75 147.52 398.18 373.00 1.77 0.63 0.82 -1.73 1.57 4.68 -5.05 0.79
Pedestrian 0.00 0 -8.15 615.59 163.30 642.93 221.18 1.80 0.65 0.85 0.85 1.24 22.89 -8.11 0.77
Pedestrian 0.00 0 -4.93 629.83 156.75 673.58 249.61 1.83 0.69 0.96 0.97 1.34 14.65 -4.86 0.76
Pedestrian 0.00 0 -4.48 448.12 166.21 472.36 223.81 1.78 0.57 0.85 -4.48 1.31 22.69 -4.68 0.71
Pedestrian 0.00 0 -3.81 458.67 165.49 491.03 224.93 1.78 0.61 0.76 -3.91 1.31 22.06 -3.99 0.62
Pedestrian 0.00 0 -4.73 665.08 168.36 687.32 235.44 1.60 0.52 0.79 1.78 1.28 17.50 -4.63 0.61
Pedestrian 0.00 0 -3.65 1160.16 125.78 1237.00 348.77 1.77 0.55 0.96 5.36 1.33 6.06 -2.93 0.61
Pedestrian 0.00 0 -5.19 671.17 161.29 712.77 248.17 1.69 0.52 0.80 1.78 1.30 14.47 -5.07 0.61
Pedestrian 0.00 0 -4.06 688.97 161.14 724.28 229.39 1.73 0.53 0.81 2.71 1.22 18.69 -3.91 0.61
Pedestrian 0.00 0 -5.04 277.36 168.78 319.92 257.67 1.71 0.58 0.73 -6.06 1.47 14.27 -5.44 0.57
Pedestrian 0.00 0 -4.53 177.02 164.23 331.23 373.00 1.68 0.65 0.64 -1.88 1.60 3.86 -4.98 0.56
Pedestrian 0.00 0 -8.54 735.03 158.43 768.62 214.86 1.80 0.55 1.02 4.89 1.07 23.52 -8.33 0.42
Pedestrian 0.00 0 -5.99 1159.68 0.00 1237.00 373.00 1.87 0.70 1.00 2.00 1.56 1.66 -5.11 0.41
Pedestrian 0.00 0 -4.77 752.12 157.73 775.70 219.42 1.81 0.63 0.98 4.86 1.12 21.64 -4.55 0.40
Pedestrian 0.00 0 -8.47 656.40 163.09 677.70 206.32 1.87 0.66 0.68 2.86 1.07 31.47 -8.38 0.37
Pedestrian 0.00 0 -6.49 538.48 169.83 556.04 203.94 1.71 0.60 0.78 -2.75 1.12 36.34 -6.56 0.34
Pedestrian 0.00 0 -6.88 707.58 161.45 731.11 214.32 1.72 0.56 0.54 3.87 1.07 23.74 -6.72 0.29
Pedestrian 0.00 0 -3.81 1015.10 138.76 1068.77 231.66 1.78 0.60 0.67 8.58 0.96 14.07 -3.26 0.28
Pedestrian 0.00 0 -3.86 673.16 166.00 714.32 242.35 1.64 0.61 0.67 2.00 1.31 15.84 -3.73 0.27
Cyclist 0.00 0 -6.52 496.91 165.95 547.71 214.77 1.77 0.67 1.77 -2.96 1.21 26.72 -6.64 0.26
Cyclist 0.00 0 -8.07 908.24 146.62 964.60 256.25 1.75 0.51 1.70 5.68 1.19 12.33 -7.64 0.24
Pedestrian 0.00 0 -3.20 524.44 166.15 547.44 207.32 1.77 0.60 0.96 -2.87 1.11 31.31 -3.29 0.23
Pedestrian 0.00 0 -4.19 939.96 145.62 1009.24 261.18 1.73 0.65 0.81 5.79 1.19 11.23 -3.72 0.23
Pedestrian 0.00 0 -8.63 725.62 158.80 753.12 215.25 1.76 0.59 0.62 4.36 1.06 22.85 -8.44 0.23
Pedestrian 0.00 0 -4.33 0.00 181.40 162.57 373.00 1.59 0.62 0.68 -2.69 1.59 3.56 -4.98 0.23
Cyclist 0.00 0 -7.86 368.77 169.63 382.14 215.20 1.65 0.46 1.62 -8.46 1.22 26.81 -8.17 0.19
Pedestrian 0.00 0 -6.52 981.14 166.29 1035.20 285.49 1.49 0.67 0.47 5.25 1.30 9.38 -6.01 0.19
Pedestrian 0.00 0 -7.95 717.51 164.04 733.87 207.91 1.79 0.61 0.60 5.12 1.08 29.69 -7.78 0.18
Pedestrian 0.00 0 -4.29 1061.98 128.63 1169.79 321.17 1.78 0.57 0.86 5.03 1.29 7.09 -3.68 0.17
Cyclist 0.00 0 -2.63 336.20 169.45 379.41 208.15 1.73 0.65 1.76 -11.05 1.19 32.57 -2.96 0.16
Cyclist 0.00 0 -5.13 66.82 176.98 213.79 333.54 1.59 0.77 1.69 -5.25 1.55 8.08 -5.70 0.16
Cyclist 0.00 0 -8.14 263.27 166.46 290.24 220.40 1.70 0.37 1.57 -10.57 1.22 23.31 -8.56 0.15
Pedestrian 0.00 0 -5.19 253.24 184.55 339.77 352.66 1.50 0.56 0.56 -2.95 1.54 6.83 -5.60 0.14
Pedestrian 0.00 0 -6.92 172.21 189.18 267.62 355.66 1.48 0.57 0.57 -3.65 1.56 6.80 -7.42 0.14
Pedestrian 0.00 0 -5.69 241.56 167.57 266.11 227.35 1.70 0.53 0.41 -10.03 1.30 20.67 -6.14 0.14
Pedestrian 0.00 0 -3.54 1134.93 126.52 1215.48 271.94 1.77 0.55 0.63 7.18 1.10 9.07 -2.87 0.13
Car 0.00 0 -5.05 736.89 182.58 928.26 293.20 1.33 1.51 3.52 3.10 1.35 10.49 -4.76 0.12
Pedestrian 0.00 0 -5.17 489.15 161.28 505.27 201.00 1.94 0.60 0.56 -5.15 0.95 35.47 -5.32 0.12
Car 0.00 0 -4.95 637.72 170.91 675.92 194.79 1.48 1.55 4.10 3.55 0.82 46.57 -4.87 0.11
Pedestrian 0.00 0 -5.20 483.94 170.49 514.07 225.77 1.67 0.60 0.84 -3.20 1.34 22.23 -5.35 0.11
Pedestrian 0.00 0 -5.21 227.93 153.98 304.76 288.41 1.84 0.70 0.81 -4.88 1.47 10.36 -5.65 0.11
Pedestrian 0.00 0 -4.60 769.24 157.99 788.27 209.71 1.84 0.58 0.85 6.41 1.00 26.04 -4.36 0.10
Pedestrian 0.00 0 -4.51 876.90 226.75 929.38 346.38 1.02 0.36 0.44 2.73 1.45 6.61 -4.11 0.10
