Car 0.00 0 -3.84 1173.97 183.11 1241.00 282.25 1.43 1.50 3.54 11.33 1.61 11.49 -3.06 0.96
Car 0.00 0 -2.35 0.00 178.41 126.38 288.16 1.82 1.70 4.12 -11.37 1.92 13.03 -3.07 0.84
Car 0.00 0 -1.97 170.70 186.25 279.66 239.59 1.46 1.58 3.98 -12.10 1.91 22.52 -2.46 0.60
Pedestrian 0.00 0 -4.38 513.89 172.77 541.61 229.90 1.79 0.63 0.90 -2.68 1.79 23.16 -4.49 0.45
Car 0.00 0 -6.60 788.69 171.67 895.07 206.76 1.41 1.58 3.89 9.50 1.37 29.86 -6.29 0.36
Pedestrian 0.00 0 -5.98 549.60 168.47 572.55 212.11 1.75 0.60 0.79 -2.03 1.58 29.33 -6.05 0.35
Cyclist 0.00 0 -3.34 985.01 180.33 1089.15 262.55 1.58 0.60 1.72 8.50 1.74 14.52 -2.81 0.28
Pedestrian 0.00 0 -4.23 495.24 167.10 524.31 224.17 1.89 0.63 0.91 -3.43 1.70 24.44 -4.37 0.24
Pedestrian 0.00 0 -4.80 471.04 167.52 494.77 232.07 1.92 0.65 0.75 -3.91 1.76 21.93 -4.97 0.21
Pedestrian 0.00 0 -3.93 414.71 166.43 452.73 232.68 1.96 0.60 0.98 -5.39 1.77 21.88 -4.17 0.18
Pedestrian 0.00 0 -3.55 561.03 161.11 588.43 211.66 1.98 0.61 0.92 -1.45 1.52 28.70 -3.60 0.18
Pedestrian 0.00 0 -4.53 380.04 165.37 406.57 232.36 1.99 0.60 1.04 -6.63 1.77 21.97 -4.83 0.17
Pedestrian 0.00 0 -8.05 891.30 168.16 920.60 229.28 1.75 0.68 0.64 8.56 1.61 21.00 -7.66 0.16
Pedestrian 0.00 0 -7.72 736.07 168.99 751.52 204.79 1.65 0.63 0.68 6.21 1.47 33.70 -7.54 0.16
Pedestrian 0.00 0 -4.84 709.08 164.94 726.34 203.87 1.80 0.70 0.76 4.99 1.43 33.70 -4.70 0.16
Pedestrian 0.00 0 -8.06 917.18 167.13 945.23 228.58 1.75 0.59 0.79 9.28 1.59 20.96 -7.65 0.16
Pedestrian 0.00 0 -6.03 611.59 164.63 619.36 201.63 1.78 0.44 0.28 0.23 1.39 35.02 -6.02 0.16
Pedestrian 0.00 0 -7.61 960.19 168.76 992.37 229.61 1.71 0.67 0.71 10.48 1.59 20.74 -7.14 0.15
Pedestrian 0.00 0 -7.83 776.12 170.17 794.70 207.62 1.60 0.77 0.61 7.54 1.48 31.16 -7.59 0.14
Pedestrian 0.00 0 -4.65 746.72 157.95 763.11 198.84 1.93 0.72 0.79 6.89 1.22 34.46 -4.45 0.13
Car 0.00 0 -3.12 745.86 171.38 888.08 229.43 1.70 1.71 4.11 6.37 1.66 22.53 -2.85 0.12
Pedestrian 0.00 0 -3.55 840.16 157.81 850.40 198.16 1.90 0.49 0.29 11.10 1.19 34.17 -3.24 0.12
Pedestrian 0.00 0 -8.24 483.76 167.06 509.79 226.41 1.90 0.62 0.71 -3.74 1.71 23.54 -8.40 0.12
Pedestrian 0.00 0 -7.62 607.78 164.36 622.86 206.89 1.81 0.57 0.39 0.19 1.45 30.94 -7.61 0.11
