Car 0.00 0 -4.09 0.00 194.29 165.49 304.84 1.43 1.66 4.55 -9.93 1.88 12.56 -4.76 0.86
Car 0.00 0 -7.87 563.74 178.56 581.14 195.11 1.52 1.62 3.69 -3.65 2.08 69.33 -7.92 0.28
Car 0.00 0 -2.70 351.37 179.97 430.35 208.31 1.56 1.62 4.02 -12.55 1.98 41.29 -2.99 0.25
Car 0.00 0 -4.95 626.88 176.21 659.09 198.09 1.60 1.60 3.92 2.47 1.87 55.49 -4.90 0.17
Car 0.00 0 -4.91 647.25 177.52 683.39 203.05 1.60 1.63 4.22 3.62 1.93 48.32 -4.83 0.15
Cyclist 0.00 0 -3.50 994.05 178.95 1054.20 223.75 1.70 0.83 1.85 16.03 1.94 28.05 -2.98 0.15
Pedestrian 0.00 0 -2.87 907.87 180.68 943.57 262.89 1.52 0.55 0.50 5.97 1.67 13.76 -2.46 0.14
Pedestrian 0.00 0 -4.50 443.23 168.64 461.95 209.23 1.99 0.71 1.02 -7.84 1.78 35.81 -4.71 0.12
Car 0.00 0 -4.52 870.51 182.41 902.77 204.50 1.68 1.67 4.28 22.62 2.49 58.97 -4.15 0.11
Car 0.00 0 -3.04 831.25 173.46 900.22 199.06 1.47 1.61 3.74 15.25 1.51 43.12 -2.70 0.10
