Car 0.00 0 -7.74 504.87 182.44 553.74 224.01 1.63 1.66 3.86 -3.45 2.07 31.05 -7.85 0.91
Car 0.00 0 -4.34 374.82 190.38 439.21 223.19 1.47 1.70 4.42 -10.37 2.43 37.06 -4.62 0.80
Car 0.00 0 -7.80 577.27 182.40 604.93 206.82 1.47 1.60 3.75 -1.22 2.11 46.79 -7.83 0.79
Cyclist 0.00 0 -2.54 629.66 174.70 665.30 210.36 1.80 0.60 1.83 1.90 1.90 37.36 -2.49 0.48
Car 0.00 0 -7.49 275.11 189.02 390.86 254.44 1.51 1.66 3.83 -7.40 1.99 19.56 -7.85 0.32
Pedestrian 0.00 0 -6.23 627.40 173.43 645.32 208.41 1.87 0.55 0.94 1.39 1.90 38.92 -6.20 0.25
Cyclist 0.00 0 -6.30 242.13 191.19 281.05 230.28 1.71 0.76 1.58 -15.93 2.56 32.90 -6.75 0.20
Car 0.00 0 -8.06 283.15 191.78 338.95 227.49 1.48 1.67 4.02 -14.32 2.44 34.36 -8.45 0.19
Pedestrian 0.00 0 -4.19 791.09 162.27 812.57 207.59 2.08 0.73 0.67 8.89 1.59 33.60 -3.93 0.19
Cyclist 0.00 0 -8.17 621.70 180.58 637.31 209.79 1.62 0.46 1.48 1.07 2.06 41.10 -8.14 0.17
Car 0.00 0 -4.95 441.51 188.33 491.07 219.47 1.42 1.57 4.09 -7.50 2.26 37.21 -5.15 0.16
Car 0.00 0 -4.08 0.00 179.60 130.42 327.35 1.84 1.76 4.17 -9.73 1.97 11.32 -4.79 0.16
Car 0.00 0 -8.34 1129.68 151.63 1241.00 270.95 1.49 1.58 3.50 9.53 1.23 10.90 -7.62 0.15
Cyclist 0.00 0 -7.80 724.51 179.59 732.52 207.77 1.62 0.38 1.55 6.96 2.02 42.56 -7.64 0.14
Pedestrian 0.00 0 -4.98 449.93 187.03 461.48 215.43 1.58 0.52 0.52 -8.78 2.39 40.90 -5.19 0.13
Car 0.00 0 -7.46 633.73 178.30 689.71 208.05 1.59 1.68 4.35 3.02 1.92 41.71 -7.39 0.13
Cyclist 0.00 0 -7.48 476.78 182.60 496.37 215.88 1.71 0.47 1.60 -6.59 2.24 38.34 -7.65 0.11
Car 0.00 0 -7.79 713.15 178.81 743.05 204.71 1.52 1.60 3.94 7.46 1.92 45.54 -7.62 0.11
Car 0.00 0 -4.37 284.75 196.30 341.45 227.05 1.44 1.55 4.04 -15.95 2.77 38.87 -4.76 0.10
