Car 0.00 0 -7.90 542.32 169.86 581.67 204.07 1.44 1.57 4.14 -2.15 0.79 32.41 -7.96 0.81
Car 0.00 0 -8.01 613.18 164.82 657.35 196.64 1.58 1.66 4.26 1.36 0.57 37.89 -7.98 0.75
Pedestrian 0.00 0 -6.24 301.80 182.55 344.55 343.83 1.52 0.44 0.37 -2.84 1.50 7.04 -6.62 0.42
Car 0.00 0 -6.66 382.85 169.32 461.55 196.19 1.54 1.56 4.29 -11.10 0.63 43.03 -6.91 0.27
Pedestrian 0.00 0 -4.90 119.78 160.50 208.70 348.75 1.67 0.59 0.76 -4.28 1.45 6.83 -5.46 0.22
Car 0.00 0 -7.98 575.95 163.91 597.99 181.56 1.62 1.62 3.99 -2.03 -0.36 69.04 -8.01 0.16
Car 0.00 0 -3.57 412.41 173.07 477.09 196.17 1.56 1.64 4.13 -11.45 0.74 50.52 -3.79 0.15
Pedestrian 0.00 0 -8.71 859.31 161.99 883.38 220.65 1.73 0.50 0.47 7.85 1.05 21.52 -8.36 0.15
Pedestrian 0.00 0 -6.96 495.46 160.50 512.64 198.02 1.79 0.58 0.59 -5.05 0.61 34.79 -7.11 0.11
Pedestrian 0.00 0 -4.39 545.44 212.05 648.01 375.00 1.47 0.46 0.57 -0.11 1.65 4.27 -4.41 0.10
