Car 0.00 0 -7.75 559.72 180.32 617.46 226.63 1.38 1.55 3.28 -0.69 1.64 23.75 -7.77 0.79
Car 0.00 0 -6.53 502.21 179.02 592.31 211.75 1.43 1.51 3.90 -2.95 1.73 33.40 -6.62 0.37
Car 0.00 0 -4.05 832.81 182.62 877.48 203.53 1.71 1.63 3.84 21.19 2.58 62.38 -3.72 0.30
Cyclist 0.00 0 -4.74 753.73 170.59 764.01 202.10 1.69 0.51 1.65 8.13 1.57 39.61 -4.53 0.27
Pedestrian 0.00 0 -6.80 791.41 177.69 803.35 202.01 1.76 0.76 0.54 13.67 2.11 52.74 -6.55 0.15
Pedestrian 0.00 0 -3.75 78.31 179.02 97.04 216.82 1.67 0.57 0.43 -23.34 1.94 32.18 -4.38 0.14
Car 0.00 0 -4.90 717.08 177.16 744.51 197.23 1.56 1.56 3.65 9.79 1.93 58.83 -4.73 0.14
Cyclist 0.00 0 -7.89 900.25 182.53 909.23 214.49 1.68 0.39 1.54 15.93 2.21 39.09 -7.51 0.13
Car 0.00 0 -6.10 0.00 187.41 46.28 241.50 1.43 1.53 3.53 -19.20 1.90 21.53 -6.83 0.12
Pedestrian 0.00 0 -6.03 986.65 176.35 996.15 224.47 1.78 0.47 0.21 14.25 1.92 27.03 -5.55 0.10
Car 0.00 0 -8.26 673.27 179.76 717.77 202.11 1.47 1.63 4.07 5.94 1.97 50.83 -8.14 0.10
