Car 0.00 0 -4.44 450.21 180.77 528.64 226.89 1.46 1.69 4.11 -4.22 1.76 25.64 -4.60 0.93
Car 0.00 0 -4.09 0.00 188.26 297.67 374.00 1.55 1.65 4.56 -4.98 1.75 7.15 -4.70 0.92
Car 0.00 0 -7.78 683.72 175.55 733.05 219.17 1.53 1.61 3.51 3.74 1.64 27.35 -7.65 0.90
Pedestrian 0.00 0 -4.98 800.78 153.44 843.13 242.87 1.92 0.64 1.02 4.63 1.50 15.98 -4.70 0.76
Cyclist 0.00 0 -4.14 0.00 159.42 201.00 374.00 1.82 0.60 2.04 -3.15 1.76 4.03 -4.80 0.74
Car 0.00 0 -4.55 644.76 172.58 669.36 191.44 1.67 1.65 3.85 4.30 1.64 65.82 -4.49 0.46
Pedestrian 0.00 0 -6.55 794.06 170.48 818.93 224.29 1.61 0.60 0.59 5.92 1.54 21.93 -6.29 0.19
Pedestrian 0.00 0 -5.57 381.23 176.19 408.17 227.24 1.75 0.64 0.63 -7.55 1.87 25.17 -5.86 0.18
Pedestrian 0.00 0 -5.14 919.02 143.79 974.82 241.89 1.88 0.65 0.98 6.60 1.32 14.29 -4.71 0.17
Pedestrian 0.00 0 -3.89 961.25 178.40 1019.23 275.45 1.43 0.49 0.61 5.74 1.52 11.00 -3.41 0.14
Pedestrian 0.00 0 -7.36 1011.04 152.24 1081.30 271.46 1.73 0.59 0.83 6.55 1.43 10.93 -6.82 0.13
Pedestrian 0.00 0 -6.90 775.38 166.25 790.88 205.71 1.83 0.54 0.48 8.07 1.52 33.80 -6.67 0.12
Pedestrian 0.00 0 -4.80 770.74 171.24 786.07 212.67 1.68 0.55 0.72 6.86 1.61 29.57 -4.57 0.12
Cyclist 0.00 0 -8.16 916.37 165.98 981.06 268.64 1.63 0.52 1.62 5.66 1.52 12.26 -7.73 0.12
Car 0.00 0 -7.05 1087.37 176.85 1241.00 303.13 1.37 1.56 4.47 8.45 1.42 8.68 -6.27 0.11
Pedestrian 0.00 0 -6.63 693.09 170.06 706.57 197.16 1.82 0.61 0.74 6.05 1.63 48.81 -6.50 0.11
Pedestrian 0.00 0 -3.67 736.47 167.76 747.93 189.68 1.83 0.48 0.81 11.07 1.40 60.55 -3.49 0.10
