Pedestrian 0.00 0 -6.70 750.58 142.84 855.76 325.84 1.87 0.70 0.88 2.07 1.49 7.63 -6.44 0.65
Car 0.00 0 -8.84 1086.06 188.84 1223.00 369.00 1.48 1.54 3.40 5.03 1.55 4.42 -7.99 0.20
Cyclist 0.00 0 -4.63 68.61 165.67 113.09 266.22 1.74 0.54 1.65 -9.52 1.48 13.06 -5.26 0.18
Pedestrian 0.00 0 -4.91 987.87 220.77 1066.37 369.00 1.21 0.38 0.65 3.13 1.54 5.36 -4.38 0.17
Pedestrian 0.00 0 -6.22 593.70 163.05 600.58 189.17 1.87 0.70 0.45 -0.56 0.62 51.03 -6.23 0.16
Pedestrian 0.00 0 -3.86 1172.43 166.81 1223.00 262.37 1.58 0.64 0.60 10.14 1.35 11.99 -3.16 0.15
Pedestrian 0.00 0 -4.51 663.18 144.62 677.20 176.82 1.79 0.66 0.70 3.67 -0.21 39.82 -4.42 0.15
Pedestrian 0.00 0 -5.53 792.25 158.60 851.84 264.55 1.76 0.63 0.76 3.71 1.40 12.25 -5.24 0.15
Pedestrian 0.00 0 -5.14 683.56 159.17 729.71 250.71 1.81 0.64 0.86 2.03 1.39 14.51 -5.00 0.14
Pedestrian 0.00 0 -5.41 1014.12 151.69 1085.51 263.99 1.77 0.61 0.81 7.25 1.32 11.61 -4.86 0.14
Cyclist 0.00 0 -7.81 506.61 165.43 542.89 265.43 1.71 0.59 1.81 -1.50 1.46 13.03 -7.92 0.13
Pedestrian 0.00 0 -4.00 852.93 160.14 911.95 265.75 1.72 0.62 0.71 4.64 1.39 11.95 -3.63 0.12
Pedestrian 0.00 0 -4.34 0.00 174.39 52.41 259.12 1.65 0.63 0.77 -11.68 1.53 14.20 -5.03 0.12
Car 0.00 0 -6.94 0.00 178.69 105.59 228.23 1.47 1.65 4.29 -19.13 1.42 23.32 -7.63 0.12
Pedestrian 0.00 0 -7.82 263.93 161.76 300.05 257.58 1.79 0.61 0.86 -6.29 1.44 13.70 -8.25 0.11
Pedestrian 0.00 0 -8.24 837.76 169.03 871.20 233.03 1.58 0.59 0.65 6.23 1.30 17.77 -7.91 0.11
Pedestrian 0.00 0 -7.71 1095.36 151.49 1150.13 262.31 1.74 0.62 0.78 8.46 1.29 11.60 -7.08 0.10
