Car 0.00 0 -6.43 670.24 172.93 780.18 210.93 1.52 1.70 4.27 4.64 1.53 29.76 -6.28 0.86
Pedestrian 0.00 0 -8.13 682.10 159.75 697.16 192.11 1.87 0.69 0.79 4.62 1.11 42.18 -8.02 0.44
Car 0.00 0 -7.89 663.03 173.76 686.21 194.12 1.43 1.56 3.79 4.67 1.50 52.85 -7.80 0.29
Pedestrian 0.00 0 -6.18 477.99 169.67 484.01 202.35 1.79 0.49 0.28 -7.15 1.62 39.79 -6.35 0.26
Pedestrian 0.00 0 -4.82 287.94 156.06 328.26 260.26 1.94 0.62 0.88 -5.89 1.62 13.94 -5.22 0.18
Cyclist 0.00 0 -7.76 539.57 172.16 545.05 190.49 1.59 0.34 1.55 -5.94 1.53 63.17 -7.86 0.14
Pedestrian 0.00 0 -3.04 462.45 166.51 473.16 204.40 1.88 0.51 0.48 -7.15 1.57 36.08 -3.24 0.12
Pedestrian 0.00 0 -7.97 1225.94 156.78 1241.00 220.89 1.93 0.70 0.55 19.36 1.45 22.15 -7.25 0.11
Car 0.00 0 -7.63 785.56 161.80 815.44 183.01 1.88 1.78 4.06 17.46 0.90 66.09 -7.37 0.11
Pedestrian 0.00 0 -4.39 1182.24 123.02 1241.00 374.00 1.86 0.51 0.97 4.90 1.50 5.58 -3.67 0.11
