Pedestrian 0.00 0 -3.35 485.43 174.68 525.15 238.47 1.65 0.66 0.93 -2.58 1.47 19.02 -3.48 0.76
Pedestrian 0.00 0 -4.31 195.88 182.11 354.18 373.00 1.69 0.78 0.77 -2.32 1.69 5.08 -4.74 0.58
Pedestrian 0.00 0 -3.17 739.98 158.71 767.43 240.65 1.78 0.75 0.58 3.35 1.29 16.03 -2.96 0.39
Cyclist 0.00 0 -5.12 790.93 160.60 842.39 234.78 1.70 0.55 1.72 5.13 1.22 17.34 -4.83 0.36
Pedestrian 0.00 0 -5.78 700.52 165.47 752.12 255.09 1.74 0.65 0.81 2.47 1.43 14.43 -5.61 0.23
Pedestrian 0.00 0 -4.69 857.07 214.79 930.18 372.50 1.25 0.56 0.48 2.46 1.56 6.18 -4.31 0.22
Pedestrian 0.00 0 -5.33 1053.51 192.89 1237.00 373.00 1.53 0.66 0.57 3.10 1.60 4.20 -4.69 0.19
Cyclist 0.00 0 -5.94 386.97 166.69 498.38 272.31 1.80 0.61 1.81 -2.82 1.55 12.63 -6.16 0.17
Pedestrian 0.00 0 -3.87 840.00 168.23 891.60 252.25 1.57 0.56 0.75 5.05 1.33 13.85 -3.52 0.14
Cyclist 0.00 0 -5.19 857.52 173.36 924.51 263.60 1.50 0.47 1.46 5.04 1.37 12.69 -4.81 0.13
Pedestrian 0.00 0 -8.22 605.96 159.18 625.74 201.80 1.90 0.70 0.66 0.64 0.91 32.44 -8.20 0.13
Pedestrian 0.00 0 -3.51 822.38 160.15 840.56 203.11 1.82 0.56 0.58 9.83 0.92 30.76 -3.20 0.10
