Car 0.00 0 -4.58 501.87 187.27 555.19 226.15 1.46 1.73 4.13 -3.43 2.11 30.70 -4.69 0.94
Pedestrian 0.00 0 -5.15 539.18 197.98 665.64 374.00 1.67 0.59 0.59 -0.12 1.84 4.52 -5.18 0.32
Car 0.00 0 -2.98 524.65 182.43 689.15 243.71 1.67 1.78 4.63 -0.08 1.97 21.30 -2.98 0.27
Car 0.00 0 -3.15 553.24 182.58 698.03 235.06 1.59 1.73 4.47 0.45 1.92 23.12 -3.13 0.25
Car 0.00 0 -4.17 263.47 194.01 385.39 250.84 1.43 1.64 3.89 -8.51 2.13 21.76 -4.54 0.18
Car 0.00 0 -4.46 468.55 184.90 509.38 209.76 1.54 1.70 4.45 -8.23 2.40 49.23 -4.63 0.15
Car 0.00 0 -7.74 442.22 189.06 510.09 244.96 1.47 1.61 3.74 -4.05 2.01 22.06 -7.92 0.14
Cyclist 0.00 0 -7.77 504.95 182.95 510.45 205.15 1.59 0.28 1.50 -7.56 2.35 53.15 -7.91 0.12
Cyclist 0.00 0 -5.10 768.01 172.42 797.40 217.69 1.77 0.52 1.77 6.90 1.75 29.08 -4.87 0.12
Pedestrian 0.00 0 -6.29 611.00 180.73 615.21 202.34 1.78 0.58 0.35 0.23 2.44 60.10 -6.28 0.11
Pedestrian 0.00 0 -3.45 647.85 187.65 661.11 213.58 1.58 0.56 0.68 2.73 2.51 44.77 -3.39 0.10
