Car 0.00 0 -4.40 309.29 184.59 395.89 230.38 1.42 1.70 4.17 -9.05 1.87 25.60 -4.74 0.94
Car 0.00 0 -4.66 441.35 177.17 469.69 203.18 1.66 1.66 4.21 -10.48 1.97 48.99 -4.87 0.74
Car 0.00 0 -7.85 587.28 171.64 613.24 196.91 1.59 1.63 4.19 -0.66 1.51 47.36 -7.86 0.74
Car 0.00 0 -7.85 552.54 173.80 570.56 189.89 1.42 1.59 3.77 -4.42 1.51 65.69 -7.92 0.33
Cyclist 0.00 0 -8.34 718.38 161.00 763.51 226.47 1.78 0.51 1.74 3.66 1.46 20.56 -8.17 0.23
Car 0.00 0 -7.58 312.70 179.15 411.77 240.23 1.60 1.68 4.29 -7.29 1.81 21.53 -7.91 0.23
Pedestrian 0.00 0 -6.49 1113.10 145.92 1183.21 280.09 1.61 0.56 0.60 6.67 1.29 9.04 -5.85 0.20
Car 0.00 0 -2.95 387.99 179.00 481.19 212.17 1.48 1.65 3.97 -8.13 1.78 33.53 -3.19 0.19
Car 0.00 0 -4.56 397.49 178.51 454.19 219.90 1.54 1.65 3.93 -7.49 1.79 29.48 -4.80 0.18
Car 0.00 0 -4.59 442.86 176.22 483.12 209.34 1.58 1.55 3.89 -7.50 1.77 36.92 -4.79 0.12
Pedestrian 0.00 0 -7.67 815.08 168.93 837.27 217.66 1.69 0.65 0.63 7.58 1.55 25.45 -7.38 0.11
Car 0.00 0 -7.26 0.00 190.76 120.26 238.45 1.44 1.70 4.45 -19.81 2.14 25.78 -7.91 0.11
Pedestrian 0.00 0 -3.98 764.21 162.32 785.85 207.67 1.90 0.67 0.60 6.96 1.46 30.62 -3.75 0.11
Car 0.00 0 -4.85 641.71 168.46 672.85 193.24 1.68 1.65 3.97 3.27 1.38 50.94 -4.79 0.10
Pedestrian 0.00 0 -4.72 1027.31 146.14 1074.35 270.58 1.71 0.56 0.69 6.26 1.34 10.34 -4.17 0.10
Pedestrian 0.00 0 -5.02 686.45 161.89 711.43 211.47 1.88 0.67 1.04 3.39 1.46 27.93 -4.90 0.10
