Pedestrian 0.00 0 -8.02 743.24 170.26 766.20 209.47 1.66 0.77 1.30 6.20 1.55 31.17 -7.82 0.33
Pedestrian 0.00 0 -4.94 757.31 172.33 772.52 204.28 1.61 0.58 0.84 7.88 1.59 36.88 -4.73 0.25
Car 0.00 0 -6.23 459.35 177.58 587.01 227.29 1.56 1.66 4.05 -2.86 1.73 23.84 -6.35 0.22
Car 0.00 0 -7.40 334.88 182.97 375.55 202.98 1.42 1.55 3.46 -19.32 2.21 54.78 -7.74 0.19
Cyclist 0.00 0 -5.14 820.56 168.66 873.14 246.20 1.69 0.53 1.56 5.33 1.59 16.48 -4.83 0.17
Car 0.00 0 -4.46 0.00 0.00 339.26 374.00 1.94 1.72 4.24 -2.08 1.75 2.90 -5.08 0.17
Car 0.00 0 -7.71 528.21 178.67 574.87 212.71 1.46 1.66 3.69 -2.69 1.74 33.45 -7.79 0.15
Car 0.00 0 -4.59 804.37 160.51 829.24 179.28 1.64 1.67 4.25 18.74 0.56 65.35 -4.31 0.13
Pedestrian 0.00 0 -7.88 796.70 161.90 812.87 205.45 1.90 0.67 0.77 8.56 1.42 31.87 -7.62 0.13
Car 0.00 0 -7.70 571.62 176.42 603.45 199.76 1.48 1.61 3.62 -1.50 1.73 48.26 -7.74 0.13
Pedestrian 0.00 0 -3.62 929.00 157.63 937.97 188.80 1.71 0.45 0.28 17.85 0.88 39.89 -3.20 0.12
