Car 0.00 0 -7.05 0.00 199.73 153.91 375.00 1.53 1.53 3.61 -5.02 1.66 4.85 -7.86 0.97
Car 0.00 0 -7.30 22.29 169.17 248.72 283.01 1.77 1.65 3.85 -8.36 1.52 13.12 -7.87 0.95
Car 0.00 0 -7.20 0.00 184.83 133.58 262.47 1.43 1.54 3.50 -11.87 1.43 15.02 -7.87 0.85
Car 0.00 0 -7.76 474.02 177.02 519.59 213.81 1.54 1.61 4.29 -4.94 1.20 32.23 -7.91 0.81
Car 0.00 0 -7.84 572.67 175.81 613.21 214.67 1.55 1.62 3.85 -0.64 1.18 30.59 -7.86 0.80
Car 0.00 0 -7.47 228.77 186.86 344.46 243.77 1.41 1.59 3.83 -8.77 1.46 19.87 -7.89 0.71
Pedestrian 0.00 0 -7.60 821.67 168.19 853.45 238.34 1.80 0.65 0.68 6.01 1.37 18.94 -7.29 0.46
Car 0.00 0 -8.02 500.17 177.76 530.57 203.57 1.51 1.46 2.26 -5.62 1.08 43.38 -8.15 0.39
Pedestrian 0.00 0 -7.39 408.50 172.97 462.03 258.05 1.73 0.70 1.06 -3.68 1.48 15.19 -7.62 0.22
Car 0.00 0 -4.22 133.56 174.16 229.66 218.17 1.57 1.56 3.78 -16.25 1.18 27.56 -4.75 0.16
Pedestrian 0.00 0 -5.73 205.00 172.43 232.45 214.01 1.72 0.62 0.80 -16.27 1.19 30.00 -6.23 0.12
Car 0.00 0 -7.87 558.91 174.94 580.60 197.40 1.71 1.63 3.97 -3.04 0.93 56.70 -7.93 0.12
Cyclist 0.00 0 -4.74 707.06 179.07 718.03 215.02 1.60 0.45 1.46 4.72 1.32 32.65 -4.60 0.11
Car 0.00 0 -4.70 90.15 181.13 116.30 202.72 1.68 1.68 4.20 -40.85 1.37 58.24 -5.31 0.11
