Car 0.00 0 -8.07 686.37 185.85 773.54 249.12 1.45 1.55 3.33 3.00 1.82 18.89 -7.91 0.97
Car 0.00 0 -8.37 841.20 175.94 1241.00 374.00 1.68 1.68 3.91 3.14 1.71 5.44 -7.84 0.96
Car 0.00 0 -2.59 0.00 187.53 276.69 320.24 1.50 1.60 3.73 -6.57 1.70 9.26 -3.21 0.95
Car 0.00 0 -2.69 160.99 185.26 390.55 266.27 1.45 1.54 3.72 -6.39 1.70 13.92 -3.12 0.91
Car 0.00 0 -2.95 345.51 181.23 477.30 232.38 1.58 1.65 3.91 -6.45 1.87 23.58 -3.22 0.88
Car 0.00 0 -6.47 749.93 185.26 865.31 226.22 1.40 1.61 3.81 7.07 1.87 26.26 -6.21 0.88
Car 0.00 0 -5.93 297.11 178.39 463.04 245.00 1.63 1.58 3.78 -5.93 1.78 18.70 -6.24 0.86
Car 0.00 0 -2.99 459.27 179.90 536.07 209.54 1.69 1.75 4.25 -6.59 2.11 42.44 -3.14 0.82
Car 0.00 0 -3.30 694.69 180.59 785.28 214.21 1.65 1.63 4.33 6.52 2.06 36.71 -3.12 0.78
Car 0.00 0 -5.91 235.28 182.52 440.19 253.71 1.51 1.55 4.07 -6.12 1.75 16.37 -6.27 0.75
Car 0.00 0 -3.05 483.07 177.32 551.13 205.81 1.83 1.75 4.32 -6.13 2.14 47.69 -3.18 0.72
Car 0.00 0 -6.01 406.43 175.23 506.18 214.86 1.74 1.67 4.14 -6.98 1.85 32.81 -6.22 0.72
Car 0.00 0 -5.83 59.53 184.79 370.85 288.84 1.51 1.60 4.09 -6.19 1.72 11.56 -6.32 0.71
Pedestrian 0.00 0 -4.85 933.50 160.76 964.91 228.40 1.92 0.70 0.95 9.83 1.58 21.03 -4.42 0.57
Cyclist 0.00 0 -8.16 1062.79 160.98 1108.32 238.87 1.75 0.41 1.68 11.16 1.48 17.04 -7.58 0.43
Car 0.00 0 -8.57 1192.49 195.47 1241.00 374.00 1.44 1.52 3.76 6.68 1.68 5.78 -7.71 0.37
Pedestrian 0.00 0 -8.38 1057.13 162.10 1083.49 216.05 1.92 0.59 0.57 16.51 1.54 25.96 -7.81 0.34
Pedestrian 0.00 0 -6.84 972.83 167.79 994.68 210.99 1.94 0.61 0.66 16.93 1.71 32.76 -6.36 0.31
Car 0.00 0 -3.04 414.14 181.20 503.62 215.04 1.58 1.60 4.12 -7.33 1.99 35.11 -3.24 0.30
Car 0.00 0 -6.79 948.93 170.14 1021.68 196.52 1.52 1.55 3.48 22.00 1.37 42.43 -6.31 0.29
Pedestrian 0.00 0 -7.98 174.21 164.57 195.65 221.11 1.94 0.58 0.51 -14.84 1.65 25.12 -8.51 0.28
Pedestrian 0.00 0 -5.26 903.64 160.22 966.48 265.27 1.94 0.72 0.92 6.15 1.70 13.80 -4.84 0.27
Car 0.00 0 -6.41 723.67 182.92 831.03 223.95 1.56 1.65 4.01 6.59 1.98 28.90 -6.19 0.26
Car 0.00 0 -5.02 621.80 180.74 666.16 207.87 1.62 1.62 4.41 2.12 2.16 46.83 -4.97 0.23
Pedestrian 0.00 0 -7.75 213.83 169.34 234.07 215.27 1.88 0.67 0.70 -16.12 1.74 30.06 -8.24 0.22
Pedestrian 0.00 0 -7.79 253.99 166.49 273.12 210.09 1.88 0.71 0.75 -15.22 1.61 31.62 -8.24 0.21
Pedestrian 0.00 0 -4.99 1124.87 127.67 1231.13 320.86 2.13 0.75 0.96 6.63 1.63 8.54 -4.33 0.18
Pedestrian 0.00 0 -7.43 0.00 182.81 22.41 234.31 1.62 0.57 0.59 -19.48 1.95 23.26 -8.12 0.17
Cyclist 0.00 0 -7.14 1218.93 161.98 1241.00 241.43 1.67 0.59 1.76 14.12 1.44 15.52 -6.41 0.16
Pedestrian 0.00 0 -3.86 1019.02 151.78 1094.17 271.91 1.96 0.73 0.80 7.50 1.62 12.22 -3.31 0.15
Pedestrian 0.00 0 -5.02 873.78 183.35 907.30 254.38 1.55 0.54 0.62 6.24 1.79 16.18 -4.65 0.14
Pedestrian 0.00 0 -3.09 794.73 169.77 832.98 238.00 1.91 0.56 1.03 5.79 1.83 20.65 -2.82 0.13
Pedestrian 0.00 0 -8.15 1228.05 150.29 1241.00 235.64 1.92 0.66 0.86 14.88 1.41 16.76 -7.43 0.11
Pedestrian 0.00 0 -6.33 1030.40 168.89 1045.25 194.13 1.78 0.54 0.88 30.34 1.50 51.22 -5.79 0.11
