Car 0.00 0 -8.33 729.65 167.02 776.41 192.95 1.78 1.75 3.72 10.13 1.38 51.49 -8.14 0.46
Car 0.00 0 -4.92 922.65 161.45 963.65 188.43 1.85 1.80 4.31 23.83 1.07 51.81 -4.49 0.42
Pedestrian 0.00 0 -3.78 757.87 165.94 774.95 194.79 1.83 0.53 0.94 10.00 1.39 46.28 -3.57 0.40
Car 0.00 0 -8.22 697.67 167.86 740.77 193.35 1.71 1.66 3.95 7.57 1.38 50.55 -8.08 0.38
Car 0.00 0 -8.42 770.24 165.91 825.05 190.53 1.68 1.73 4.34 13.30 1.21 51.51 -8.17 0.37
Car 0.00 0 -6.48 560.35 174.35 645.09 205.43 1.60 1.71 4.28 -0.45 1.69 38.63 -6.49 0.28
Pedestrian 0.00 0 -3.49 374.88 163.82 420.91 239.19 1.80 0.57 0.95 -5.26 1.59 17.75 -3.78 0.23
Pedestrian 0.00 0 -4.16 154.74 181.96 167.73 207.73 1.74 0.59 0.48 -30.64 2.37 49.22 -4.72 0.16
Pedestrian 0.00 0 -4.14 216.77 142.49 340.12 346.66 1.89 0.74 0.91 -3.32 1.61 7.17 -4.58 0.15
Car 0.00 0 -3.32 567.53 166.91 702.25 216.34 1.75 1.76 4.75 0.83 1.54 26.72 -3.28 0.15
Car 0.00 0 -4.03 954.85 164.52 1013.00 187.94 1.66 1.59 4.05 27.34 1.07 52.80 -3.56 0.14
Pedestrian 0.00 0 -7.49 59.83 186.02 75.78 218.79 1.64 0.58 0.29 -27.40 2.30 36.42 -8.14 0.12
Pedestrian 0.00 0 -4.66 497.98 168.94 518.68 228.56 1.73 0.56 0.89 -3.05 1.61 21.35 -4.80 0.11
