Car 0.00 0 -8.04 708.25 170.37 853.77 288.37 1.71 1.68 3.95 2.70 1.68 12.47 -7.83 0.97
Car 0.00 0 -8.03 675.65 179.89 769.29 248.17 1.52 1.66 4.14 2.72 1.73 18.63 -7.88 0.95
Car 0.00 0 -2.23 0.00 154.86 89.67 374.00 1.83 1.76 4.20 -6.47 1.72 5.11 -3.14 0.95
Car 0.00 0 -7.98 653.79 175.39 707.47 222.66 1.68 1.59 3.60 2.60 1.78 27.64 -7.89 0.94
Car 0.00 0 -7.97 636.76 178.64 670.00 205.72 1.46 1.50 3.65 2.42 1.80 41.45 -7.91 0.93
Car 0.00 0 -2.72 124.03 184.92 382.11 276.91 1.48 1.59 3.74 -6.17 1.71 12.66 -3.17 0.92
Car 0.00 0 -5.64 0.00 190.94 330.38 307.88 1.45 1.54 3.82 -6.19 1.73 10.17 -6.18 0.91
Car 0.00 0 -5.47 0.00 197.47 230.87 356.48 1.43 1.52 3.78 -6.39 1.73 7.78 -6.16 0.77
Car 0.00 0 -6.01 368.99 183.22 494.94 225.36 1.45 1.62 4.15 -6.44 1.84 26.17 -6.25 0.74
Car 0.00 0 -2.93 398.67 170.33 495.14 213.22 1.81 1.72 3.81 -7.05 1.70 31.26 -3.16 0.56
Car 0.00 0 -2.99 432.73 179.63 523.15 211.04 1.54 1.67 4.32 -6.69 1.89 36.64 -3.17 0.47
Car 0.00 0 -2.72 254.45 178.52 402.07 234.31 1.62 1.61 3.88 -8.57 1.80 22.01 -3.09 0.41
Pedestrian 0.00 0 -3.49 1101.13 146.59 1182.76 268.19 1.84 0.65 0.86 8.29 1.44 11.35 -2.86 0.36
Car 0.00 0 -2.74 179.46 187.93 400.65 261.97 1.44 1.56 3.96 -6.65 1.78 15.16 -3.15 0.36
Car 0.00 0 -2.91 456.73 179.77 537.75 208.45 1.49 1.58 4.07 -6.09 1.88 38.95 -3.07 0.36
Car 0.00 0 -7.81 682.84 173.27 710.19 199.93 1.68 1.63 3.98 5.71 1.71 47.62 -7.69 0.30
Pedestrian 0.00 0 -4.74 449.38 176.59 475.28 236.84 1.71 0.72 0.87 -4.36 1.82 21.04 -4.94 0.24
Pedestrian 0.00 0 -8.01 1209.03 154.57 1241.00 315.33 1.71 0.64 0.73 7.18 1.51 8.15 -7.28 0.19
Pedestrian 0.00 0 -6.68 64.42 162.22 93.20 213.46 1.89 0.66 0.67 -20.02 1.50 27.14 -7.31 0.19
Car 0.00 0 -7.24 64.57 175.79 168.73 216.91 1.44 1.54 3.46 -18.59 1.56 27.30 -7.84 0.18
Car 0.00 0 -2.89 391.77 180.78 506.03 219.85 1.49 1.51 4.19 -6.39 1.82 28.68 -3.11 0.18
Pedestrian 0.00 0 -7.95 882.94 160.99 902.08 206.65 1.81 0.66 0.63 11.33 1.34 29.04 -7.58 0.17
Pedestrian 0.00 0 -3.15 373.73 165.54 381.31 190.66 1.72 0.73 0.49 -16.10 1.22 49.87 -3.46 0.16
Car 0.00 0 -8.01 649.67 169.55 678.29 194.76 2.14 1.82 4.61 4.69 1.86 63.57 -7.94 0.16
Pedestrian 0.00 0 -7.73 167.13 162.59 193.76 222.94 1.93 0.66 0.71 -14.04 1.60 23.52 -8.26 0.13
Car 0.00 0 -2.73 480.17 179.72 545.70 205.41 1.50 1.58 3.63 -5.93 1.93 43.96 -2.86 0.13
Car 0.00 0 -7.80 396.90 168.45 418.32 188.63 1.75 1.68 3.57 -18.12 1.37 64.62 -8.08 0.12
Car 0.00 0 -3.02 482.64 177.80 543.30 201.03 1.53 1.57 3.89 -6.53 1.87 48.57 -3.16 0.11
