Car 0.00 0 -8.29 794.95 182.80 1241.00 374.00 1.51 1.61 3.59 2.49 1.60 5.10 -7.84 0.97
Car 0.00 0 -4.98 711.38 175.81 910.56 312.21 1.50 1.60 3.76 2.45 1.55 9.92 -4.74 0.93
Car 0.00 0 -3.95 556.14 172.78 710.67 236.17 1.52 1.64 4.27 0.68 1.52 19.35 -3.91 0.69
Cyclist 0.00 0 -5.16 1129.26 149.93 1241.00 330.28 1.71 0.53 1.74 6.25 1.50 7.76 -4.49 0.35
Cyclist 0.00 0 -6.55 853.51 165.35 888.73 198.24 1.85 0.71 1.75 14.77 1.43 40.93 -6.21 0.35
Pedestrian 0.00 0 -7.55 465.00 172.42 481.57 208.14 1.84 0.71 0.57 -7.13 1.81 37.42 -7.74 0.26
Pedestrian 0.00 0 -4.22 1123.95 146.94 1212.65 290.45 1.79 0.67 0.69 7.24 1.47 9.44 -3.57 0.26
Pedestrian 0.00 0 -3.43 1164.10 145.22 1241.00 300.81 1.78 0.58 0.86 7.23 1.46 8.69 -2.73 0.21
Pedestrian 0.00 0 -3.79 769.68 165.90 779.90 199.24 1.90 0.50 0.34 9.44 1.51 41.50 -3.56 0.19
Pedestrian 0.00 0 -8.21 1064.00 155.46 1091.14 205.47 1.78 0.67 0.56 16.80 1.16 26.00 -7.64 0.18
Pedestrian 0.00 0 -5.98 203.22 165.92 254.93 261.29 1.74 0.66 0.70 -7.20 1.62 13.57 -6.47 0.18
Pedestrian 0.00 0 -7.94 1021.02 162.39 1044.41 209.57 1.69 0.69 0.53 15.29 1.31 26.18 -7.41 0.17
Pedestrian 0.00 0 -7.94 1010.30 159.32 1024.96 196.81 1.81 0.58 0.48 19.78 1.15 35.08 -7.42 0.16
Pedestrian 0.00 0 -8.14 776.16 165.65 791.30 201.31 1.87 0.69 0.39 9.11 1.49 38.01 -7.90 0.15
Pedestrian 0.00 0 -7.91 370.00 168.12 381.87 200.12 1.93 0.65 0.64 -14.25 1.64 43.83 -8.22 0.15
Cyclist 0.00 0 -2.85 510.11 169.22 540.93 200.11 1.82 0.65 1.71 -5.05 1.60 42.91 -2.97 0.14
Pedestrian 0.00 0 -4.60 174.59 163.88 219.28 268.24 1.75 0.59 0.79 -7.25 1.60 12.60 -5.12 0.14
Pedestrian 0.00 0 -2.95 231.40 176.61 279.38 253.12 1.70 0.56 0.89 -8.12 1.79 16.45 -3.41 0.13
Pedestrian 0.00 0 -7.72 724.07 169.94 737.55 204.19 1.84 0.67 0.42 6.50 1.68 39.01 -7.56 0.13
Pedestrian 0.00 0 -7.76 571.40 172.42 583.09 206.76 1.83 0.59 0.36 -1.79 1.80 38.58 -7.81 0.13
Cyclist 0.00 0 -6.63 973.25 156.97 1035.55 210.07 1.81 0.69 1.78 13.67 1.27 25.13 -6.13 0.11
Pedestrian 0.00 0 -8.04 884.13 160.39 899.96 198.38 1.83 0.63 0.53 13.65 1.23 35.03 -7.67 0.11
Pedestrian 0.00 0 -5.79 978.41 156.18 996.83 203.02 1.90 0.60 0.44 15.47 1.22 29.63 -5.31 0.11
Pedestrian 0.00 0 -6.67 497.99 171.11 511.36 202.86 1.79 0.57 0.58 -6.04 1.70 41.16 -6.82 0.10
Cyclist 0.00 0 -7.85 296.16 173.12 301.97 201.28 1.64 0.31 1.55 -18.47 1.66 42.79 -8.26 0.10
