Car 0.00 0 -7.98 632.02 182.61 677.67 215.56 1.48 1.71 4.42 2.13 2.00 35.97 -7.92 0.96
Car 0.00 0 -7.00 992.57 181.48 1241.00 365.41 1.55 1.70 4.28 6.27 1.65 7.04 -6.27 0.96
Car 0.00 0 -5.31 0.00 184.00 47.84 374.00 1.55 1.67 4.26 -6.28 1.63 4.43 -6.27 0.95
Car 0.00 0 -2.32 0.00 192.72 139.13 367.20 1.43 1.58 4.04 -7.11 1.65 6.94 -3.12 0.94
Car 0.00 0 -6.10 403.11 185.59 504.57 219.52 1.35 1.53 3.92 -6.49 1.89 30.06 -6.31 0.93
Car 0.00 0 -6.76 843.59 184.97 1103.23 281.50 1.51 1.55 3.66 6.02 1.73 12.32 -6.31 0.91
Car 0.00 0 -2.60 54.43 188.17 344.57 289.81 1.50 1.55 3.85 -6.57 1.76 11.70 -3.11 0.91
Car 0.00 0 -2.79 197.47 181.58 403.57 256.70 1.57 1.66 3.94 -6.90 1.78 16.27 -3.19 0.91
Car 0.00 0 -6.91 913.05 186.81 1241.00 312.42 1.48 1.61 3.86 6.23 1.68 9.57 -6.33 0.90
Car 0.00 0 -2.55 0.00 194.14 291.94 321.96 1.44 1.56 4.19 -6.57 1.74 9.24 -3.16 0.90
Car 0.00 0 -6.81 820.33 185.03 1031.58 262.84 1.47 1.56 3.72 6.40 1.74 14.91 -6.40 0.87
Car 0.00 0 -6.66 734.59 188.91 889.52 242.21 1.38 1.55 3.89 5.56 1.85 20.24 -6.39 0.86
Car 0.00 0 -3.55 763.00 187.26 966.85 252.21 1.44 1.61 4.36 6.01 1.81 17.41 -3.22 0.85
Car 0.00 0 -2.90 417.87 185.31 514.92 216.95 1.37 1.50 4.07 -6.49 1.94 32.63 -3.10 0.79
Car 0.00 0 -6.54 731.52 177.03 861.53 233.29 1.70 1.67 3.66 5.77 1.84 22.76 -6.29 0.75
Cyclist 0.00 0 -4.72 524.75 179.14 539.25 222.26 1.70 0.58 1.61 -3.25 1.97 29.60 -4.83 0.74
Car 0.00 0 -4.86 618.09 178.63 648.02 201.96 1.56 1.60 3.69 1.56 1.98 50.97 -4.82 0.47
Car 0.00 0 -7.85 501.50 179.76 528.91 207.79 1.62 1.61 4.20 -5.92 2.07 44.93 -7.98 0.46
Pedestrian 0.00 0 -5.17 1039.46 151.29 1070.94 212.72 2.01 0.75 0.49 14.69 1.31 23.89 -4.62 0.41
Car 0.00 0 -5.94 242.10 169.85 433.60 245.97 1.90 1.73 4.37 -7.06 1.82 18.91 -6.30 0.37
Pedestrian 0.00 0 -4.20 169.31 155.73 199.78 206.96 1.87 0.67 0.79 -15.81 1.25 26.76 -4.73 0.36
Car 0.00 0 -3.20 680.62 175.01 734.53 195.73 1.64 1.68 4.20 7.80 1.81 58.13 -3.07 0.30
Pedestrian 0.00 0 -4.86 993.93 158.13 1017.12 209.94 1.94 0.69 0.63 15.00 1.39 27.45 -4.36 0.27
Pedestrian 0.00 0 -4.04 1112.04 161.21 1133.90 214.70 1.87 0.55 0.32 18.10 1.46 25.52 -3.42 0.24
Car 0.00 0 -6.74 727.99 179.94 814.41 212.36 1.55 1.64 3.92 8.06 1.92 36.31 -6.53 0.12
Pedestrian 0.00 0 -7.34 952.29 165.46 967.80 203.05 1.77 0.56 0.35 16.56 1.42 34.21 -6.89 0.12
Pedestrian 0.00 0 -7.47 1057.77 159.59 1079.63 197.38 1.93 0.73 0.73 23.67 1.25 37.29 -6.90 0.12
Car 0.00 0 -5.09 730.00 176.69 799.88 216.04 1.63 1.63 4.21 6.86 1.82 32.55 -4.88 0.11
Pedestrian 0.00 0 -6.05 0.00 153.62 28.90 242.78 1.87 0.55 0.62 -13.00 1.47 15.50 -6.75 0.11
