Pedestrian 0.00 0 -4.63 440.84 170.64 489.63 279.86 1.75 0.73 0.84 -2.29 1.58 11.95 -4.82 0.54
Pedestrian 0.00 0 -4.15 605.52 172.31 635.75 218.74 1.67 0.73 0.92 0.69 1.34 26.36 -4.13 0.54
Pedestrian 0.00 0 -6.49 699.51 165.11 729.04 222.46 1.79 0.66 0.81 3.55 1.28 22.79 -6.34 0.49
Cyclist 0.00 0 -7.92 753.84 164.70 772.41 217.93 1.74 0.50 1.70 5.44 1.19 24.30 -7.70 0.39
Cyclist 0.00 0 -8.08 674.33 166.80 703.75 228.99 1.78 0.49 1.78 2.58 1.36 21.50 -7.96 0.34
Car 0.00 0 -6.65 596.30 168.67 689.54 203.41 1.71 1.68 4.47 2.11 1.08 36.83 -6.60 0.27
Pedestrian 0.00 0 -4.41 729.57 193.79 765.07 270.21 1.34 0.52 0.47 2.60 1.56 12.98 -4.21 0.22
Pedestrian 0.00 0 -4.24 942.54 183.10 1045.20 366.81 1.55 0.55 0.74 3.51 1.57 6.52 -3.75 0.21
Pedestrian 0.00 0 -5.23 1006.82 177.86 1143.83 373.00 1.58 0.65 0.64 3.57 1.55 5.54 -4.66 0.21
Cyclist 0.00 0 -8.12 1128.35 165.47 1237.00 344.28 1.64 0.44 1.69 5.91 1.49 7.44 -7.45 0.21
Car 0.00 0 -6.36 426.04 179.49 517.97 211.94 1.50 1.65 4.24 -6.25 1.41 34.52 -6.54 0.16
Pedestrian 0.00 0 -4.41 878.95 189.81 934.23 317.94 1.41 0.45 0.54 3.49 1.51 8.31 -4.01 0.16
Cyclist 0.00 0 -7.16 0.00 197.82 5.31 373.00 1.59 0.57 1.79 -5.61 1.74 5.53 -7.95 0.13
Pedestrian 0.00 0 -8.09 754.20 195.19 795.78 280.46 1.34 0.52 0.65 2.77 1.57 11.68 -7.85 0.12
Pedestrian 0.00 0 -3.74 66.71 159.31 129.00 264.54 1.89 0.57 0.76 -9.42 1.50 13.39 -4.35 0.12
Cyclist 0.00 0 -8.45 770.33 168.67 820.91 234.69 1.68 0.42 1.68 5.10 1.35 19.09 -8.19 0.12
Pedestrian 0.00 0 -7.79 599.32 166.47 612.44 202.44 1.94 0.68 0.57 0.24 1.13 38.97 -7.78 0.12
Pedestrian 0.00 0 -4.62 911.29 159.14 952.61 261.05 1.81 0.63 0.82 6.06 1.41 13.25 -4.20 0.11
Pedestrian 0.00 0 -4.34 476.68 165.14 514.45 237.13 1.90 0.75 0.88 -2.89 1.47 19.47 -4.49 0.10
Pedestrian 0.00 0 -4.31 770.57 188.55 807.55 265.40 1.34 0.46 0.58 3.34 1.47 12.94 -4.05 0.10
