Car 0.00 0 -5.14 711.19 162.58 760.71 189.61 1.83 1.75 4.43 8.83 1.13 51.13 -4.97 0.48
Car 0.00 0 -3.01 469.61 167.59 553.91 199.66 1.58 1.66 4.03 -4.94 1.32 36.38 -3.15 0.48
Pedestrian 0.00 0 -2.82 515.67 160.34 554.82 223.80 1.94 0.62 1.07 -2.37 1.56 22.45 -2.93 0.34
Car 0.00 0 -4.09 0.00 191.13 188.68 374.00 1.41 1.64 3.75 -5.48 1.62 6.26 -4.81 0.33
Car 0.00 0 -5.26 888.52 170.64 950.20 198.38 1.58 1.58 3.90 18.42 1.46 43.22 -4.86 0.24
Pedestrian 0.00 0 -3.70 608.97 167.89 626.61 200.98 1.76 0.65 0.71 0.38 1.50 38.91 -3.69 0.22
Pedestrian 0.00 0 -3.73 777.09 165.60 792.25 194.23 1.85 0.62 0.74 11.33 1.38 46.93 -3.50 0.21
Car 0.00 0 -8.26 747.18 161.52 790.58 187.30 1.80 1.67 3.86 11.46 1.01 52.39 -8.05 0.20
Car 0.00 0 -8.27 932.73 163.56 980.74 186.00 1.56 1.63 4.06 24.92 0.91 52.07 -7.82 0.19
Car 0.00 0 -8.25 1076.37 164.55 1122.96 184.44 1.50 1.60 3.98 38.33 0.88 56.62 -7.66 0.18
Car 0.00 0 -7.97 661.62 165.99 684.57 183.97 1.65 1.66 4.31 5.94 1.02 68.51 -7.89 0.14
Pedestrian 0.00 0 -5.21 410.24 160.65 448.32 232.12 1.81 0.60 0.91 -4.76 1.50 18.81 -5.46 0.13
Car 0.00 0 -8.26 794.56 166.02 842.84 189.08 1.59 1.77 4.34 14.97 1.12 52.07 -7.98 0.13
Car 0.00 0 -8.15 984.71 156.69 1025.54 181.34 1.85 1.69 4.03 30.70 0.64 56.22 -7.65 0.11
