Car 0.00 0 -7.69 395.74 186.94 485.29 260.81 1.51 1.53 3.35 -3.95 1.87 17.08 -7.92 0.97
Car 0.00 0 -2.58 0.00 173.45 214.46 304.81 1.79 1.77 4.57 -8.85 1.80 10.96 -3.26 0.94
Car 0.00 0 -4.59 458.10 181.36 520.44 234.50 1.55 1.57 3.74 -3.90 1.85 23.53 -4.76 0.91
Car 0.00 0 -4.55 500.02 180.83 539.03 208.64 1.43 1.54 3.79 -5.01 1.89 40.08 -4.67 0.52
Pedestrian 0.00 0 -5.93 125.02 180.03 195.24 312.56 1.70 0.48 0.67 -6.02 1.80 9.58 -6.49 0.33
Pedestrian 0.00 0 -3.79 927.79 155.69 1041.36 327.17 1.72 0.68 0.83 3.90 1.55 7.66 -3.32 0.32
Pedestrian 0.00 0 -3.25 896.61 146.11 980.78 313.12 1.86 0.63 0.83 3.77 1.56 8.44 -2.83 0.30
Pedestrian 0.00 0 -4.56 1111.95 159.02 1241.00 374.00 1.67 0.67 0.67 4.07 1.58 5.24 -3.90 0.25
Car 0.00 0 -4.74 528.57 173.05 547.38 189.96 1.49 1.59 3.91 -6.60 1.51 65.63 -4.84 0.23
Pedestrian 0.00 0 -8.38 645.51 170.13 663.52 206.00 1.87 0.68 0.71 2.31 1.73 38.09 -8.32 0.19
Pedestrian 0.00 0 -7.83 1151.21 126.70 1190.19 213.25 1.77 0.63 0.50 11.71 0.83 15.14 -7.17 0.18
Pedestrian 0.00 0 -7.94 658.65 171.25 675.03 210.86 1.84 0.72 0.61 2.62 1.76 33.79 -7.86 0.14
Car 0.00 0 -4.00 1221.59 155.11 1241.00 363.77 1.44 1.52 3.98 7.60 1.32 5.86 -3.08 0.14
Pedestrian 0.00 0 -8.06 668.22 170.71 686.66 215.07 1.80 0.62 0.74 2.73 1.72 29.72 -7.96 0.14
Pedestrian 0.00 0 -3.71 694.31 163.37 732.29 227.71 1.94 0.64 0.97 3.14 1.65 22.25 -3.57 0.13
Cyclist 0.00 0 -7.36 194.35 186.27 270.33 281.58 1.66 0.52 1.72 -7.15 1.93 13.65 -7.84 0.12
Pedestrian 0.00 0 -8.04 380.11 182.37 404.65 236.46 1.65 0.60 0.76 -6.87 1.95 22.61 -8.34 0.11
