Car 0.00 0 -4.37 0.00 192.47 263.06 374.00 1.71 1.66 4.01 -2.51 1.85 2.86 -5.09 0.35
Pedestrian 0.00 0 -6.16 877.05 174.76 887.50 198.27 1.72 0.69 0.64 20.11 1.86 53.36 -5.80 0.22
Cyclist 0.00 0 -5.00 745.96 174.76 769.15 219.42 1.74 0.50 1.51 5.87 1.82 28.96 -4.80 0.17
Pedestrian 0.00 0 -5.92 799.83 176.63 814.90 203.45 1.71 0.56 0.79 12.71 1.96 46.59 -5.66 0.17
Cyclist 0.00 0 -4.97 610.89 175.51 628.41 206.99 1.70 0.58 1.58 0.49 1.85 39.98 -4.96 0.17
Car 0.00 0 -3.08 415.62 180.68 559.07 235.42 1.51 1.64 4.02 -3.59 1.76 21.27 -3.24 0.12
Pedestrian 0.00 0 -5.84 376.47 195.99 525.88 374.00 1.71 0.62 0.72 -1.03 1.87 4.52 -6.06 0.11
Car 0.00 0 -6.44 572.97 176.67 645.90 202.96 1.61 1.71 4.41 -0.09 1.86 45.73 -6.44 0.11
Car 0.00 0 -7.63 393.38 177.87 457.25 222.74 1.55 1.61 3.45 -6.91 1.75 27.11 -7.88 0.11
Cyclist 0.00 0 -7.58 167.59 180.15 238.58 296.60 1.60 0.49 1.71 -6.15 1.72 10.89 -8.10 0.10
