Car 0.00 0 -7.58 365.27 184.45 467.54 244.60 1.39 1.60 3.67 -4.82 1.37 18.41 -7.84 0.96
Car 0.00 0 -7.41 163.02 186.09 316.23 254.82 1.42 1.58 4.14 -8.54 1.45 17.01 -7.87 0.95
Car 0.00 0 -7.86 574.90 173.76 627.58 222.67 1.58 1.70 3.42 -0.28 1.21 24.94 -7.87 0.94
Car 0.00 0 -7.59 339.34 178.36 390.53 206.64 1.47 1.63 4.29 -13.34 1.12 39.64 -7.92 0.84
Car 0.00 0 -7.17 0.00 161.23 264.52 375.00 1.72 1.73 4.05 -4.55 1.60 5.58 -7.86 0.61
Cyclist 0.00 0 -3.23 891.91 170.63 1026.49 278.99 1.55 0.71 1.78 5.23 1.34 10.93 -2.79 0.48
Car 0.00 0 -7.83 517.17 175.26 545.09 202.12 1.45 1.48 3.62 -4.34 0.92 40.77 -7.93 0.46
Car 0.00 0 -7.22 40.83 179.98 192.64 242.34 1.50 1.54 3.49 -12.86 1.37 19.02 -7.81 0.29
Car 0.00 0 -7.81 427.18 177.28 458.80 206.14 1.48 1.53 3.49 -8.88 1.08 38.80 -8.04 0.29
Cyclist 0.00 0 -4.50 365.22 175.39 388.01 218.48 1.71 0.58 1.52 -9.43 1.32 29.24 -4.81 0.24
Cyclist 0.00 0 -3.59 649.07 174.00 691.60 217.38 1.64 0.62 1.52 2.38 1.22 27.78 -3.51 0.18
Car 0.00 0 -4.24 0.00 184.25 36.10 252.31 1.47 1.53 3.93 -15.92 1.45 17.58 -4.97 0.13
Car 0.00 0 -8.02 563.04 173.70 594.95 197.29 1.55 1.55 3.93 -2.03 0.79 49.25 -8.06 0.12
Cyclist 0.00 0 -3.99 142.19 173.71 185.54 216.56 1.70 0.59 1.60 -18.12 1.24 29.31 -4.54 0.12
Car 0.00 0 -4.38 279.89 181.27 341.39 209.37 1.51 1.86 4.49 -16.84 1.30 40.90 -4.77 0.11
Pedestrian 0.00 0 -5.49 1146.82 139.63 1240.00 321.88 1.79 0.57 0.73 6.11 1.35 7.46 -4.80 0.11
