Car 0.00 0 -7.16 688.81 188.20 805.55 244.73 1.45 1.53 3.43 4.02 1.94 21.16 -6.98 0.84
Pedestrian 0.00 0 -3.81 778.39 177.08 805.71 233.17 1.82 0.65 0.61 5.99 1.97 23.93 -3.56 0.43
Car 0.00 0 -7.91 530.02 184.92 588.75 240.27 1.54 1.62 3.62 -1.71 1.95 22.75 -7.99 0.33
Pedestrian 0.00 0 -3.12 743.20 166.86 882.53 374.00 1.86 0.61 0.74 1.14 1.83 4.28 -2.86 0.26
Car 0.00 0 -7.69 408.80 185.65 466.38 228.86 1.45 1.54 3.77 -6.50 1.97 27.32 -7.93 0.19
Car 0.00 0 -7.02 481.55 168.55 533.49 188.95 1.57 1.54 4.13 -8.15 1.24 57.49 -7.16 0.18
Pedestrian 0.00 0 -4.17 58.48 184.85 99.85 250.81 1.83 0.59 0.87 -15.25 2.18 20.68 -4.81 0.18
Pedestrian 0.00 0 -3.74 83.92 183.99 129.73 251.07 1.85 0.56 0.92 -14.38 2.17 20.57 -4.35 0.18
Car 0.00 0 -6.99 486.46 174.16 543.88 196.10 1.51 1.61 4.02 -6.84 1.61 52.09 -7.12 0.16
Cyclist 0.00 0 -7.01 614.08 167.83 645.77 200.63 1.82 0.72 1.76 1.10 1.54 40.87 -6.98 0.16
Car 0.00 0 -5.42 93.62 192.95 268.23 260.19 1.52 1.71 3.95 -11.09 2.08 18.60 -5.96 0.13
Car 0.00 0 -2.57 0.00 208.29 27.26 318.05 1.44 1.69 4.12 -12.30 2.08 11.63 -3.38 0.13
Pedestrian 0.00 0 -4.61 794.76 174.87 824.95 243.53 1.88 0.74 0.79 5.58 1.94 20.31 -4.34 0.13
Car 0.00 0 -4.61 535.85 157.78 560.10 177.89 1.77 1.76 4.35 -5.64 0.44 65.83 -4.69 0.12
Pedestrian 0.00 0 -3.87 1002.47 162.92 1090.37 299.82 1.89 0.68 0.84 6.20 1.75 10.36 -3.33 0.11
Car 0.00 0 -7.43 0.00 200.17 103.57 272.41 1.49 1.58 3.58 -14.57 2.26 18.30 -8.10 0.10
