Car 0.00 0 -8.03 642.73 173.72 719.15 231.34 1.61 1.63 4.18 2.05 1.64 22.39 -7.94 0.97
Car 0.00 0 -4.57 448.82 181.26 528.38 244.16 1.41 1.52 3.57 -3.05 1.65 18.44 -4.74 0.96
Car 0.00 0 -2.65 0.00 181.75 286.86 310.39 1.50 1.60 3.87 -6.62 1.63 9.55 -3.25 0.93
Car 0.00 0 -5.49 0.00 182.26 187.82 362.23 1.54 1.67 3.88 -6.68 1.65 7.20 -6.24 0.92
Car 0.00 0 -8.47 845.35 199.32 1241.00 374.00 1.49 1.63 4.36 2.68 1.71 3.74 -7.85 0.90
Car 0.00 0 -2.96 331.94 176.96 465.34 221.03 1.47 1.67 4.25 -7.34 1.62 25.24 -3.25 0.85
Car 0.00 0 -7.96 611.07 175.16 636.73 196.33 1.57 1.60 3.79 1.02 1.76 55.99 -7.94 0.47
Pedestrian 0.00 0 -6.65 771.10 169.13 787.88 205.32 1.87 0.61 0.68 8.81 1.68 37.68 -6.42 0.31
Pedestrian 0.00 0 -6.82 1034.80 160.39 1101.85 273.03 1.80 0.68 0.68 7.50 1.61 11.91 -6.26 0.31
Car 0.00 0 -8.89 1159.68 189.30 1241.00 374.00 1.50 1.57 3.41 6.27 1.66 5.36 -8.02 0.28
Pedestrian 0.00 0 -7.88 26.61 175.87 51.88 234.32 1.72 0.58 0.48 -17.16 1.81 21.63 -8.55 0.24
Car 0.00 0 -7.84 425.24 176.42 465.51 214.38 1.51 1.60 3.96 -7.15 1.68 31.26 -8.07 0.23
Pedestrian 0.00 0 -6.19 5.28 163.10 30.43 212.54 1.85 0.58 0.69 -22.56 1.49 27.45 -6.87 0.23
Car 0.00 0 -4.80 645.34 173.65 667.48 192.77 1.62 1.60 3.96 4.03 1.70 63.50 -4.74 0.18
Car 0.00 0 -7.89 193.92 166.26 230.30 197.98 1.59 1.57 3.45 -21.08 1.26 38.10 -8.39 0.18
Cyclist 0.00 0 -7.16 0.00 174.67 17.49 239.52 1.60 0.52 1.60 -16.25 1.65 18.63 -7.87 0.17
Pedestrian 0.00 0 -3.80 834.83 170.71 864.13 224.72 1.78 0.59 0.72 7.95 1.70 24.11 -3.48 0.16
Pedestrian 0.00 0 -8.21 1143.83 166.83 1221.42 301.85 1.72 0.62 0.64 7.52 1.64 9.56 -7.54 0.16
Car 0.00 0 -6.26 469.62 167.04 534.91 192.65 1.82 1.75 4.62 -7.82 1.41 52.43 -6.40 0.15
Cyclist 0.00 0 -7.91 709.61 172.51 721.84 207.18 1.64 0.50 1.61 5.08 1.63 35.00 -7.77 0.14
Pedestrian 0.00 0 -6.12 168.94 171.94 177.40 201.21 1.79 0.54 0.36 -26.91 1.73 44.39 -6.66 0.14
Pedestrian 0.00 0 -5.35 1071.61 150.50 1156.35 289.85 1.93 0.62 0.84 7.19 1.62 10.40 -4.75 0.14
Pedestrian 0.00 0 -4.34 1017.68 175.26 1045.91 233.24 1.72 0.57 0.57 12.71 1.79 21.83 -3.81 0.13
Pedestrian 0.00 0 -7.63 910.89 150.20 957.45 253.42 1.91 0.63 0.90 6.21 1.49 13.91 -7.21 0.13
Pedestrian 0.00 0 -4.66 780.24 164.53 794.35 204.45 1.92 0.64 0.48 8.59 1.52 35.11 -4.42 0.13
Pedestrian 0.00 0 -7.75 885.31 157.60 922.83 244.66 1.93 0.73 0.61 6.66 1.59 16.45 -7.37 0.12
Pedestrian 0.00 0 -4.33 1002.58 147.53 1069.87 278.13 1.96 0.69 0.74 6.65 1.58 11.34 -3.80 0.12
Pedestrian 0.00 0 -7.99 1033.39 172.55 1056.62 226.44 1.69 0.58 0.42 13.77 1.68 22.92 -7.45 0.11
Pedestrian 0.00 0 -8.39 987.95 162.92 1050.96 270.81 1.77 0.61 0.79 6.87 1.61 12.22 -7.88 0.11
Pedestrian 0.00 0 -4.00 952.29 177.64 1000.39 250.39 1.60 0.61 0.78 8.26 1.71 16.36 -3.53 0.10
