Car 0.00 0 -7.89 648.61 181.94 688.96 218.53 1.46 1.61 4.32 2.51 1.89 32.02 -7.81 0.94
Car 0.00 0 -2.66 120.93 181.84 346.38 267.68 1.48 1.54 3.39 -6.93 1.66 13.42 -3.13 0.94
Car 0.00 0 -5.38 885.87 199.78 1241.00 374.00 1.52 1.64 3.62 2.97 1.74 3.91 -4.73 0.94
Car 0.00 0 -5.96 192.88 179.82 419.66 252.23 1.49 1.62 4.35 -6.63 1.65 16.00 -6.35 0.83
Car 0.00 0 -6.09 353.72 184.42 495.92 233.32 1.53 1.64 4.34 -6.10 1.93 23.94 -6.34 0.75
Car 0.00 0 -2.98 426.63 182.34 524.85 214.46 1.43 1.59 4.27 -6.19 1.88 33.38 -3.17 0.75
Car 0.00 0 -2.72 270.09 183.56 453.63 246.03 1.49 1.65 4.16 -6.36 1.78 18.57 -3.05 0.73
Car 0.00 0 -2.94 484.24 180.15 547.59 205.03 1.53 1.62 3.75 -5.98 2.00 45.85 -3.07 0.36
Car 0.00 0 -2.93 381.74 177.19 484.85 217.35 1.67 1.63 4.06 -7.59 1.86 31.06 -3.17 0.32
Car 0.00 0 -8.07 876.21 151.63 928.32 182.57 1.44 1.63 3.51 14.21 0.45 35.34 -7.69 0.32
Pedestrian 0.00 0 -5.57 262.30 171.67 272.62 206.96 1.85 0.47 0.24 -18.10 1.79 38.05 -6.01 0.29
Car 0.00 0 -2.71 494.68 179.73 554.48 201.96 1.50 1.65 3.85 -6.04 2.00 50.86 -2.83 0.28
Car 0.00 0 -4.49 434.05 184.84 495.47 226.27 1.43 1.53 3.86 -5.61 1.93 28.04 -4.69 0.24
Pedestrian 0.00 0 -4.50 35.46 175.40 75.06 249.15 1.75 0.61 0.86 -13.64 1.82 17.69 -5.16 0.23
Car 0.00 0 -5.56 946.71 168.94 1102.73 224.52 1.56 1.67 4.11 12.65 1.45 22.41 -5.05 0.21
Car 0.00 0 -7.94 899.27 144.54 932.05 170.32 1.64 1.69 3.94 20.42 -0.18 48.39 -7.54 0.17
Pedestrian 0.00 0 -8.03 941.63 156.88 963.65 203.72 1.88 0.73 0.49 13.90 1.24 29.36 -7.59 0.15
Car 0.00 0 -5.41 1107.31 193.80 1241.00 374.00 1.50 1.70 4.46 6.63 1.75 6.49 -4.61 0.14
Car 0.00 0 -4.35 546.36 178.05 577.29 195.56 1.61 1.63 4.15 -4.66 2.14 70.09 -4.41 0.12
Pedestrian 0.00 0 -8.09 320.21 168.92 334.28 202.40 1.95 0.63 0.67 -16.71 1.72 42.54 -8.46 0.11
Pedestrian 0.00 0 -3.85 131.39 155.96 192.43 247.65 1.93 0.62 0.95 -9.79 1.57 15.71 -4.41 0.11
Cyclist 0.00 0 -7.72 323.68 177.21 340.27 211.71 1.63 0.53 1.77 -13.63 1.85 35.29 -8.09 0.10
