Car 0.00 0 -4.92 683.64 186.74 817.93 281.25 1.47 1.67 3.99 2.47 1.78 13.85 -4.75 0.95
Car 0.00 0 -4.56 447.30 179.85 541.37 252.09 1.54 1.65 4.44 -2.80 1.74 18.08 -4.71 0.91
Car 0.00 0 -7.94 645.56 178.42 686.54 214.70 1.57 1.60 3.65 2.52 1.84 33.62 -7.86 0.88
Car 0.00 0 -4.67 532.39 180.53 567.49 216.03 1.51 1.48 3.48 -2.77 1.89 33.28 -4.76 0.82
Car 0.00 0 -4.86 678.43 184.21 757.43 247.39 1.47 1.52 3.74 2.73 1.80 19.28 -4.72 0.52
Car 0.00 0 -4.74 558.66 180.21 579.92 201.29 1.58 1.59 3.79 -3.30 2.19 57.53 -4.79 0.28
Car 0.00 0 -7.98 629.59 175.09 657.58 198.36 1.79 1.73 4.37 2.64 1.97 58.02 -7.93 0.25
Cyclist 0.00 0 -5.07 730.71 174.49 765.18 230.37 1.73 0.55 1.62 4.38 1.79 23.24 -4.89 0.21
Car 0.00 0 -7.81 638.18 180.13 666.72 207.15 1.51 1.55 3.53 2.54 1.97 43.21 -7.75 0.15
Pedestrian 0.00 0 -3.60 737.05 172.96 756.56 220.99 1.81 0.57 0.53 5.19 1.82 27.61 -3.42 0.15
Pedestrian 0.00 0 -5.55 752.07 169.30 785.04 226.79 1.91 0.66 0.88 5.34 1.79 24.53 -5.34 0.13
Pedestrian 0.00 0 -2.52 266.97 169.84 319.08 265.16 1.74 0.69 0.61 -6.01 1.69 13.59 -2.94 0.12
Car 0.00 0 -7.98 639.06 180.53 676.54 210.65 1.49 1.55 3.54 2.47 1.92 38.54 -7.92 0.12
Pedestrian 0.00 0 -5.10 0.00 169.12 47.68 355.91 1.72 0.59 0.88 -6.16 1.68 7.09 -5.82 0.11
Pedestrian 0.00 0 -5.63 451.47 178.55 471.56 218.95 1.72 0.70 0.54 -6.47 1.97 31.28 -5.83 0.10
