Car 0.00 0 -3.54 627.94 173.26 697.53 196.69 1.55 1.64 4.45 3.57 1.58 49.25 -3.47 0.90
Car 0.00 0 -4.75 445.77 179.99 492.99 223.51 1.41 1.51 3.39 -5.11 1.68 25.74 -4.95 0.89
Car 0.00 0 -4.32 5.69 180.21 139.96 243.24 1.59 1.72 3.94 -15.31 1.82 20.77 -4.96 0.88
Car 0.00 0 -5.38 340.90 181.01 423.58 213.10 1.40 1.55 4.07 -10.88 1.81 34.24 -5.69 0.85
Car 0.00 0 -3.77 518.66 176.27 587.05 200.37 1.44 1.58 4.19 -3.62 1.67 45.73 -3.85 0.60
Pedestrian 0.00 0 -8.15 689.96 169.09 716.27 218.31 1.75 0.70 0.92 3.32 1.61 26.11 -8.03 0.58
Car 0.00 0 -7.46 55.25 187.31 179.17 248.63 1.37 1.49 3.33 -12.72 1.79 18.78 -8.06 0.35
Pedestrian 0.00 0 -3.59 1039.70 161.22 1089.91 264.71 1.64 0.51 0.52 7.30 1.45 11.68 -3.03 0.31
Cyclist 0.00 0 -8.07 737.92 170.96 761.12 219.48 1.68 0.47 1.64 4.94 1.62 25.86 -7.88 0.27
Car 0.00 0 -7.97 212.91 181.61 277.03 226.44 1.45 1.61 4.02 -13.40 1.80 26.29 -8.44 0.18
Pedestrian 0.00 0 -7.12 412.28 176.57 424.16 196.95 1.68 0.55 0.82 -16.00 1.99 60.12 -7.38 0.18
Pedestrian 0.00 0 -3.09 1024.87 151.55 1093.21 261.68 1.80 0.54 0.96 7.59 1.45 12.29 -2.53 0.17
Pedestrian 0.00 0 -5.04 1076.21 156.67 1105.96 211.14 1.83 0.70 0.55 16.34 1.29 24.58 -4.45 0.16
Car 0.00 0 -7.73 519.53 177.86 557.78 207.69 1.43 1.52 3.59 -3.65 1.70 37.03 -7.83 0.15
Pedestrian 0.00 0 -8.26 1056.73 154.93 1098.79 231.66 1.82 0.59 0.81 11.32 1.40 17.56 -7.69 0.14
Pedestrian 0.00 0 -4.42 837.86 164.66 866.11 220.41 1.88 0.71 0.83 8.28 1.60 24.81 -4.09 0.11
