Car 0.00 0 -4.47 435.31 185.77 525.48 242.54 1.43 1.64 4.14 -3.73 1.84 21.21 -4.64 0.98
Car 0.00 0 -7.86 611.15 178.10 651.74 217.27 1.52 1.60 3.43 0.84 1.75 30.13 -7.83 0.91
Car 0.00 0 -4.69 493.42 181.40 538.01 224.54 1.50 1.60 4.05 -3.66 1.86 28.07 -4.82 0.72
Car 0.00 0 -4.61 525.36 178.45 561.12 207.14 1.48 1.55 4.00 -3.68 1.80 39.94 -4.70 0.65
Car 0.00 0 -4.62 543.92 172.89 569.84 194.01 1.56 1.59 4.16 -4.05 1.56 55.22 -4.69 0.40
Car 0.00 0 -7.06 993.64 175.92 1241.00 374.00 1.57 1.65 3.90 4.93 1.60 4.88 -6.27 0.35
Pedestrian 0.00 0 -7.91 373.51 179.50 394.48 236.59 1.75 0.58 0.89 -7.19 1.97 22.80 -8.22 0.26
Pedestrian 0.00 0 -8.11 440.58 183.12 460.34 223.99 1.57 0.59 0.74 -6.32 1.98 28.39 -8.33 0.26
Cyclist 0.00 0 -8.01 667.34 173.41 677.13 200.42 1.62 0.35 1.58 3.77 1.66 44.12 -7.93 0.19
Pedestrian 0.00 0 -8.00 736.02 167.47 768.21 246.77 1.87 0.63 0.95 3.39 1.74 17.50 -7.81 0.16
Pedestrian 0.00 0 -4.56 1035.82 146.84 1119.45 314.60 1.82 0.69 0.92 5.41 1.54 8.42 -3.99 0.15
Pedestrian 0.00 0 -5.45 242.45 172.85 304.68 274.93 1.90 0.59 0.96 -6.52 1.90 13.87 -5.89 0.13
Pedestrian 0.00 0 -4.73 126.40 183.84 180.08 309.43 1.69 0.63 0.83 -6.59 1.85 10.31 -5.30 0.13
Pedestrian 0.00 0 -3.50 723.55 165.11 739.30 210.18 1.93 0.58 0.50 5.21 1.60 31.24 -3.34 0.13
Pedestrian 0.00 0 -8.49 757.40 162.70 806.11 265.15 1.86 0.64 0.62 3.16 1.67 13.50 -8.26 0.13
Cyclist 0.00 0 -4.61 460.93 177.05 477.14 216.62 1.69 0.55 1.53 -6.25 1.88 31.80 -4.80 0.12
Pedestrian 0.00 0 -7.67 175.55 181.48 205.50 250.49 1.82 0.61 0.52 -11.35 2.06 19.45 -8.20 0.12
Cyclist 0.00 0 -7.56 673.30 174.14 687.58 203.67 1.66 0.40 1.53 4.02 1.74 41.47 -7.47 0.12
Pedestrian 0.00 0 -4.96 164.04 175.52 219.97 287.84 1.82 0.62 0.86 -7.15 1.87 12.24 -5.49 0.11
