Car 0.00 0 -7.93 613.15 169.12 647.65 200.63 1.69 1.64 3.66 1.07 1.49 40.58 -7.91 0.94
Car 0.00 0 -6.68 811.24 171.40 984.49 233.87 1.52 1.62 3.77 7.20 1.48 18.40 -6.30 0.93
Pedestrian 0.00 0 -8.62 702.10 164.06 730.02 213.41 1.84 0.65 0.84 3.98 1.51 27.39 -8.48 0.25
Pedestrian 0.00 0 -4.65 480.19 167.51 494.42 203.40 1.87 0.69 0.87 -6.49 1.59 37.97 -4.82 0.24
Car 0.00 0 -4.80 673.42 169.39 712.64 200.45 1.58 1.72 4.44 4.39 1.41 38.98 -4.69 0.19
Pedestrian 0.00 0 -6.53 524.46 170.83 534.07 191.39 1.76 0.53 0.71 -6.96 1.58 62.02 -6.65 0.16
Cyclist 0.00 0 -3.31 406.19 171.47 463.84 225.44 1.76 0.71 1.78 -5.91 1.71 24.17 -3.55 0.15
Pedestrian 0.00 0 -4.58 1162.15 171.69 1196.59 239.11 1.62 0.57 0.81 13.98 1.59 17.78 -3.92 0.14
Car 0.00 0 -4.33 317.26 177.78 367.64 205.63 1.59 1.59 3.77 -16.24 1.91 43.88 -4.69 0.13
Cyclist 0.00 0 -7.87 966.16 167.80 986.03 230.18 1.66 0.47 1.68 10.14 1.53 20.10 -7.40 0.12
Car 0.00 0 -8.00 645.57 162.17 674.78 185.10 1.82 1.77 4.46 4.08 0.97 59.66 -7.93 0.12
Pedestrian 0.00 0 -3.32 911.92 158.36 956.35 243.70 1.82 0.49 0.81 7.01 1.51 15.73 -2.90 0.11
Pedestrian 0.00 0 -5.08 744.29 164.64 773.93 226.17 1.78 0.60 0.84 4.37 1.55 21.39 -4.88 0.11
Pedestrian 0.00 0 -5.03 987.98 159.53 1027.71 230.96 1.84 0.67 0.93 10.49 1.50 19.14 -4.52 0.11
