Car 0.00 0 -4.49 460.19 181.04 566.08 252.05 1.44 1.66 3.91 -2.22 1.66 17.16 -4.62 0.94
Car 0.00 0 -4.58 578.07 174.90 621.43 209.13 1.50 1.55 3.79 -0.46 1.60 33.74 -4.60 0.80
Pedestrian 0.00 0 -5.29 831.74 161.42 856.15 202.84 1.83 0.69 0.86 10.48 1.33 32.46 -4.98 0.60
Car 0.00 0 -4.33 0.00 60.10 325.79 374.00 1.76 1.69 4.22 -2.32 1.66 2.91 -5.00 0.29
Cyclist 0.00 0 -7.89 127.52 166.32 162.92 262.05 1.81 0.53 1.83 -9.45 1.69 14.57 -8.46 0.24
Pedestrian 0.00 0 -7.59 289.70 175.01 314.38 230.63 1.78 0.60 0.61 -10.06 1.85 23.48 -8.00 0.23
Car 0.00 0 -2.95 440.68 178.69 493.18 197.39 1.49 1.65 3.95 -11.63 1.97 58.67 -3.14 0.20
Car 0.00 0 -3.19 508.45 172.02 584.06 199.47 1.56 1.68 4.32 -3.79 1.51 42.16 -3.28 0.19
Pedestrian 0.00 0 -1.96 259.73 171.93 288.06 233.81 1.82 0.57 0.62 -10.12 1.79 21.63 -2.40 0.19
Car 0.00 0 -5.01 864.32 166.26 903.09 189.43 1.68 1.66 3.89 20.49 1.20 54.23 -4.65 0.18
Pedestrian 0.00 0 -8.96 990.17 161.08 1001.99 201.85 1.77 0.50 0.26 16.83 1.26 31.53 -8.46 0.14
Cyclist 0.00 0 -6.46 554.05 170.75 577.32 191.54 1.68 0.72 1.79 -3.64 1.51 58.84 -6.52 0.13
Pedestrian 0.00 0 -4.78 448.13 182.70 542.92 374.00 1.69 0.53 0.57 -0.78 1.76 4.46 -4.95 0.13
Car 0.00 0 -3.21 559.11 172.13 678.59 217.18 1.61 1.70 4.31 0.23 1.59 26.78 -3.20 0.12
Pedestrian 0.00 0 -2.85 826.57 144.85 987.35 374.00 1.74 0.54 0.80 1.78 1.59 4.46 -2.47 0.11
Pedestrian 0.00 0 -4.73 1148.13 156.55 1181.71 237.96 1.72 0.57 0.76 12.01 1.37 15.69 -4.07 0.11
Pedestrian 0.00 0 -5.60 94.30 170.91 158.73 273.42 1.79 0.58 0.76 -8.70 1.76 12.91 -6.20 0.11
Cyclist 0.00 0 -2.62 252.57 176.50 307.61 221.45 1.67 0.66 1.81 -12.54 1.81 27.34 -3.05 0.10
