Car 0.00 0 -4.52 434.31 189.53 530.79 256.35 1.41 1.64 3.99 -3.13 1.87 18.19 -4.69 0.95
Car 0.00 0 -7.42 0.00 195.06 401.50 374.00 1.52 1.66 4.16 -2.74 1.74 4.87 -7.94 0.94
Car 0.00 0 -8.13 727.00 186.94 945.03 337.93 1.52 1.63 4.13 2.68 1.75 9.72 -7.86 0.93
Car 0.00 0 -8.12 667.60 189.31 795.59 273.15 1.40 1.59 3.99 2.30 1.79 14.96 -7.96 0.93
Car 0.00 0 -7.96 624.99 180.31 657.70 206.13 1.50 1.60 4.06 1.89 1.99 45.26 -7.92 0.88
Car 0.00 0 -8.36 777.14 170.94 1241.00 374.00 1.70 1.63 3.68 2.34 1.69 4.69 -7.90 0.85
Car 0.00 0 -4.71 529.30 181.83 560.80 210.91 1.46 1.64 4.42 -3.63 1.98 39.89 -4.81 0.76
Car 0.00 0 -7.81 550.45 180.61 572.28 201.57 1.59 1.58 3.74 -3.91 2.24 58.10 -7.87 0.30
Car 0.00 0 -4.30 332.15 192.25 444.63 245.54 1.39 1.78 4.37 -6.89 2.07 22.79 -4.59 0.29
Pedestrian 0.00 0 -2.18 81.46 166.84 169.59 304.73 1.83 0.87 0.54 -6.81 1.75 10.09 -2.77 0.27
Pedestrian 0.00 0 -7.42 35.94 188.42 120.19 322.51 1.57 0.69 0.49 -6.56 1.77 8.85 -8.06 0.27
Car 0.00 0 -8.00 613.97 174.69 642.66 198.61 1.93 1.76 4.63 1.48 2.09 60.85 -7.97 0.18
Car 0.00 0 -3.13 509.07 180.25 556.38 199.67 1.70 1.68 4.18 -6.96 2.38 64.95 -3.23 0.17
Car 0.00 0 -4.31 429.48 186.55 494.97 221.04 1.43 1.56 3.97 -6.86 2.11 33.70 -4.51 0.17
Pedestrian 0.00 0 -4.35 192.27 177.76 240.53 265.98 1.75 0.64 0.78 -8.13 1.86 14.83 -4.85 0.16
Pedestrian 0.00 0 -4.37 411.18 227.27 439.38 293.64 1.04 0.33 0.43 -3.09 1.95 11.87 -4.63 0.15
Pedestrian 0.00 0 -4.34 282.67 173.23 326.38 258.08 1.92 0.62 1.01 -7.16 1.93 16.83 -4.75 0.14
Car 0.00 0 -4.47 406.08 180.96 457.92 213.72 1.59 1.72 4.11 -9.35 2.04 38.05 -4.71 0.14
Pedestrian 0.00 0 -4.50 296.45 200.76 327.09 273.18 1.32 0.43 0.54 -5.69 1.86 13.66 -4.89 0.13
Car 0.00 0 -4.78 620.21 179.45 645.59 202.00 1.64 1.68 4.29 1.71 2.17 55.93 -4.75 0.12
Pedestrian 0.00 0 -5.69 0.00 158.17 9.65 319.69 1.88 0.67 0.53 -7.86 1.71 8.75 -6.42 0.11
Pedestrian 0.00 0 -4.37 57.76 165.45 127.76 291.01 1.87 0.63 0.89 -8.11 1.76 11.27 -4.99 0.11
Pedestrian 0.00 0 -6.09 510.09 177.71 517.63 205.47 1.79 0.46 0.41 -6.29 2.11 46.96 -6.22 0.11
Pedestrian 0.00 0 -4.02 250.27 188.65 286.47 258.90 1.57 0.46 0.64 -7.95 1.95 16.70 -4.47 0.11
