Car 0.00 0 -7.66 372.05 172.66 533.69 294.06 1.57 1.65 4.23 -2.31 1.57 11.44 -7.85 0.96
Car 0.00 0 -7.96 678.62 173.15 728.87 211.78 1.49 1.61 4.02 3.76 1.50 29.80 -7.84 0.95
Car 0.00 0 -8.13 742.33 162.83 988.91 339.81 1.62 1.66 3.72 2.64 1.53 8.50 -7.83 0.95
Car 0.00 0 -7.63 458.57 177.88 571.37 253.67 1.48 1.65 4.25 -2.07 1.61 16.53 -7.76 0.95
Car 0.00 0 -8.04 718.89 178.50 839.34 265.64 1.43 1.55 3.64 3.06 1.55 13.92 -7.83 0.84
Car 0.00 0 -7.73 580.61 174.67 613.57 200.34 1.47 1.56 3.53 -0.77 1.59 43.48 -7.75 0.80
Car 0.00 0 -8.04 665.10 170.93 705.46 200.08 1.63 1.63 4.11 4.34 1.52 42.48 -7.94 0.60
Pedestrian 0.00 0 -7.67 447.54 162.77 479.38 236.74 1.85 0.69 0.66 -3.77 1.60 18.36 -7.87 0.51
Pedestrian 0.00 0 -7.56 467.37 165.17 497.15 228.59 1.81 0.68 0.68 -3.76 1.59 20.99 -7.73 0.22
Pedestrian 0.00 0 -6.36 849.89 158.41 875.33 253.24 1.73 0.63 0.40 4.68 1.47 13.54 -6.02 0.18
Pedestrian 0.00 0 -5.55 108.78 154.87 232.52 340.09 1.74 0.52 0.93 -4.36 1.57 7.10 -6.10 0.17
Pedestrian 0.00 0 -5.20 659.13 169.49 669.61 192.60 1.82 0.54 0.76 4.30 1.56 57.35 -5.12 0.17
Car 0.00 0 -5.11 753.02 186.42 809.25 214.89 1.43 1.62 4.00 9.46 2.23 40.32 -4.88 0.12
Pedestrian 0.00 0 -4.56 395.02 150.63 429.82 237.28 1.98 0.65 1.05 -4.71 1.48 17.08 -4.83 0.12
Pedestrian 0.00 0 -6.00 817.74 153.65 860.63 236.34 1.89 0.66 0.81 5.34 1.45 16.97 -5.70 0.12
Cyclist 0.00 0 -3.43 477.89 167.17 514.41 204.62 1.87 0.64 1.73 -5.83 1.59 36.73 -3.59 0.11
Cyclist 0.00 0 -7.53 664.23 172.70 678.96 197.83 1.61 0.51 1.51 3.99 1.60 47.04 -7.45 0.11
Car 0.00 0 -7.80 509.13 163.23 529.75 182.84 1.72 1.65 3.97 -8.20 0.88 65.41 -7.93 0.11
Cyclist 0.00 0 -7.90 548.05 172.17 557.43 200.78 1.65 0.47 1.64 -3.41 1.61 42.42 -7.98 0.10
Cyclist 0.00 0 -8.54 794.81 159.76 851.75 227.02 1.72 0.48 1.71 5.64 1.39 19.35 -8.26 0.10
