Car 0.00 0 -8.07 694.76 185.72 803.90 256.75 1.37 1.58 3.53 2.90 1.38 15.64 -7.88 0.96
Car 0.00 0 -7.30 72.16 185.58 275.21 274.47 1.43 1.55 3.61 -7.90 1.44 13.41 -7.83 0.95
Car 0.00 0 -7.70 434.59 180.53 509.91 235.91 1.44 1.54 3.98 -3.85 1.32 20.73 -7.88 0.94
Car 0.00 0 -7.97 641.23 175.76 683.10 207.12 1.50 1.64 4.14 2.67 1.05 36.44 -7.90 0.94
Car 0.00 0 -7.59 326.66 173.91 471.99 277.82 1.61 1.61 3.51 -3.61 1.44 12.90 -7.86 0.93
Car 0.00 0 -7.66 481.37 178.66 531.24 212.74 1.43 1.53 3.55 -4.48 1.15 31.91 -7.80 0.79
Car 0.00 0 -7.50 309.64 178.84 394.10 226.59 1.44 1.47 3.48 -8.25 1.24 23.35 -7.84 0.69
Car 0.00 0 -7.92 583.07 175.19 610.58 198.21 1.52 1.61 4.23 -0.81 0.86 49.50 -7.94 0.43
Car 0.00 0 -7.85 517.35 177.50 542.80 202.23 1.45 1.49 3.50 -4.78 1.00 44.09 -7.96 0.42
Car 0.00 0 -7.68 430.97 173.95 470.93 202.00 1.53 1.59 3.99 -8.95 0.92 41.17 -7.90 0.38
Pedestrian 0.00 0 -5.12 300.23 192.60 427.89 375.00 1.71 0.51 0.58 -1.48 1.76 4.19 -5.46 0.35
Car 0.00 0 -7.77 692.56 176.95 738.79 214.19 1.49 1.65 3.62 4.63 1.16 30.76 -7.62 0.30
Car 0.00 0 -4.64 389.38 180.49 428.91 214.82 1.40 1.40 3.30 -8.56 1.21 31.01 -4.91 0.29
Car 0.00 0 -7.58 573.25 175.55 606.11 196.10 1.56 1.57 3.95 -1.40 0.83 56.56 -7.60 0.28
Cyclist 0.00 0 -3.91 542.78 175.00 562.17 198.03 1.66 0.54 1.44 -4.05 0.92 52.44 -3.99 0.22
Pedestrian 0.00 0 -8.00 931.32 166.60 960.52 235.42 1.76 0.61 0.57 8.77 1.29 18.76 -7.56 0.19
Car 0.00 0 -4.03 0.00 189.48 274.74 375.00 1.56 1.64 4.19 -5.39 1.62 7.47 -4.66 0.16
Cyclist 0.00 0 -2.87 395.79 171.29 427.48 199.89 1.79 0.68 1.81 -12.39 0.92 45.34 -3.13 0.15
Pedestrian 0.00 0 -3.77 687.68 174.80 702.68 203.54 1.64 0.66 0.58 5.01 1.05 41.42 -3.65 0.15
Pedestrian 0.00 0 -5.88 9.75 178.39 69.62 261.35 1.66 0.55 0.81 -11.69 1.52 14.75 -6.55 0.11
Pedestrian 0.00 0 -7.21 834.01 163.70 855.60 210.10 1.94 0.65 0.58 10.03 1.04 30.53 -6.90 0.10
Pedestrian 0.00 0 -5.97 218.88 189.80 396.03 375.00 1.71 0.60 0.61 -1.42 1.74 3.34 -6.37 0.10
