Car 0.00 0 -8.01 669.31 181.45 749.24 239.36 1.44 1.60 4.22 2.69 1.72 20.75 -7.88 0.97
Car 0.00 0 -4.54 415.28 188.34 520.72 271.26 1.45 1.55 3.75 -2.90 1.81 15.17 -4.73 0.94
Car 0.00 0 -7.77 526.00 184.24 566.72 217.08 1.38 1.56 3.86 -2.94 1.94 33.50 -7.86 0.87
Car 0.00 0 -8.02 644.91 180.97 695.68 217.95 1.45 1.57 3.72 2.50 1.82 31.10 -7.94 0.67
Car 0.00 0 -7.99 642.93 175.33 686.24 212.29 1.72 1.65 3.74 2.62 1.85 35.82 -7.91 0.59
Car 0.00 0 -7.71 458.35 184.83 534.98 242.55 1.43 1.61 4.02 -3.19 1.80 20.70 -7.87 0.56
Car 0.00 0 -7.78 630.14 176.59 654.94 198.45 1.56 1.59 3.65 2.44 1.85 54.14 -7.73 0.54
Car 0.00 0 -4.65 546.94 180.22 575.88 207.58 1.56 1.51 4.21 -2.97 2.03 44.29 -4.72 0.43
Car 0.00 0 -7.96 661.41 181.12 718.26 226.57 1.48 1.62 4.02 2.78 1.80 26.24 -7.85 0.37
Cyclist 0.00 0 -4.43 244.61 178.31 273.54 227.97 1.72 0.52 1.58 -12.66 1.92 25.97 -4.88 0.31
Pedestrian 0.00 0 -2.54 265.06 169.72 322.50 267.48 1.86 0.56 0.86 -6.23 1.81 14.12 -2.96 0.19
Car 0.00 0 -7.55 521.20 174.19 551.97 193.38 1.59 1.60 3.72 -6.30 1.71 62.04 -7.65 0.12
Pedestrian 0.00 0 -2.67 3.53 170.89 113.96 346.48 1.80 0.63 0.74 -5.96 1.78 7.77 -3.33 0.12
