Car 0.00 0 -7.66 416.38 174.30 504.09 238.13 1.59 1.64 4.05 -4.02 1.32 19.99 -7.86 0.95
Car 0.00 0 -7.84 577.61 174.31 640.32 232.74 1.56 1.68 3.42 0.02 1.27 20.91 -7.83 0.95
Car 0.00 0 -7.70 477.53 177.15 525.52 212.26 1.47 1.56 3.55 -4.69 1.13 31.87 -7.84 0.88
Car 0.00 0 -7.16 0.00 197.41 176.06 335.40 1.46 1.69 4.26 -8.28 1.67 10.13 -7.84 0.74
Car 0.00 0 -4.54 381.55 179.40 432.65 214.36 1.45 1.54 3.77 -8.86 1.21 31.85 -4.81 0.60
Car 0.00 0 -7.59 439.44 178.22 480.45 203.06 1.48 1.61 3.67 -9.15 1.06 44.62 -7.80 0.51
Car 0.00 0 -7.85 573.96 177.54 614.95 214.30 1.46 1.63 3.75 -0.59 1.15 30.38 -7.87 0.38
Car 0.00 0 -7.73 501.02 178.30 533.96 202.77 1.40 1.53 3.57 -5.37 1.01 42.89 -7.86 0.34
Car 0.00 0 -4.00 261.24 183.58 392.80 232.97 1.42 1.55 4.16 -8.82 1.37 22.88 -4.36 0.24
Car 0.00 0 -4.63 416.96 175.63 440.48 194.31 1.47 1.56 3.97 -14.59 0.72 58.64 -4.88 0.17
Pedestrian 0.00 0 -5.37 1086.05 357.21 1233.85 375.00 0.97 0.30 0.48 2.46 1.82 3.30 -4.73 0.14
Pedestrian 0.00 0 -7.65 75.11 148.78 195.64 375.00 1.91 0.62 0.89 -3.68 1.65 5.58 -8.24 0.11
