Car 0.00 0 -7.88 637.95 171.27 754.69 278.16 1.53 1.67 4.29 1.35 1.50 12.50 -7.77 0.47
Cyclist 0.00 0 -6.04 796.09 154.18 898.03 244.13 1.72 0.66 1.85 4.72 1.36 14.57 -5.72 0.19
Pedestrian 0.00 0 -6.31 643.06 158.39 671.30 230.49 1.82 0.50 0.70 1.15 1.45 18.43 -6.25 0.16
Pedestrian 0.00 0 -4.88 913.69 156.90 950.57 242.37 1.64 0.55 0.71 6.29 1.33 14.22 -4.46 0.16
Pedestrian 0.00 0 -4.14 1138.72 144.86 1188.80 223.13 1.71 0.58 0.74 12.33 1.10 16.14 -3.48 0.16
Cyclist 0.00 0 -2.65 289.70 179.93 316.90 204.62 1.80 0.71 1.71 -22.62 2.32 53.16 -3.05 0.15
Pedestrian 0.00 0 -6.85 1232.73 136.98 1241.00 259.82 1.70 0.53 0.75 9.43 1.20 10.29 -6.11 0.14
Pedestrian 0.00 0 -8.96 966.79 156.43 1013.33 235.66 1.62 0.56 0.69 7.94 1.28 15.18 -8.47 0.13
Pedestrian 0.00 0 -4.17 1100.99 154.72 1159.03 245.56 1.62 0.51 0.83 9.48 1.29 13.23 -3.55 0.11
Pedestrian 0.00 0 -4.22 1066.88 153.68 1114.59 238.67 1.62 0.58 0.57 9.38 1.26 14.15 -3.64 0.11
Pedestrian 0.00 0 -4.76 0.00 204.88 105.91 374.00 1.66 0.60 0.62 -3.65 1.88 4.55 -5.44 0.10
