Car 0.00 0 -4.46 317.57 178.88 468.76 276.22 1.49 1.68 4.20 -3.87 1.62 13.44 -4.75 0.95
Car 0.00 0 -4.60 482.73 177.87 534.57 217.32 1.52 1.68 4.32 -4.24 1.74 30.47 -4.74 0.91
Car 0.00 0 -4.78 644.87 173.41 703.04 228.02 1.67 1.64 3.83 2.00 1.69 23.99 -4.70 0.81
Car 0.00 0 -4.58 515.61 177.53 546.14 202.57 1.50 1.47 3.51 -4.99 1.80 45.52 -4.69 0.46
Car 0.00 0 -7.99 625.31 180.45 672.80 216.86 1.43 1.56 3.60 1.58 1.78 30.97 -7.94 0.45
Car 0.00 0 -7.97 493.84 177.60 533.61 209.03 1.55 1.66 3.76 -5.19 1.82 38.31 -8.11 0.26
Car 0.00 0 -4.88 602.89 175.59 634.30 197.96 1.48 1.54 3.99 0.53 1.68 50.42 -4.87 0.24
Pedestrian 0.00 0 -3.51 1194.30 159.01 1241.00 374.00 1.81 0.57 0.87 5.32 1.71 5.84 -2.77 0.21
Pedestrian 0.00 0 -8.13 977.44 177.81 1003.43 228.13 1.62 0.64 0.48 12.35 1.78 23.52 -7.65 0.17
Pedestrian 0.00 0 -3.35 998.47 170.32 1072.96 302.25 1.71 0.55 0.77 5.67 1.68 9.74 -2.82 0.15
Cyclist 0.00 0 -7.12 0.00 171.29 41.17 330.51 1.61 0.43 1.61 -7.30 1.60 8.11 -7.86 0.14
Car 0.00 0 -8.19 419.97 176.92 470.46 203.99 1.47 1.62 4.04 -9.68 1.72 42.05 -8.42 0.14
Pedestrian 0.00 0 -8.63 1017.91 168.23 1090.65 297.20 1.78 0.64 0.61 6.28 1.71 10.30 -8.08 0.12
Pedestrian 0.00 0 -3.56 1026.23 164.09 1136.16 324.28 1.79 0.56 0.92 5.42 1.69 8.42 -2.99 0.12
Pedestrian 0.00 0 -7.34 136.54 158.27 194.82 259.83 1.75 0.56 0.81 -7.95 1.50 12.86 -7.89 0.11
