Car 0.00 0 -4.37 341.15 181.75 518.19 294.57 1.56 1.67 3.99 -2.91 1.74 12.37 -4.60 0.95
Car 0.00 0 -7.95 709.59 177.60 817.91 276.78 1.51 1.55 3.36 2.57 1.61 12.93 -7.75 0.91
Car 0.00 0 -4.76 625.98 171.36 650.67 193.95 1.71 1.73 4.19 2.17 1.60 56.71 -4.72 0.64
Pedestrian 0.00 0 -4.60 824.31 154.87 860.68 244.65 1.87 0.65 0.97 4.98 1.49 15.59 -4.30 0.30
Pedestrian 0.00 0 -8.13 784.73 165.77 815.17 230.40 1.80 0.63 0.82 5.34 1.60 20.50 -7.88 0.21
Car 0.00 0 -7.23 0.00 201.34 205.39 374.00 1.43 1.49 3.33 -6.24 1.81 8.12 -7.89 0.16
Pedestrian 0.00 0 -7.57 0.00 168.15 61.50 298.52 1.78 0.70 0.68 -8.42 1.72 10.30 -8.26 0.12
Pedestrian 0.00 0 -2.97 205.26 166.32 277.66 279.36 1.84 0.58 1.00 -6.25 1.73 12.17 -3.45 0.12
Car 0.00 0 -7.58 499.90 175.94 541.73 202.67 1.62 1.69 3.79 -5.70 1.83 46.26 -7.70 0.11
Pedestrian 0.00 0 -5.78 1059.24 146.66 1146.93 283.52 1.75 0.61 0.78 6.56 1.41 9.69 -5.19 0.10
