Pedestrian 0.00 0 -5.03 749.73 170.35 776.74 218.48 1.82 0.73 1.02 5.84 1.72 27.76 -4.82 0.67
Pedestrian 0.00 0 -5.60 976.54 162.47 1029.67 242.22 1.80 0.67 0.86 9.11 1.57 16.82 -5.10 0.48
Car 0.00 0 -7.50 750.50 173.78 802.09 203.48 1.60 1.64 3.80 9.47 1.66 41.06 -7.27 0.38
Pedestrian 0.00 0 -8.03 709.91 171.27 721.45 200.87 1.86 0.60 0.77 6.67 1.76 45.77 -7.88 0.33
Cyclist 0.00 0 -4.91 674.87 174.18 686.47 199.23 1.83 0.49 1.88 5.23 1.93 53.78 -4.82 0.29
Pedestrian 0.00 0 -5.92 419.41 187.58 574.11 374.00 1.79 0.57 0.80 -0.74 1.89 4.48 -6.08 0.20
Car 0.00 0 -3.48 998.67 181.71 1067.26 207.00 1.57 1.54 3.52 27.29 2.16 46.70 -2.95 0.20
Car 0.00 0 -7.28 1145.59 178.89 1241.00 294.73 1.46 1.58 4.19 10.13 1.55 10.44 -6.51 0.19
Pedestrian 0.00 0 -5.01 830.70 168.99 854.18 215.78 1.81 0.65 0.87 9.06 1.66 28.27 -4.70 0.19
Car 0.00 0 -5.16 1006.59 180.40 1047.49 198.90 1.62 1.67 4.09 38.62 2.34 66.96 -4.64 0.15
Pedestrian 0.00 0 -3.65 719.48 170.45 732.63 194.61 1.87 0.46 0.90 9.04 1.69 56.35 -3.49 0.12
