Car 0.00 0 -7.54 287.24 182.98 464.08 293.68 1.51 1.63 3.70 -3.58 1.48 11.63 -7.84 0.96
Car 0.00 0 -7.27 0.00 179.68 244.21 295.88 1.57 1.59 3.99 -7.75 1.49 11.68 -7.86 0.96
Car 0.00 0 -7.70 473.15 180.55 541.76 227.27 1.43 1.63 4.22 -3.31 1.29 24.12 -7.83 0.95
Car 0.00 0 -7.11 0.00 189.25 89.40 281.09 1.44 1.64 4.06 -12.09 1.53 13.50 -7.84 0.93
Car 0.00 0 -7.84 582.51 176.63 620.44 213.00 1.58 1.65 3.75 -0.31 1.21 33.06 -7.85 0.90
Car 0.00 0 -7.34 242.85 185.66 381.66 247.97 1.43 1.61 3.84 -7.49 1.44 18.52 -7.72 0.89
Car 0.00 0 -7.63 439.46 178.78 484.85 207.53 1.43 1.55 3.72 -7.62 1.11 37.75 -7.83 0.79
Car 0.00 0 -7.62 385.32 183.01 446.60 222.84 1.43 1.49 3.59 -7.34 1.35 27.66 -7.88 0.52
Car 0.00 0 -2.75 292.79 177.06 386.55 208.26 1.56 1.66 4.18 -13.70 1.15 36.78 -3.10 0.45
Car 0.00 0 -4.38 381.91 175.33 427.94 199.25 1.44 1.52 4.15 -12.76 0.85 45.35 -4.65 0.42
Car 0.00 0 -7.35 130.95 186.28 269.12 242.51 1.44 1.63 4.14 -11.51 1.48 20.57 -7.86 0.36
Car 0.00 0 -4.86 427.38 174.09 458.20 197.04 1.60 1.62 3.97 -12.07 0.83 52.38 -5.09 0.29
Car 0.00 0 -7.62 233.67 182.97 303.99 225.61 1.48 1.58 3.63 -12.64 1.40 26.92 -8.06 0.28
Car 0.00 0 -7.70 459.50 175.38 490.69 198.09 1.44 1.52 3.46 -8.73 0.82 47.38 -7.88 0.24
Car 0.00 0 -4.63 507.21 177.23 542.29 206.25 1.50 1.56 3.93 -4.49 1.09 39.03 -4.74 0.24
Car 0.00 0 -7.83 492.46 174.26 514.52 194.49 1.55 1.62 4.01 -8.26 0.71 57.05 -7.97 0.18
Cyclist 0.00 0 -8.07 656.66 178.37 677.46 224.79 1.59 0.39 1.60 2.04 1.35 25.39 -7.99 0.17
Cyclist 0.00 0 -8.20 1133.42 144.62 1240.00 334.91 1.72 0.45 1.73 5.93 1.35 7.38 -7.52 0.16
Car 0.00 0 -4.45 632.71 176.02 668.86 197.98 1.61 1.69 4.41 3.33 0.94 55.08 -4.39 0.14
Car 0.00 0 -3.24 631.75 177.88 701.12 203.78 1.57 1.73 4.12 3.55 1.12 44.33 -3.16 0.11
Pedestrian 0.00 0 -3.68 964.06 161.36 1020.30 270.06 1.67 0.55 0.58 5.99 1.30 11.31 -3.19 0.11
