Car 0.00 0 -7.70 494.63 183.34 580.96 243.76 1.37 1.64 4.32 -1.86 1.68 19.32 -7.80 0.95
Car 0.00 0 -8.54 900.47 176.75 1241.00 374.00 1.49 1.61 4.23 3.45 1.52 4.47 -7.88 0.94
Car 0.00 0 -7.92 687.43 172.39 728.44 209.08 1.56 1.58 3.49 4.31 1.54 32.42 -7.79 0.81
Car 0.00 0 -7.77 546.11 180.09 595.57 220.50 1.42 1.59 3.95 -1.50 1.72 28.00 -7.82 0.81
Car 0.00 0 -8.00 707.50 179.23 785.46 236.50 1.44 1.61 3.80 3.72 1.64 20.45 -7.82 0.55
Car 0.00 0 -7.61 672.78 174.13 708.49 197.05 1.51 1.60 3.78 5.58 1.60 49.83 -7.50 0.37
Pedestrian 0.00 0 -5.39 832.51 146.37 906.35 267.89 1.80 0.62 0.94 3.96 1.41 11.22 -5.05 0.34
Pedestrian 0.00 0 -4.43 1005.19 150.07 1053.69 252.55 1.74 0.59 0.61 7.30 1.35 12.64 -3.91 0.31
Pedestrian 0.00 0 -4.69 891.75 155.06 912.91 206.91 1.89 0.71 0.59 10.79 1.24 26.72 -4.30 0.30
Pedestrian 0.00 0 -8.78 943.06 153.97 994.62 247.17 1.70 0.56 0.66 6.69 1.35 13.56 -8.32 0.21
Pedestrian 0.00 0 -2.94 1031.15 133.04 1086.86 297.35 1.79 0.49 0.45 5.05 1.36 8.20 -2.39 0.20
Pedestrian 0.00 0 -7.71 774.13 158.41 810.53 247.13 1.80 0.65 0.65 3.77 1.51 15.08 -7.47 0.20
Pedestrian 0.00 0 -4.81 477.78 170.96 498.74 223.74 1.79 0.62 0.95 -4.28 1.73 25.04 -4.98 0.17
Pedestrian 0.00 0 -4.15 902.88 147.35 953.02 246.58 1.80 0.58 0.69 5.89 1.33 13.49 -3.74 0.14
Pedestrian 0.00 0 -6.05 866.76 151.83 908.26 233.01 1.90 0.61 0.81 6.64 1.41 17.39 -5.68 0.13
Pedestrian 0.00 0 -7.88 260.66 161.68 292.16 252.12 1.87 0.59 0.84 -7.18 1.64 15.42 -8.32 0.12
Pedestrian 0.00 0 -4.96 528.69 165.71 546.55 208.01 1.92 0.64 0.80 -3.37 1.59 33.19 -5.06 0.11
Pedestrian 0.00 0 -3.38 1071.81 126.07 1152.59 284.34 1.84 0.59 0.69 6.05 1.30 8.80 -2.78 0.10
