Car 0.00 0 -2.71 261.49 178.03 391.62 228.99 1.48 1.54 3.37 -8.66 1.65 22.07 -3.08 0.89
Car 0.00 0 -4.68 539.25 174.19 575.60 206.95 1.57 1.70 4.26 -2.67 1.64 36.94 -4.75 0.86
Car 0.00 0 -4.94 687.57 166.67 740.75 204.67 1.76 1.71 3.95 5.02 1.48 35.49 -4.80 0.80
Pedestrian 0.00 0 -6.10 664.22 172.10 673.83 196.17 1.69 0.71 0.56 4.16 1.64 51.17 -6.02 0.33
Cyclist 0.00 0 -7.37 379.58 177.23 411.37 223.57 1.57 0.34 1.64 -7.57 1.73 25.37 -7.66 0.29
Cyclist 0.00 0 -2.58 133.21 174.89 192.48 224.96 1.73 0.63 1.69 -15.66 1.80 25.22 -3.13 0.28
Pedestrian 0.00 0 -7.95 467.81 176.96 487.09 222.46 1.54 0.59 0.63 -4.62 1.69 24.91 -8.14 0.24
Pedestrian 0.00 0 -8.35 493.61 176.89 510.77 214.48 1.58 0.51 0.58 -4.64 1.75 30.78 -8.50 0.19
Pedestrian 0.00 0 -8.26 815.78 166.19 842.18 220.83 1.82 0.61 0.73 7.38 1.60 24.47 -7.97 0.17
Pedestrian 0.00 0 -5.91 609.62 167.63 620.34 187.88 1.86 0.47 0.88 0.44 1.38 66.56 -5.90 0.14
Cyclist 0.00 0 -7.77 677.64 166.99 688.15 196.86 1.74 0.47 1.87 4.32 1.40 42.98 -7.67 0.12
