Car 0.00 0 -4.51 366.30 182.27 479.96 271.80 1.60 1.59 3.64 -3.82 1.82 15.12 -4.76 0.96
Car 0.00 0 -7.81 647.22 180.94 682.85 217.80 1.61 1.52 3.44 2.61 2.02 34.21 -7.73 0.77
Cyclist 0.00 0 -8.19 1181.32 156.83 1241.00 264.41 1.79 0.49 1.75 10.79 1.52 12.89 -7.49 0.42
Pedestrian 0.00 0 -2.62 518.13 177.85 534.83 215.44 2.02 0.68 0.65 -4.58 2.29 39.28 -2.73 0.41
Pedestrian 0.00 0 -8.36 824.91 178.87 903.74 307.83 1.66 0.71 0.79 3.37 1.74 9.76 -8.03 0.37
Car 0.00 0 -2.42 0.00 191.24 297.00 318.05 1.50 1.69 4.42 -6.92 1.78 9.95 -3.03 0.35
Pedestrian 0.00 0 -5.23 1181.06 148.12 1241.00 374.00 1.86 0.74 0.87 3.64 1.75 3.84 -4.47 0.28
Pedestrian 0.00 0 -7.16 906.51 153.54 1030.67 349.57 1.88 0.65 1.01 3.62 1.69 7.41 -6.70 0.26
Pedestrian 0.00 0 -5.47 526.07 178.42 545.04 214.97 2.04 0.69 0.83 -4.26 2.36 40.96 -5.57 0.19
Pedestrian 0.00 0 -4.38 218.45 165.97 274.72 289.03 1.91 0.59 0.78 -5.90 1.81 11.65 -4.85 0.19
Pedestrian 0.00 0 -3.29 862.47 174.51 936.93 327.18 1.70 0.53 0.73 3.30 1.72 8.39 -2.92 0.19
Pedestrian 0.00 0 -7.77 988.17 165.44 1096.79 374.00 1.78 0.68 0.81 3.41 1.73 5.76 -7.24 0.17
Car 0.00 0 -4.64 542.57 188.07 575.05 216.67 1.51 1.63 3.88 -2.98 2.45 42.20 -4.71 0.14
Car 0.00 0 -7.96 673.70 179.55 715.74 215.52 1.72 1.72 4.04 4.27 2.08 37.19 -7.85 0.14
Pedestrian 0.00 0 -3.63 760.07 170.36 814.85 265.09 1.81 0.63 0.85 3.43 1.76 14.16 -3.39 0.13
Pedestrian 0.00 0 -8.67 662.50 173.61 676.75 202.32 1.89 0.61 0.72 3.94 1.94 48.01 -8.59 0.12
Car 0.00 0 -4.49 625.76 185.34 653.56 205.22 1.54 1.57 3.64 2.49 2.62 60.46 -4.45 0.12
Pedestrian 0.00 0 -3.24 509.30 177.08 525.72 216.06 1.89 0.68 0.74 -4.58 2.10 35.41 -3.37 0.12
Pedestrian 0.00 0 -6.66 956.78 153.08 1093.77 373.06 1.87 0.63 0.90 3.65 1.70 6.50 -6.15 0.12
Pedestrian 0.00 0 -8.10 494.68 181.93 514.20 223.17 1.76 0.66 0.84 -4.66 2.16 31.52 -8.25 0.11
Pedestrian 0.00 0 -4.16 718.59 172.87 749.15 237.27 1.89 0.61 0.74 3.68 1.89 21.68 -4.00 0.11
Pedestrian 0.00 0 -4.28 1059.22 206.19 1215.00 374.00 1.52 0.63 0.67 3.49 1.76 4.87 -3.66 0.10
