Car 0.00 0 -8.02 694.42 183.34 805.45 267.03 1.45 1.62 3.74 2.69 1.69 14.85 -7.84 0.97
Car 0.00 0 -4.25 0.00 188.92 445.80 374.00 1.60 1.76 4.54 -2.67 1.77 5.38 -4.71 0.94
Car 0.00 0 -4.62 527.26 176.98 574.27 213.09 1.47 1.68 4.14 -2.59 1.66 31.92 -4.70 0.91
Car 0.00 0 -4.85 653.48 177.45 708.45 219.98 1.50 1.59 3.79 2.61 1.68 27.72 -4.75 0.80
Car 0.00 0 -4.69 564.85 177.41 588.78 200.92 1.47 1.51 3.25 -2.18 1.78 47.37 -4.74 0.64
Car 0.00 0 -7.44 225.83 181.74 367.01 249.45 1.49 1.73 4.29 -7.93 1.75 18.61 -7.84 0.33
Pedestrian 0.00 0 -4.87 714.49 173.25 731.25 212.61 1.64 0.60 0.66 4.70 1.65 30.35 -4.71 0.33
Car 0.00 0 -7.86 642.50 176.23 665.79 199.87 1.48 1.48 3.26 2.87 1.71 47.44 -7.79 0.33
Cyclist 0.00 0 -8.21 701.24 166.69 721.70 201.66 1.84 0.50 1.74 5.41 1.51 38.79 -8.08 0.19
Cyclist 0.00 0 -7.51 426.66 174.39 455.13 222.40 1.71 0.53 1.58 -6.26 1.77 26.60 -7.74 0.13
