Car 0.00 0 -4.26 131.81 190.27 397.30 341.40 1.62 1.73 4.04 -4.58 1.91 10.23 -4.68 0.97
Car 0.00 0 -4.44 326.09 184.45 464.76 273.96 1.56 1.69 4.29 -4.40 1.85 15.31 -4.72 0.96
Car 0.00 0 -4.45 414.26 188.72 503.04 247.10 1.40 1.54 3.71 -4.19 1.89 20.27 -4.66 0.86
Car 0.00 0 -4.51 462.71 185.48 531.13 233.63 1.46 1.58 3.82 -3.85 1.93 24.83 -4.66 0.86
Car 0.00 0 -7.95 707.31 172.22 765.11 221.85 1.83 1.83 4.86 4.94 1.81 29.07 -7.78 0.73
Car 0.00 0 -4.48 572.38 180.60 608.35 202.83 1.48 1.66 4.19 -1.39 2.06 51.69 -4.51 0.49
Pedestrian 0.00 0 -4.61 834.75 172.18 852.06 212.09 1.78 0.67 0.78 10.55 1.75 32.71 -4.30 0.46
Pedestrian 0.00 0 -6.27 798.57 172.47 816.97 211.72 1.82 0.68 0.82 9.23 1.80 33.80 -6.00 0.22
Car 0.00 0 -4.65 616.62 180.08 644.01 201.57 1.43 1.70 3.94 1.46 1.97 51.44 -4.62 0.21
Cyclist 0.00 0 -3.88 795.69 173.71 825.42 205.80 1.81 0.64 1.64 11.49 1.86 41.46 -3.61 0.18
Car 0.00 0 -4.40 660.22 178.73 699.19 200.41 1.44 1.60 3.97 4.96 1.87 51.20 -4.30 0.17
Car 0.00 0 -7.12 1240.56 181.91 1241.00 369.46 1.48 1.54 4.01 8.53 1.57 6.68 -6.21 0.15
Car 0.00 0 -3.72 0.00 224.79 235.13 374.00 1.64 1.69 4.20 -3.36 1.98 2.47 -4.66 0.14
Car 0.00 0 -5.04 634.17 179.91 671.73 200.20 1.40 1.63 3.77 3.09 1.94 53.14 -4.98 0.14
Car 0.00 0 -3.50 517.00 181.84 579.69 205.73 1.47 1.64 3.73 -4.05 2.07 47.01 -3.59 0.12
Car 0.00 0 -7.51 698.57 176.65 746.32 203.02 1.57 1.70 4.19 7.18 1.83 45.95 -7.36 0.12
Pedestrian 0.00 0 -3.24 809.51 166.80 830.21 210.55 1.97 0.62 0.85 9.52 1.70 32.89 -2.96 0.11
Car 0.00 0 -8.07 541.20 181.42 574.41 202.14 1.43 1.62 4.07 -3.96 2.10 53.88 -8.15 0.11
