Car 0.00 0 -7.26 2.19 187.92 248.99 287.20 1.50 1.63 4.19 -8.45 1.55 13.05 -7.84 0.97
Car 0.00 0 -7.51 282.90 187.36 435.47 272.32 1.44 1.63 3.78 -4.75 1.49 14.17 -7.83 0.97
Car 0.00 0 -7.85 577.54 174.58 632.71 225.96 1.59 1.71 3.35 -0.12 1.26 23.95 -7.85 0.94
Car 0.00 0 -7.16 0.00 187.00 127.28 267.37 1.54 1.61 3.98 -12.78 1.58 15.83 -7.84 0.93
Car 0.00 0 -7.62 395.98 179.72 448.96 212.47 1.47 1.59 3.84 -8.79 1.23 34.25 -7.87 0.79
Car 0.00 0 -7.58 308.76 181.81 364.60 211.73 1.39 1.59 3.81 -13.26 1.23 35.27 -7.94 0.70
Car 0.00 0 -7.73 503.97 175.09 544.16 207.99 1.58 1.57 3.81 -4.21 1.09 36.38 -7.85 0.70
Pedestrian 0.00 0 -4.57 0.00 169.69 30.81 233.81 1.87 0.62 0.72 -17.73 1.42 21.47 -5.26 0.28
Car 0.00 0 -4.83 570.96 179.19 614.65 212.27 1.43 1.56 3.91 -0.78 1.17 33.19 -4.85 0.27
Pedestrian 0.00 0 -4.27 1201.89 149.70 1240.00 337.61 1.74 0.57 0.77 6.34 1.41 7.06 -3.54 0.24
Pedestrian 0.00 0 -4.24 999.23 153.82 1060.54 280.28 1.73 0.60 0.48 5.96 1.31 10.24 -3.71 0.20
Car 0.00 0 -2.34 337.57 180.70 438.64 218.45 1.48 1.65 4.08 -9.21 1.31 29.95 -2.64 0.19
Pedestrian 0.00 0 -2.80 666.42 182.23 691.96 229.21 1.45 0.55 0.65 2.20 1.36 22.54 -2.71 0.16
Pedestrian 0.00 0 -5.35 1216.10 168.44 1240.00 375.00 1.58 0.56 0.71 5.27 1.46 5.63 -4.59 0.16
Car 0.00 0 -4.27 116.98 177.70 161.67 198.43 1.70 1.65 3.94 -39.66 1.08 60.94 -4.85 0.15
Car 0.00 0 -4.18 157.96 179.15 201.21 199.00 1.79 1.75 3.84 -39.82 1.25 66.93 -4.71 0.13
Car 0.00 0 -4.69 490.13 172.47 508.23 188.71 1.51 1.61 4.10 -10.41 0.33 69.04 -4.84 0.13
Car 0.00 0 -4.90 539.68 173.87 564.69 190.94 1.58 1.61 4.18 -5.34 0.53 68.62 -4.98 0.13
