Car 0.00 0 -7.84 555.16 176.28 619.78 235.11 1.52 1.67 3.18 -0.59 1.29 20.13 -7.87 0.96
Car 0.00 0 -7.47 233.18 180.70 361.35 244.59 1.46 1.59 4.05 -7.85 1.36 18.48 -7.87 0.96
Car 0.00 0 -7.14 0.00 195.89 111.59 353.48 1.40 1.51 3.44 -7.73 1.55 8.35 -7.88 0.96
Car 0.00 0 -7.62 353.28 182.85 494.87 274.97 1.50 1.66 4.17 -3.36 1.46 13.76 -7.86 0.95
Car 0.00 0 -7.46 39.56 195.20 425.54 375.00 1.43 1.66 4.32 -3.19 1.56 7.12 -7.88 0.93
Car 0.00 0 -7.52 330.09 180.15 385.33 209.00 1.40 1.53 3.78 -12.79 1.16 36.87 -7.86 0.90
Car 0.00 0 -7.04 0.00 189.36 37.98 290.62 1.42 1.59 3.79 -12.01 1.50 12.13 -7.82 0.76
Car 0.00 0 -7.81 510.68 179.74 549.30 214.36 1.43 1.52 3.55 -3.39 1.20 31.42 -7.92 0.75
Car 0.00 0 -7.68 446.87 174.50 527.63 234.54 1.58 1.64 4.08 -3.45 1.30 21.02 -7.84 0.60
Car 0.00 0 -7.58 380.81 179.81 442.56 217.18 1.47 1.59 3.62 -8.19 1.26 30.17 -7.85 0.53
Car 0.00 0 -7.72 444.27 177.08 478.95 202.86 1.49 1.59 3.69 -8.82 1.02 43.48 -7.92 0.47
Cyclist 0.00 0 -4.03 227.24 175.53 271.84 225.61 1.71 0.54 1.57 -12.65 1.38 25.35 -4.50 0.35
Car 0.00 0 -4.57 422.43 173.94 450.47 194.30 1.54 1.61 3.90 -13.38 0.69 56.26 -4.81 0.16
Pedestrian 0.00 0 -4.35 773.74 166.64 811.08 247.36 1.73 0.59 0.70 4.04 1.33 15.88 -4.10 0.16
Car 0.00 0 -8.55 1195.26 166.22 1240.00 375.00 1.52 1.57 3.82 6.30 1.43 5.22 -7.67 0.14
Cyclist 0.00 0 -7.87 635.78 172.77 645.50 211.96 1.70 0.41 1.47 1.42 1.16 31.88 -7.82 0.14
Pedestrian 0.00 0 -7.60 100.06 175.86 126.86 228.33 1.67 0.61 0.49 -15.96 1.37 23.15 -8.20 0.12
Car 0.00 0 -4.69 533.41 174.33 554.74 195.15 1.57 1.57 3.89 -4.97 0.75 56.27 -4.78 0.12
