Car 0.00 0 -4.46 236.75 188.48 527.89 373.00 1.46 1.68 4.45 -1.88 1.55 7.49 -4.71 0.93
Pedestrian 0.00 0 -5.23 734.94 162.48 805.03 282.65 1.73 0.67 0.89 2.49 1.46 10.87 -5.01 0.74
Pedestrian 0.00 0 -8.79 1157.61 130.06 1237.00 373.00 1.73 0.80 0.97 3.60 1.51 3.69 -8.02 0.67
Pedestrian 0.00 0 -4.19 46.47 161.79 108.77 272.40 1.80 0.59 0.67 -8.80 1.48 12.03 -4.83 0.54
Pedestrian 0.00 0 -3.52 505.31 171.56 528.55 211.48 1.75 0.62 0.86 -3.77 1.31 31.90 -3.64 0.39
Pedestrian 0.00 0 -3.96 381.76 166.76 415.96 221.31 1.85 0.64 1.00 -7.06 1.35 24.97 -4.24 0.39
Pedestrian 0.00 0 -3.86 0.00 149.15 52.44 323.66 1.87 0.61 0.86 -6.96 1.53 8.18 -4.57 0.37
Pedestrian 0.00 0 -4.34 453.34 170.27 476.68 221.44 1.71 0.61 0.57 -4.63 1.33 24.29 -4.53 0.30
Pedestrian 0.00 0 -8.16 566.92 166.85 580.27 200.12 1.91 0.60 0.67 -1.62 1.07 41.72 -8.20 0.29
Pedestrian 0.00 0 -5.22 547.87 169.42 560.32 195.88 1.92 0.62 0.75 -3.45 1.05 52.65 -5.29 0.28
Pedestrian 0.00 0 -7.46 403.96 174.27 429.38 226.30 1.61 0.58 0.63 -5.81 1.38 22.51 -7.71 0.27
Pedestrian 0.00 0 -7.42 499.52 175.08 516.93 207.28 1.66 0.63 0.79 -4.85 1.33 37.39 -7.55 0.27
Pedestrian 0.00 0 -4.40 683.17 166.59 703.56 213.49 1.78 0.57 0.77 3.53 1.21 27.72 -4.28 0.27
Cyclist 0.00 0 -8.26 793.90 111.97 1045.36 373.00 1.94 0.76 1.74 1.77 1.60 4.46 -7.88 0.25
Pedestrian 0.00 0 -4.20 529.64 168.67 545.02 202.02 1.94 0.64 0.70 -3.76 1.19 42.17 -4.29 0.21
Pedestrian 0.00 0 -4.70 91.35 155.41 130.91 260.79 1.93 0.61 0.81 -9.34 1.45 13.63 -5.30 0.20
Car 0.00 0 -5.89 402.84 180.26 494.40 212.34 1.40 1.53 3.76 -6.90 1.35 32.52 -6.10 0.19
Cyclist 0.00 0 -7.59 521.50 173.70 535.63 201.76 1.68 0.43 1.67 -4.43 1.21 43.83 -7.69 0.18
Cyclist 0.00 0 -3.11 461.43 168.94 498.66 206.78 1.81 0.74 1.76 -5.88 1.21 34.83 -3.28 0.17
Cyclist 0.00 0 -6.17 309.78 155.34 413.62 260.62 1.92 0.61 1.80 -4.53 1.44 13.57 -6.49 0.16
Pedestrian 0.00 0 -7.70 418.84 178.30 435.49 217.09 1.51 0.55 0.60 -6.89 1.39 28.33 -7.94 0.16
Pedestrian 0.00 0 -6.21 194.81 185.81 266.47 326.27 1.51 0.53 0.69 -4.22 1.56 8.12 -6.69 0.16
Pedestrian 0.00 0 -5.55 585.23 167.68 593.93 199.59 1.85 0.49 0.24 -0.69 1.05 41.95 -5.57 0.15
Pedestrian 0.00 0 -3.20 577.85 170.24 592.18 200.14 1.83 0.59 0.85 -1.01 1.14 44.40 -3.22 0.15
Car 0.00 0 -2.57 16.39 186.25 268.57 260.90 1.48 1.65 4.30 -9.61 1.59 15.20 -3.13 0.15
Pedestrian 0.00 0 -4.84 661.78 156.76 694.13 238.31 1.88 0.64 0.94 1.77 1.31 17.05 -4.74 0.14
Car 0.00 0 -7.14 302.72 183.05 454.17 244.80 1.45 1.63 4.01 -5.83 1.50 19.18 -7.44 0.13
Pedestrian 0.00 0 -4.59 401.86 163.50 420.53 211.14 1.91 0.63 0.86 -7.76 1.19 29.25 -4.85 0.12
Pedestrian 0.00 0 -6.16 538.92 170.52 549.46 195.82 1.86 0.51 0.72 -4.21 1.05 53.04 -6.24 0.12
Cyclist 0.00 0 -4.44 493.73 175.19 508.22 202.34 1.61 0.47 1.52 -6.04 1.23 43.27 -4.58 0.12
Cyclist 0.00 0 -4.27 272.73 175.49 326.11 251.07 1.63 0.46 1.63 -6.85 1.50 16.28 -4.67 0.11
Pedestrian 0.00 0 -8.59 571.61 173.62 582.51 201.97 1.69 0.48 0.44 -1.46 1.22 43.24 -8.63 0.11
Pedestrian 0.00 0 -3.77 585.52 171.76 614.20 225.77 1.62 0.53 0.70 -0.08 1.33 21.95 -3.77 0.11
Pedestrian 0.00 0 -4.80 834.31 146.71 875.13 254.44 1.83 0.60 0.88 4.42 1.24 12.68 -4.47 0.11
Pedestrian 0.00 0 -7.15 0.00 158.83 73.27 273.61 1.85 0.63 0.75 -9.44 1.49 11.98 -7.82 0.10
Pedestrian 0.00 0 -4.30 861.21 142.92 927.95 270.25 1.84 0.63 0.90 4.40 1.28 10.89 -3.91 0.10
