Pedestrian 0.00 0 -6.13 996.35 158.89 1101.41 334.25 1.83 0.66 0.91 4.95 1.59 8.02 -5.57 0.84
Pedestrian 0.00 0 -7.79 309.65 187.67 349.97 272.97 1.65 0.70 1.08 -5.54 1.78 14.59 -8.15 0.82
Pedestrian 0.00 0 -5.59 753.67 165.35 838.44 300.01 1.81 0.61 1.01 2.72 1.60 10.26 -5.33 0.77
Pedestrian 0.00 0 -8.05 579.08 180.58 601.02 234.25 1.74 0.58 0.82 -0.41 1.71 23.77 -8.07 0.77
Pedestrian 0.00 0 -7.75 493.21 181.95 516.48 231.09 1.74 0.74 0.91 -3.49 1.75 25.84 -7.88 0.70
Cyclist 0.00 0 -7.86 988.03 163.62 1023.75 266.29 1.73 0.53 1.71 7.26 1.43 12.99 -7.35 0.58
Car 0.00 0 -4.55 424.65 174.40 493.82 233.22 1.98 1.77 4.54 -5.14 1.74 26.43 -4.74 0.55
Pedestrian 0.00 0 -7.89 603.93 179.36 625.66 233.45 1.77 0.69 0.82 0.41 1.70 23.89 -7.87 0.54
Pedestrian 0.00 0 -4.95 326.76 181.99 360.16 248.61 1.75 0.66 0.87 -7.02 1.77 19.45 -5.30 0.53
Pedestrian 0.00 0 -5.09 235.88 181.65 341.52 368.32 1.75 0.73 0.80 -3.22 1.75 7.28 -5.51 0.45
Pedestrian 0.00 0 -8.27 634.68 181.44 654.24 222.20 1.71 0.61 0.67 1.82 1.71 30.64 -8.21 0.36
Pedestrian 0.00 0 -3.26 992.32 165.11 1043.49 255.32 1.76 0.58 0.82 8.32 1.44 14.44 -2.74 0.36
Pedestrian 0.00 0 -7.91 279.55 180.56 320.92 276.84 1.77 0.69 0.60 -5.77 1.76 13.64 -8.31 0.35
Pedestrian 0.00 0 -8.57 1037.78 160.04 1088.06 242.20 1.77 0.70 0.62 10.11 1.31 15.81 -8.01 0.33
Car 0.00 0 -7.98 568.13 178.97 596.69 202.91 1.79 1.69 4.16 -1.49 1.60 55.79 -8.01 0.31
Car 0.00 0 -7.98 254.22 185.31 322.14 234.47 1.50 1.63 3.76 -10.67 1.64 24.29 -8.39 0.23
Pedestrian 0.00 0 -5.59 488.49 178.27 497.31 199.88 1.76 0.60 0.43 -8.87 1.50 58.86 -5.73 0.22
Pedestrian 0.00 0 -5.00 626.92 181.75 660.83 258.87 1.72 0.57 0.79 0.93 1.73 16.45 -4.95 0.21
Car 0.00 0 -6.17 31.58 174.24 163.46 212.62 1.51 1.70 4.35 -20.92 1.22 30.02 -6.78 0.20
Car 0.00 0 -4.77 578.35 184.03 606.43 208.27 1.51 1.61 4.10 -0.63 1.69 47.39 -4.78 0.19
Pedestrian 0.00 0 -4.90 1218.12 139.26 1237.00 320.74 1.91 0.73 0.85 7.47 1.46 8.10 -4.15 0.19
Cyclist 0.00 0 -7.85 488.88 182.83 497.13 215.35 1.68 0.42 1.50 -5.75 1.76 38.04 -8.00 0.18
Car 0.00 0 -7.67 17.08 177.09 268.43 371.78 1.71 1.68 4.19 -5.13 1.68 8.58 -8.21 0.17
Cyclist 0.00 0 -8.08 675.32 181.05 705.73 245.39 1.72 0.50 1.59 2.43 1.71 20.01 -7.95 0.17
Car 0.00 0 -4.23 345.81 187.71 389.20 209.52 1.55 1.59 3.66 -17.59 2.04 54.23 -4.54 0.17
Pedestrian 0.00 0 -7.70 155.47 167.70 187.61 235.82 1.91 0.70 0.69 -12.33 1.52 20.56 -8.24 0.15
Pedestrian 0.00 0 -5.85 119.31 175.48 160.91 242.87 1.82 0.58 0.79 -12.72 1.66 19.78 -6.43 0.14
Car 0.00 0 -5.36 625.06 179.66 682.27 204.37 1.60 1.65 4.23 3.50 1.48 48.73 -5.29 0.14
Pedestrian 0.00 0 -4.98 734.50 191.69 764.42 256.29 1.36 0.50 0.57 3.15 1.58 15.50 -4.78 0.14
Car 0.00 0 -5.33 602.83 184.32 663.00 209.99 1.52 1.65 4.22 1.94 1.71 45.35 -5.29 0.13
Pedestrian 0.00 0 -5.11 973.35 148.49 1009.67 215.75 1.94 0.70 0.76 11.46 0.99 21.18 -4.62 0.13
Pedestrian 0.00 0 -4.43 148.67 189.32 191.42 266.04 1.77 0.71 0.68 -10.28 1.96 17.08 -4.97 0.12
Car 0.00 0 -8.02 575.31 181.76 617.05 212.31 1.59 1.66 3.91 -0.34 1.60 39.41 -8.03 0.11
Cyclist 0.00 0 -4.87 689.62 181.02 715.36 235.21 1.69 0.55 1.69 3.23 1.67 23.22 -4.74 0.11
Pedestrian 0.00 0 -3.39 586.21 183.99 603.75 220.92 1.70 0.62 0.68 -0.31 1.82 33.54 -3.40 0.10
Pedestrian 0.00 0 -4.91 724.15 167.97 754.18 239.09 1.96 0.65 0.98 3.85 1.59 20.28 -4.72 0.10
Pedestrian 0.00 0 -5.83 621.93 178.23 634.31 202.65 1.84 0.62 0.75 2.05 1.60 54.69 -5.79 0.10
