Car 0.00 0 -8.41 814.51 196.65 1241.00 374.00 1.48 1.65 3.76 2.88 1.72 5.23 -7.91 0.97
Car 0.00 0 -4.45 285.42 187.40 464.05 297.20 1.36 1.62 4.35 -3.61 1.64 11.73 -4.75 0.93
Car 0.00 0 -4.89 665.64 182.21 752.05 242.46 1.47 1.68 4.09 2.63 1.77 20.39 -4.77 0.92
Car 0.00 0 -4.53 439.72 175.80 520.19 240.17 1.59 1.56 3.55 -3.51 1.68 19.75 -4.71 0.91
Car 0.00 0 -7.98 650.53 183.25 700.12 220.93 1.38 1.54 3.62 2.54 1.83 29.23 -7.89 0.84
Car 0.00 0 -4.57 497.67 177.72 550.18 217.77 1.48 1.57 3.90 -3.44 1.69 29.07 -4.69 0.81
Car 0.00 0 -4.88 634.54 178.31 675.71 209.51 1.60 1.62 3.99 2.40 1.91 39.73 -4.82 0.57
Car 0.00 0 -4.55 530.67 178.97 566.46 206.23 1.43 1.46 3.52 -3.44 1.79 40.47 -4.64 0.33
Car 0.00 0 -7.94 631.77 178.77 658.68 202.98 1.45 1.43 3.30 2.17 1.84 45.77 -7.89 0.25
Pedestrian 0.00 0 -7.78 1048.37 149.80 1074.34 207.51 1.81 0.66 0.63 14.38 1.09 23.06 -7.23 0.22
Cyclist 0.00 0 -7.51 384.02 172.65 414.68 227.11 1.71 0.44 1.63 -6.88 1.70 23.46 -7.80 0.20
Pedestrian 0.00 0 -8.53 1030.56 160.33 1061.21 218.41 1.81 0.58 0.60 13.71 1.42 22.78 -7.99 0.17
Pedestrian 0.00 0 -4.82 441.22 164.56 458.16 209.63 1.99 0.67 0.71 -7.21 1.62 32.28 -5.04 0.16
Pedestrian 0.00 0 -8.34 1065.96 169.51 1097.82 229.88 1.74 0.67 0.40 13.69 1.64 21.01 -7.76 0.14
Pedestrian 0.00 0 -3.56 1066.98 158.63 1161.55 324.07 1.82 0.75 0.65 5.78 1.67 8.38 -2.95 0.13
Cyclist 0.00 0 -8.46 772.12 170.33 802.46 207.71 1.65 0.47 1.66 7.99 1.54 32.75 -8.22 0.13
Pedestrian 0.00 0 -4.72 790.74 161.43 811.35 220.08 1.99 0.68 0.80 6.55 1.60 24.90 -4.46 0.12
Pedestrian 0.00 0 -4.21 1171.30 140.61 1241.00 358.03 1.91 0.60 0.91 5.86 1.63 6.79 -3.49 0.12
Pedestrian 0.00 0 -8.28 1063.63 142.87 1092.14 195.02 1.79 0.65 0.59 16.25 0.76 25.14 -7.71 0.11
Pedestrian 0.00 0 -3.93 822.49 162.36 852.18 217.96 2.07 0.68 0.85 8.59 1.68 27.40 -3.63 0.11
Pedestrian 0.00 0 -5.09 858.66 198.13 881.45 255.11 1.27 0.38 0.37 5.86 1.85 16.39 -4.75 0.11
