Pedestrian 0.00 0 -8.01 543.38 145.52 638.83 369.00 1.84 0.67 0.97 -0.20 1.56 6.13 -8.04 0.90
Car 0.00 0 -8.75 1092.51 190.15 1223.00 369.00 1.50 1.57 3.37 5.00 1.58 4.42 -7.90 0.27
Pedestrian 0.00 0 -5.18 836.15 169.07 872.02 235.06 1.62 0.58 0.74 6.22 1.34 17.78 -4.84 0.24
Pedestrian 0.00 0 -5.14 980.76 224.01 1079.55 369.00 1.22 0.38 0.69 3.14 1.57 5.35 -4.61 0.23
Pedestrian 0.00 0 -4.02 848.17 154.76 910.67 267.94 1.84 0.66 0.75 4.59 1.42 11.94 -3.65 0.22
Car 0.00 0 -7.78 664.36 142.64 697.50 171.39 1.54 1.67 3.70 4.45 -0.55 41.18 -7.68 0.20
Pedestrian 0.00 0 -8.33 584.76 165.35 622.42 236.35 1.72 0.67 0.75 -0.08 1.36 17.63 -8.34 0.15
Pedestrian 0.00 0 -7.97 64.52 177.94 93.47 233.77 1.58 0.59 0.73 -15.27 1.51 20.47 -8.61 0.15
Pedestrian 0.00 0 -7.98 547.01 160.67 576.18 236.18 1.84 0.64 0.69 -1.13 1.36 17.63 -8.04 0.14
Pedestrian 0.00 0 -8.93 1120.94 149.32 1202.17 265.74 1.82 0.64 0.84 9.05 1.33 11.56 -8.27 0.13
Pedestrian 0.00 0 -4.87 1079.02 150.29 1134.71 264.27 1.79 0.62 0.80 8.19 1.32 11.62 -4.26 0.11
Cyclist 0.00 0 -4.88 700.00 165.63 720.87 211.94 1.72 0.54 1.50 4.00 1.17 27.07 -4.73 0.11
Pedestrian 0.00 0 -3.90 1005.82 153.68 1077.31 265.45 1.78 0.58 0.83 7.14 1.36 11.64 -3.35 0.10
