Car 0.00 0 -8.07 692.33 185.78 791.57 256.20 1.43 1.56 3.45 2.95 1.77 17.04 -7.90 0.96
Car 0.00 0 -2.49 0.00 185.19 199.34 357.73 1.50 1.57 3.73 -6.55 1.64 7.32 -3.22 0.94
Car 0.00 0 -2.64 78.57 182.29 362.18 277.35 1.45 1.57 3.88 -6.39 1.62 12.01 -3.13 0.94
Car 0.00 0 -8.59 922.96 188.01 1241.00 374.00 1.60 1.64 3.85 3.09 1.72 3.44 -7.85 0.93
Car 0.00 0 -2.97 321.51 177.28 464.40 234.19 1.61 1.69 3.87 -6.46 1.75 21.65 -3.25 0.93
Car 0.00 0 -5.72 0.00 182.78 325.24 306.41 1.47 1.59 4.31 -6.30 1.62 9.56 -6.30 0.86
Car 0.00 0 -3.33 748.94 182.72 874.69 228.59 1.46 1.66 3.85 6.69 1.81 24.39 -3.06 0.85
Car 0.00 0 -5.90 259.33 172.62 447.33 247.92 1.66 1.55 3.81 -5.93 1.66 16.77 -6.24 0.82
Car 0.00 0 -5.86 173.45 180.68 418.84 258.90 1.46 1.59 4.22 -6.19 1.62 14.42 -6.27 0.81
Car 0.00 0 -3.10 473.03 173.11 545.84 202.88 1.84 1.76 4.48 -6.34 1.85 45.63 -3.24 0.76
Car 0.00 0 -3.33 695.05 175.94 794.42 212.78 1.72 1.72 4.44 6.38 1.87 34.67 -3.15 0.68
Car 0.00 0 -3.00 445.33 175.52 528.34 207.02 1.72 1.75 4.39 -6.90 1.87 40.50 -3.17 0.67
Car 0.00 0 -6.53 732.08 180.12 846.67 223.46 1.55 1.63 3.87 6.60 1.83 26.96 -6.29 0.64
Car 0.00 0 -6.03 393.14 172.22 501.85 215.00 1.78 1.68 4.25 -6.94 1.75 30.87 -6.25 0.56
Pedestrian 0.00 0 -5.27 950.36 158.91 1030.14 284.55 1.98 0.72 1.03 6.19 1.76 11.89 -4.79 0.56
Pedestrian 0.00 0 -7.63 995.36 173.28 1012.71 216.65 1.83 0.57 0.42 16.81 1.85 30.86 -7.13 0.31
Pedestrian 0.00 0 -4.91 1085.73 162.10 1111.51 222.42 1.99 0.60 0.66 16.34 1.63 24.21 -4.32 0.27
Pedestrian 0.00 0 -6.10 960.19 156.72 1010.81 237.74 2.07 0.66 1.09 9.87 1.66 19.06 -5.62 0.20
Car 0.00 0 -2.92 408.32 178.14 499.48 213.09 1.57 1.60 3.88 -7.24 1.82 33.49 -3.13 0.19
Pedestrian 0.00 0 -4.61 1104.71 145.18 1174.78 296.43 2.03 0.73 0.85 7.49 1.66 10.26 -3.98 0.17
Pedestrian 0.00 0 -5.61 137.65 155.78 158.69 215.08 1.88 0.52 0.31 -14.88 1.34 23.17 -6.18 0.17
Pedestrian 0.00 0 -4.17 989.13 169.34 1004.09 203.91 1.88 0.53 0.52 21.18 1.69 39.59 -3.67 0.16
Car 0.00 0 -7.92 637.97 176.31 670.35 204.93 1.67 1.71 4.38 2.67 1.90 44.91 -7.86 0.15
Pedestrian 0.00 0 -6.78 232.10 167.32 256.52 238.00 1.79 0.57 0.33 -9.48 1.65 18.61 -7.25 0.13
Pedestrian 0.00 0 -5.08 904.11 173.28 950.15 263.18 1.73 0.59 0.79 6.21 1.74 14.28 -4.67 0.12
Cyclist 0.00 0 -8.10 1102.69 173.07 1151.10 258.41 1.74 0.45 1.69 11.06 1.74 15.55 -7.48 0.11
Car 0.00 0 -6.07 374.88 179.69 481.16 220.41 1.55 1.56 3.85 -7.21 1.83 28.67 -6.32 0.11
Pedestrian 0.00 0 -3.59 1081.71 159.86 1098.58 196.59 1.93 0.58 0.55 25.47 1.25 38.33 -3.00 0.11
