Car 0.00 0 -3.21 973.23 181.42 1176.19 243.98 1.43 1.64 4.27 11.78 1.67 18.71 -2.65 0.91
Car 0.00 0 -7.04 708.30 193.46 782.59 229.71 1.59 1.52 3.43 6.53 2.63 34.92 -6.85 0.78
Car 0.00 0 -7.98 625.86 177.97 669.50 217.22 2.07 1.92 4.57 2.04 2.38 41.06 -7.93 0.51
Pedestrian 0.00 0 -6.93 756.39 187.81 778.01 223.04 1.81 0.82 0.78 8.25 2.61 38.05 -6.71 0.44
Cyclist 0.00 0 -8.70 794.19 184.77 829.98 224.03 1.72 0.39 1.75 9.15 2.27 32.88 -8.43 0.43
Car 0.00 0 -7.18 292.70 189.55 360.64 216.21 1.45 1.74 4.00 -17.25 2.52 44.03 -7.55 0.39
Pedestrian 0.00 0 -8.02 1012.36 174.48 1036.74 231.41 1.72 0.56 0.57 12.67 1.77 22.13 -7.50 0.24
Car 0.00 0 -7.48 550.42 179.12 585.36 200.27 1.72 1.76 3.75 -3.61 2.28 62.11 -7.54 0.22
Pedestrian 0.00 0 -4.35 1180.37 128.14 1241.00 365.94 1.85 0.68 0.88 5.41 1.51 6.13 -3.63 0.18
Car 0.00 0 -7.42 963.97 178.31 1217.09 303.13 1.46 1.52 3.87 6.84 1.55 10.26 -6.84 0.15
Pedestrian 0.00 0 -7.72 1145.08 149.47 1171.78 202.23 1.88 0.71 0.54 19.79 1.04 26.09 -7.08 0.15
Car 0.00 0 -2.85 765.21 179.27 885.60 231.64 1.71 1.70 3.79 7.61 1.96 25.74 -2.56 0.14
Car 0.00 0 -7.91 545.64 171.98 569.01 197.94 2.28 1.88 4.88 -4.87 2.21 65.98 -7.98 0.11
Car 0.00 0 -4.14 652.51 186.82 697.79 208.89 1.57 1.63 3.97 5.08 2.70 56.14 -4.05 0.11
