Car 0.00 0 -6.87 816.79 192.75 1241.00 353.12 1.51 1.64 3.90 4.44 1.76 8.01 -6.37 0.97
Car 0.00 0 -6.57 692.33 189.88 847.02 248.84 1.42 1.62 3.63 4.05 1.88 18.84 -6.36 0.92
Car 0.00 0 -5.74 0.00 175.07 199.79 315.72 1.58 1.61 3.90 -7.73 1.61 9.23 -6.43 0.83
Car 0.00 0 -2.62 0.00 185.76 282.12 283.86 1.45 1.57 3.77 -7.66 1.68 11.79 -3.19 0.82
Car 0.00 0 -2.85 248.23 182.04 400.00 241.56 1.53 1.61 3.55 -7.77 1.79 19.73 -3.23 0.79
Pedestrian 0.00 0 -4.03 931.52 179.66 954.79 224.83 1.86 0.67 0.58 13.92 2.15 30.24 -3.60 0.68
Car 0.00 0 -5.75 110.41 191.25 333.22 265.91 1.37 1.47 3.70 -7.74 1.76 14.48 -6.24 0.66
Car 0.00 0 -6.51 673.07 188.26 806.87 240.62 1.44 1.59 3.61 3.71 1.91 21.22 -6.33 0.56
Pedestrian 0.00 0 -3.96 1041.76 181.51 1070.26 227.54 1.88 0.71 0.72 18.52 2.24 30.04 -3.40 0.53
Cyclist 0.00 0 -6.74 813.50 181.25 864.78 227.98 1.79 0.69 1.80 8.94 2.13 28.31 -6.43 0.35
Pedestrian 0.00 0 -4.69 770.04 168.71 789.45 223.94 2.13 0.72 0.86 6.62 1.97 28.28 -4.46 0.32
Pedestrian 0.00 0 -4.06 1128.71 183.42 1154.53 228.11 2.03 0.67 0.71 24.54 2.52 33.37 -3.42 0.28
Cyclist 0.00 0 -8.94 1083.92 179.82 1184.01 258.56 1.67 0.62 1.75 11.78 1.83 16.35 -8.31 0.22
Cyclist 0.00 0 -8.05 1194.90 177.07 1229.28 235.08 1.76 0.50 1.83 19.11 1.90 22.98 -7.35 0.20
Cyclist 0.00 0 -4.81 238.17 173.16 259.40 224.63 1.70 0.50 1.56 -12.36 1.71 24.59 -5.27 0.20
Pedestrian 0.00 0 -3.23 1045.69 168.58 1093.36 250.22 1.98 0.53 0.96 11.40 1.88 17.99 -2.67 0.20
Pedestrian 0.00 0 -7.90 1192.52 157.93 1236.61 250.89 1.99 0.71 0.99 13.38 1.67 16.05 -7.20 0.17
Pedestrian 0.00 0 -4.17 1000.44 174.08 1030.98 243.29 1.83 0.58 0.42 10.86 1.86 19.40 -3.66 0.16
Car 0.00 0 -7.83 974.80 195.84 1008.29 227.09 1.45 1.51 3.99 20.41 2.74 38.59 -7.35 0.15
Pedestrian 0.00 0 -5.09 1135.91 199.73 1178.30 271.42 1.35 0.46 0.66 10.74 1.90 14.25 -4.44 0.15
Car 0.00 0 -7.91 523.04 183.55 573.06 229.04 1.52 1.62 4.02 -2.45 1.96 27.25 -8.00 0.14
Car 0.00 0 -7.35 489.19 182.32 550.57 211.05 1.53 1.75 4.20 -5.24 2.12 42.22 -7.47 0.14
Pedestrian 0.00 0 -8.61 1190.66 179.33 1204.24 222.80 1.89 0.45 0.20 25.61 2.17 31.50 -7.93 0.14
Cyclist 0.00 0 -3.57 960.32 183.53 1017.91 233.34 1.70 0.61 1.67 13.15 2.08 25.13 -3.08 0.13
Car 0.00 0 -7.12 832.16 190.56 910.01 226.68 1.53 1.57 3.32 12.08 2.39 33.48 -6.77 0.13
Car 0.00 0 -5.11 1010.05 185.51 1056.13 210.03 1.64 1.52 3.78 30.48 2.58 52.13 -4.58 0.12
Pedestrian 0.00 0 -6.19 1138.58 188.81 1157.60 228.54 1.83 0.62 0.66 25.30 2.59 33.98 -5.55 0.12
Car 0.00 0 -6.77 1099.03 194.29 1229.29 233.67 1.50 1.65 3.98 22.85 2.43 29.94 -6.12 0.11
Cyclist 0.00 0 -7.37 1107.34 176.17 1151.12 226.33 1.94 0.71 1.67 20.56 2.07 28.63 -6.74 0.10
Pedestrian 0.00 0 -6.47 1216.25 170.37 1241.00 246.31 1.88 0.65 0.72 15.93 1.82 18.37 -5.76 0.10
Pedestrian 0.00 0 -2.70 686.05 171.78 713.03 228.44 1.89 0.71 0.68 3.00 1.85 24.55 -2.58 0.10
Car 0.00 0 -4.32 0.00 183.45 320.65 374.00 1.68 1.64 3.89 -2.31 1.75 2.90 -5.00 0.10
