Car 0.00 0 -4.44 370.73 179.55 436.00 215.93 1.45 1.65 4.34 -9.05 1.77 31.79 -4.72 0.87
Car 0.00 0 -7.97 580.40 176.87 610.61 199.83 1.46 1.61 3.82 -1.04 1.74 48.61 -7.99 0.73
Cyclist 0.00 0 -6.73 827.84 154.88 861.56 185.21 1.75 0.65 1.76 13.68 0.71 42.17 -6.41 0.39
Pedestrian 0.00 0 -3.67 1078.98 121.82 1191.23 271.10 1.84 0.71 0.94 6.66 1.21 9.26 -3.05 0.16
Cyclist 0.00 0 -8.20 1087.47 159.25 1136.15 224.81 1.62 0.47 1.76 12.99 1.29 18.79 -7.59 0.14
Cyclist 0.00 0 -6.71 963.21 151.15 1018.54 203.74 1.87 0.56 1.68 13.67 1.10 25.99 -6.23 0.14
Car 0.00 0 -7.82 472.13 178.05 523.22 225.97 1.55 1.66 4.26 -4.03 1.76 26.08 -7.97 0.14
Cyclist 0.00 0 -8.00 713.46 166.90 728.07 203.94 1.74 0.44 1.68 5.27 1.46 34.65 -7.85 0.13
Pedestrian 0.00 0 -5.92 840.00 153.18 877.95 229.24 1.85 0.61 0.73 6.18 1.38 18.06 -5.59 0.12
Car 0.00 0 -4.74 626.71 173.07 644.79 190.41 1.57 1.58 3.70 2.35 1.59 67.11 -4.70 0.12
Pedestrian 0.00 0 -3.74 1132.09 134.69 1241.00 307.13 1.70 0.61 0.76 5.93 1.32 7.44 -3.07 0.11
Pedestrian 0.00 0 -7.44 1072.24 148.03 1097.73 197.43 1.93 0.70 0.50 18.76 0.96 28.57 -6.86 0.11
