Pedestrian 0.00 0 -5.08 1017.83 156.59 1142.10 361.22 1.73 0.72 0.75 4.25 1.52 6.51 -4.50 0.74
Pedestrian 0.00 0 -5.79 652.66 170.59 689.57 221.80 1.62 0.74 0.95 2.23 1.27 23.23 -5.69 0.71
Pedestrian 0.00 0 -4.92 625.40 166.17 644.87 213.13 1.82 0.60 0.85 1.30 1.22 28.24 -4.87 0.67
Pedestrian 0.00 0 -4.04 331.62 159.82 404.28 290.68 1.82 0.67 0.77 -3.43 1.52 10.45 -4.36 0.58
Pedestrian 0.00 0 -7.96 653.81 166.74 668.35 199.46 1.75 0.70 0.80 3.22 0.96 38.81 -7.87 0.52
Pedestrian 0.00 0 -4.34 505.52 173.09 537.92 230.82 1.59 0.65 0.82 -2.27 1.36 20.23 -4.45 0.47
Cyclist 0.00 0 -4.53 564.24 169.45 587.13 217.10 1.68 0.53 1.70 -0.95 1.26 26.18 -4.56 0.44
Pedestrian 0.00 0 -7.70 582.16 171.94 600.79 212.38 1.63 0.65 0.80 -0.42 1.24 29.36 -7.71 0.38
Pedestrian 0.00 0 -8.07 619.95 164.25 633.52 199.77 1.89 0.61 0.61 1.36 0.97 38.66 -8.04 0.37
Cyclist 0.00 0 -7.98 701.52 168.72 716.81 209.09 1.65 0.43 1.62 4.49 1.13 30.12 -7.83 0.37
Pedestrian 0.00 0 -7.79 233.61 186.78 289.48 296.15 1.46 0.67 0.70 -4.79 1.54 10.07 -8.23 0.36
Cyclist 0.00 0 -7.62 388.18 163.59 429.56 243.50 1.81 0.57 1.69 -4.59 1.40 17.08 -7.88 0.35
Pedestrian 0.00 0 -5.25 646.39 165.27 661.37 197.06 1.92 0.60 0.77 3.20 0.94 43.81 -5.18 0.32
Pedestrian 0.00 0 -5.34 184.22 138.63 335.02 373.00 1.91 0.63 1.00 -2.82 1.60 5.81 -5.79 0.25
Cyclist 0.00 0 -7.84 715.29 164.65 727.45 226.48 1.74 0.33 1.70 3.50 1.27 21.09 -7.67 0.24
Car 0.00 0 -4.53 511.88 179.83 573.93 221.65 1.37 1.53 3.85 -2.02 1.32 25.52 -4.61 0.23
Pedestrian 0.00 0 -5.15 635.99 163.36 645.70 197.93 1.91 0.50 0.21 2.19 0.91 39.86 -5.10 0.20
Car 0.00 0 -7.67 371.15 178.93 450.19 231.36 1.43 1.61 3.76 -5.63 1.36 21.50 -7.92 0.20
Car 0.00 0 -7.11 0.00 187.55 29.18 274.38 1.43 1.59 3.77 -13.49 1.57 14.03 -7.87 0.19
Car 0.00 0 -4.41 0.00 196.49 116.83 373.00 1.42 1.67 4.29 -6.93 1.64 8.04 -5.12 0.17
Pedestrian 0.00 0 -7.62 448.08 175.14 477.94 229.24 1.53 0.70 0.72 -4.00 1.35 20.66 -7.81 0.17
Pedestrian 0.00 0 -7.91 311.91 175.15 353.68 265.87 1.58 0.66 0.72 -4.91 1.47 12.99 -8.27 0.16
Car 0.00 0 -7.87 611.70 162.47 632.24 182.39 1.58 1.61 3.91 1.68 0.07 58.95 -7.84 0.13
Car 0.00 0 -7.66 513.73 178.13 568.88 215.19 1.41 1.55 3.73 -2.40 1.28 29.24 -7.74 0.12
Pedestrian 0.00 0 -4.00 707.49 162.12 724.79 196.34 1.94 0.63 0.77 6.58 0.84 41.19 -3.84 0.11
Car 0.00 0 -7.73 290.85 170.86 400.61 260.04 1.66 1.69 4.33 -5.43 1.46 15.63 -8.06 0.10
