Car 0.00 0 -2.77 318.58 179.00 433.52 223.04 1.50 1.58 3.57 -8.33 1.73 25.73 -3.08 0.95
Car 0.00 0 -4.92 693.15 169.67 740.01 203.18 1.72 1.71 3.95 5.67 1.56 39.02 -4.78 0.88
Car 0.00 0 -8.55 870.88 195.87 1241.00 374.00 1.51 1.67 4.17 2.68 1.68 3.19 -7.85 0.87
Car 0.00 0 -4.63 556.71 175.98 590.50 204.84 1.52 1.59 3.69 -2.02 1.70 40.27 -4.68 0.84
Cyclist 0.00 0 -7.45 421.52 178.57 445.17 219.01 1.58 0.36 1.54 -7.18 1.82 29.20 -7.69 0.22
Pedestrian 0.00 0 -8.20 517.81 176.44 533.91 210.62 1.61 0.56 0.70 -4.06 1.78 34.45 -8.32 0.19
Pedestrian 0.00 0 -5.82 138.50 157.10 205.91 276.15 1.96 0.68 0.76 -7.48 1.70 12.27 -6.36 0.18
Pedestrian 0.00 0 -7.87 806.66 167.02 823.50 215.19 1.84 0.61 0.63 7.88 1.62 27.90 -7.59 0.15
Car 0.00 0 -4.44 497.59 179.41 543.69 208.19 1.41 1.53 3.45 -4.69 1.77 37.96 -4.56 0.14
Pedestrian 0.00 0 -2.67 492.43 178.38 514.71 218.46 1.56 0.61 0.67 -4.26 1.78 28.59 -2.82 0.11
Pedestrian 0.00 0 -5.86 0.00 135.33 11.19 328.16 2.03 0.67 0.96 -7.50 1.64 8.08 -6.60 0.11
