Car 0.00 0 -7.22 491.11 174.89 577.17 213.60 1.44 1.57 3.64 -2.64 1.20 28.71 -7.31 0.95
Car 0.00 0 -6.53 230.06 178.03 393.94 231.98 1.51 1.70 4.40 -8.87 1.42 22.11 -6.91 0.90
Car 0.00 0 -7.77 574.96 170.14 603.75 194.09 1.55 1.64 3.59 -0.77 0.82 48.35 -7.79 0.75
Car 0.00 0 -4.35 329.46 176.36 384.25 205.16 1.45 1.53 3.68 -12.86 1.19 37.97 -4.68 0.53
Car 0.00 0 -5.66 132.52 180.90 257.49 220.65 1.53 1.66 4.17 -16.25 1.51 28.77 -6.18 0.35
Car 0.00 0 -7.69 556.88 171.62 584.03 191.43 1.53 1.58 3.69 -2.42 0.77 57.40 -7.73 0.34
Pedestrian 0.00 0 -8.15 378.77 173.30 399.47 215.36 1.68 0.66 0.58 -8.63 1.35 29.14 -8.44 0.18
Car 0.00 0 -7.78 606.20 168.39 629.17 189.72 1.78 1.68 4.25 1.47 0.69 62.32 -7.75 0.15
Pedestrian 0.00 0 -3.39 1016.94 145.51 1086.23 265.69 1.72 0.59 0.74 6.61 1.20 10.64 -2.83 0.14
Pedestrian 0.00 0 -6.07 402.75 173.91 410.44 194.24 1.69 0.69 0.48 -16.30 1.06 60.19 -6.33 0.14
Car 0.00 0 -8.34 959.84 126.78 1047.53 166.77 1.52 1.64 3.84 17.05 -0.67 30.68 -7.84 0.13
Pedestrian 0.00 0 -5.73 816.39 131.95 928.27 325.39 1.84 0.51 0.95 2.71 1.37 7.36 -5.38 0.12
Pedestrian 0.00 0 -6.17 280.07 170.65 287.59 207.49 1.85 0.47 0.30 -16.09 1.31 36.38 -6.59 0.12
Car 0.00 0 -8.34 1082.09 126.44 1169.60 163.29 1.51 1.67 3.92 24.39 -0.90 33.59 -7.71 0.11
Pedestrian 0.00 0 -8.44 669.23 170.14 688.78 210.80 1.68 0.66 0.48 3.23 1.21 30.06 -8.33 0.11
Cyclist 0.00 0 -8.30 957.04 140.10 975.76 167.37 1.69 0.40 1.64 23.46 -0.92 46.18 -7.83 0.11
Pedestrian 0.00 0 -4.02 701.53 161.67 716.70 198.64 1.83 0.53 0.54 5.38 0.85 35.91 -3.88 0.10
