Car 0.00 0 -7.80 457.86 186.86 503.34 228.34 1.45 1.58 3.26 -5.01 2.02 28.02 -7.98 0.96
Car 0.00 0 -2.97 222.33 179.82 377.26 241.68 1.73 1.81 4.05 -9.28 1.95 21.80 -3.37 0.92
Car 0.00 0 -4.61 477.35 182.03 519.29 218.09 1.58 1.59 4.02 -5.34 2.04 34.64 -4.76 0.71
Pedestrian 0.00 0 -6.79 362.23 183.76 381.05 244.17 1.69 0.50 0.30 -6.82 2.00 20.51 -7.11 0.46
Pedestrian 0.00 0 -5.82 78.11 182.30 166.77 323.57 1.77 0.52 0.81 -6.37 1.89 9.38 -6.42 0.42
Pedestrian 0.00 0 -5.02 722.65 174.01 750.61 239.62 1.69 0.54 0.70 3.28 1.72 19.00 -4.85 0.36
Pedestrian 0.00 0 -6.45 186.76 180.74 249.33 292.53 1.77 0.59 0.82 -6.55 1.90 11.95 -6.95 0.36
Pedestrian 0.00 0 -5.73 310.35 178.67 352.78 257.24 1.83 0.55 0.77 -6.67 1.97 17.16 -6.10 0.31
Cyclist 0.00 0 -7.71 268.75 180.86 303.24 272.89 1.76 0.42 1.71 -6.68 1.93 14.80 -8.14 0.29
Pedestrian 0.00 0 -5.04 1008.60 165.24 1047.48 240.06 1.73 0.59 0.73 9.83 1.55 17.08 -4.52 0.28
Pedestrian 0.00 0 -7.46 199.24 174.26 226.44 227.01 1.91 0.64 0.75 -14.64 1.96 26.54 -7.97 0.25
Pedestrian 0.00 0 -7.51 122.95 175.50 144.97 230.37 1.81 0.51 0.41 -15.94 1.90 24.10 -8.09 0.24
Car 0.00 0 -4.55 338.20 186.93 395.15 229.41 1.53 1.60 3.70 -9.82 2.14 29.22 -4.87 0.23
Pedestrian 0.00 0 -8.40 425.56 184.73 445.11 219.43 1.58 0.56 0.77 -8.16 2.14 33.55 -8.64 0.20
Pedestrian 0.00 0 -4.62 633.37 174.75 648.02 211.29 1.85 0.68 0.80 1.54 1.95 37.00 -4.58 0.18
Pedestrian 0.00 0 -5.56 155.19 173.77 197.86 242.65 1.92 0.64 0.82 -12.39 1.95 20.56 -6.10 0.18
Pedestrian 0.00 0 -3.88 800.11 178.20 834.33 245.37 1.57 0.57 0.54 4.91 1.70 17.27 -3.60 0.17
Pedestrian 0.00 0 -5.02 926.42 161.31 964.32 239.57 1.80 0.59 0.81 7.86 1.54 17.05 -4.59 0.16
Car 0.00 0 -7.73 499.90 176.76 525.28 196.68 1.60 1.64 3.87 -8.18 1.94 60.68 -7.86 0.15
Pedestrian 0.00 0 -7.57 813.55 170.85 849.11 247.90 1.63 0.61 0.53 4.74 1.58 15.61 -7.27 0.14
Pedestrian 0.00 0 -7.83 835.70 161.68 863.50 234.10 1.89 0.69 0.78 6.37 1.60 19.32 -7.51 0.13
Pedestrian 0.00 0 -4.40 36.13 161.11 99.45 268.98 2.03 0.72 1.03 -10.71 1.81 14.21 -5.05 0.13
Pedestrian 0.00 0 -4.90 367.89 179.88 383.61 221.25 1.77 0.58 0.40 -10.19 2.08 31.26 -5.22 0.13
Pedestrian 0.00 0 -4.92 767.05 176.81 796.09 244.35 1.59 0.55 0.67 4.07 1.68 17.33 -4.69 0.12
Pedestrian 0.00 0 -3.70 638.63 170.18 660.29 212.22 1.93 0.61 0.80 1.79 1.80 33.52 -3.64 0.12
Pedestrian 0.00 0 -5.06 897.46 162.71 935.61 239.80 1.78 0.59 0.82 7.21 1.55 17.12 -4.66 0.12
Car 0.00 0 -4.67 443.16 176.11 461.83 193.82 1.61 1.57 4.19 -14.92 1.92 68.41 -4.89 0.12
Pedestrian 0.00 0 -5.87 18.40 165.80 77.67 257.61 2.00 0.61 0.87 -12.58 1.84 16.11 -6.54 0.12
Pedestrian 0.00 0 -4.19 747.47 176.47 780.99 247.81 1.59 0.50 0.64 3.48 1.67 16.52 -3.98 0.11
Car 0.00 0 -4.62 494.12 178.29 522.10 200.69 1.55 1.67 4.34 -7.51 1.97 53.28 -4.76 0.11
Pedestrian 0.00 0 -7.70 419.87 179.81 436.12 219.77 1.75 0.61 0.65 -8.14 2.07 32.11 -7.95 0.11
