Car 0.00 0 -4.51 403.33 183.28 481.24 239.62 1.53 1.59 3.80 -5.10 1.87 22.17 -4.73 0.96
Car 0.00 0 -8.01 670.06 176.26 752.96 242.16 1.54 1.59 3.58 2.50 1.64 18.83 -7.87 0.95
Car 0.00 0 -8.55 900.41 176.40 1241.00 374.00 1.58 1.59 3.41 2.65 1.60 3.09 -7.84 0.95
Car 0.00 0 -7.36 0.00 182.61 350.88 374.00 1.65 1.68 4.07 -4.57 1.79 8.27 -7.87 0.93
Car 0.00 0 -4.57 486.12 182.23 528.48 212.89 1.47 1.62 4.23 -5.40 2.00 38.10 -4.71 0.82
Cyclist 0.00 0 -4.28 537.69 176.56 560.85 208.93 1.75 0.59 1.80 -3.41 1.97 40.27 -4.36 0.49
Pedestrian 0.00 0 -5.55 403.44 180.95 425.31 220.35 1.68 0.57 0.73 -8.57 2.04 31.44 -5.82 0.36
Car 0.00 0 -4.48 526.58 178.00 557.13 198.48 1.53 1.55 3.80 -5.35 1.95 56.79 -4.57 0.33
Pedestrian 0.00 0 -4.82 904.00 121.33 1002.57 369.29 1.93 0.66 0.94 2.85 1.53 6.18 -4.38 0.29
Car 0.00 0 -7.80 630.21 174.72 652.53 195.03 1.60 1.64 3.60 2.57 1.75 58.94 -7.76 0.28
Car 0.00 0 -4.46 473.33 182.99 516.32 208.97 1.49 1.66 4.27 -7.21 2.16 45.37 -4.62 0.17
Cyclist 0.00 0 -7.84 784.74 171.40 805.09 232.59 1.66 0.54 1.74 5.22 1.62 20.50 -7.59 0.16
Car 0.00 0 -5.27 550.09 178.69 596.64 200.92 1.49 1.55 3.73 -2.67 1.92 51.24 -5.33 0.13
Cyclist 0.00 0 -8.37 729.41 169.08 761.65 215.27 1.70 0.47 1.58 5.08 1.56 27.34 -8.19 0.12
Cyclist 0.00 0 -8.32 764.44 170.83 801.70 226.57 1.69 0.47 1.59 5.37 1.63 22.65 -8.08 0.12
Cyclist 0.00 0 -7.75 620.36 175.95 625.93 195.61 1.72 0.33 1.58 1.15 2.00 64.07 -7.73 0.11
Car 0.00 0 -8.22 844.38 164.80 998.43 253.98 1.63 1.64 3.91 6.29 1.48 15.18 -7.82 0.11
