Car 0.00 0 -8.08 589.80 182.96 657.02 231.37 1.47 1.56 3.35 0.34 1.84 24.46 -8.06 0.96
Car 0.00 0 -8.31 700.66 182.55 940.21 328.78 1.56 1.70 3.48 2.56 1.72 9.83 -8.06 0.95
Cyclist 0.00 0 -4.36 212.95 179.70 349.92 374.00 1.74 0.56 2.01 -3.16 1.81 7.04 -4.79 0.75
Car 0.00 0 -3.75 530.71 181.96 604.21 209.80 1.42 1.56 3.84 -2.34 1.94 39.67 -3.81 0.74
Car 0.00 0 -7.17 767.64 179.03 822.77 205.56 1.47 1.45 3.15 10.79 1.84 42.11 -6.92 0.72
Car 0.00 0 -7.10 646.58 180.41 726.06 212.89 1.50 1.64 4.03 3.83 1.90 36.16 -6.99 0.71
Car 0.00 0 -7.20 708.74 177.42 779.24 207.92 1.55 1.68 4.02 7.29 1.81 39.25 -7.02 0.70
Car 0.00 0 -7.78 911.20 177.72 950.73 207.28 1.46 1.62 4.18 17.13 1.73 38.49 -7.36 0.53
Car 0.00 0 -7.34 807.17 173.71 864.82 202.20 1.70 1.69 3.98 14.13 1.76 45.12 -7.03 0.35
Car 0.00 0 -4.44 887.29 175.13 929.98 199.18 1.66 1.74 4.45 21.73 1.83 52.49 -4.05 0.31
Car 0.00 0 -4.73 925.19 177.74 958.12 206.20 1.55 1.66 4.44 19.49 1.86 42.59 -4.30 0.23
Car 0.00 0 -4.45 623.29 178.65 665.00 205.13 1.52 1.56 4.01 2.12 1.89 44.40 -4.40 0.21
Car 0.00 0 -6.96 162.27 173.88 247.07 205.64 1.54 1.57 3.61 -20.78 1.60 37.07 -7.47 0.19
Pedestrian 0.00 0 -5.49 346.90 175.20 363.89 204.63 1.72 0.68 0.66 -15.12 1.86 42.75 -5.83 0.18
Cyclist 0.00 0 -5.41 447.15 176.52 474.13 207.20 1.78 0.55 1.78 -8.91 2.00 42.85 -5.61 0.14
Car 0.00 0 -4.53 749.38 178.70 842.76 246.01 1.54 1.65 4.35 5.01 1.71 19.19 -4.28 0.14
Car 0.00 0 -6.60 437.60 177.95 508.24 204.20 1.57 1.68 4.05 -8.65 1.90 45.42 -6.79 0.10
