Car 0.00 0 -4.44 305.43 189.92 465.39 302.51 1.48 1.54 3.65 -3.54 1.80 11.85 -4.73 0.95
Car 0.00 0 -3.30 397.48 183.53 489.45 218.16 1.54 1.66 4.09 -8.04 2.08 34.66 -3.53 0.92
Car 0.00 0 -4.90 511.00 183.08 550.94 210.86 1.49 1.61 3.91 -4.72 2.12 42.39 -5.01 0.61
Pedestrian 0.00 0 -4.57 65.37 163.10 131.41 314.12 1.90 0.60 0.89 -6.86 1.78 9.62 -5.18 0.40
Pedestrian 0.00 0 -4.80 876.86 140.04 937.96 289.49 1.96 0.70 0.99 4.06 1.53 10.04 -4.41 0.30
Car 0.00 0 -4.98 451.68 182.53 499.85 213.25 1.55 1.62 3.99 -7.51 2.12 39.92 -5.17 0.20
Car 0.00 0 -4.97 471.80 184.42 515.18 211.92 1.47 1.58 3.84 -6.93 2.19 42.43 -5.13 0.20
Pedestrian 0.00 0 -2.65 668.96 174.63 688.87 209.31 1.86 0.64 0.88 3.71 1.96 39.26 -2.56 0.16
Pedestrian 0.00 0 -8.18 749.50 169.19 784.81 240.29 1.80 0.63 0.92 4.02 1.70 18.72 -7.97 0.12
Pedestrian 0.00 0 -2.25 232.60 171.59 251.42 225.49 1.95 0.54 0.31 -13.51 1.90 26.41 -2.73 0.11
Pedestrian 0.00 0 -4.58 215.39 172.29 243.43 239.94 1.94 0.66 0.54 -11.13 1.92 21.03 -5.07 0.11
