Car 0.00 0 -8.13 716.61 171.46 914.87 309.64 1.69 1.69 4.28 2.78 1.67 10.96 -7.88 0.96
Car 0.00 0 -8.23 805.87 190.74 1225.41 374.00 1.52 1.57 3.50 2.71 1.71 5.84 -7.80 0.95
Car 0.00 0 -4.58 501.90 180.59 568.82 228.32 1.49 1.79 4.55 -2.58 1.79 25.56 -4.69 0.92
Car 0.00 0 -7.97 657.77 179.12 702.31 214.89 1.50 1.58 3.87 3.10 1.81 32.95 -7.88 0.68
Pedestrian 0.00 0 -8.04 234.32 181.06 280.34 276.15 1.63 0.65 0.52 -6.32 1.78 12.81 -8.49 0.56
Car 0.00 0 -7.94 649.57 177.68 686.26 208.06 1.53 1.60 4.08 3.04 1.80 38.97 -7.87 0.43
Car 0.00 0 -7.99 672.33 168.45 744.65 226.93 1.87 1.85 4.87 3.32 1.73 25.57 -7.86 0.41
Cyclist 0.00 0 -6.49 496.22 174.70 528.05 207.55 1.82 0.69 1.67 -5.54 1.92 40.55 -6.63 0.28
Pedestrian 0.00 0 -7.81 494.46 179.29 507.84 214.58 1.66 0.60 0.75 -5.22 1.97 34.39 -7.96 0.27
Pedestrian 0.00 0 -8.25 1080.54 184.32 1186.52 368.66 1.53 0.57 0.59 4.56 1.64 6.40 -7.63 0.24
Pedestrian 0.00 0 -4.25 458.45 183.43 480.20 225.19 1.51 0.55 0.66 -5.26 1.91 26.75 -4.44 0.17
Pedestrian 0.00 0 -2.17 187.28 190.75 248.73 298.70 1.52 0.50 0.69 -5.85 1.80 10.67 -2.67 0.16
Pedestrian 0.00 0 -4.32 307.81 189.08 341.69 260.87 1.44 0.52 0.44 -5.90 1.78 14.79 -4.70 0.15
Car 0.00 0 -8.15 789.82 169.53 892.08 244.05 1.78 1.54 3.68 5.92 1.70 19.04 -7.85 0.15
Cyclist 0.00 0 -7.30 502.63 177.33 526.98 210.60 1.68 0.54 1.51 -4.97 1.92 37.47 -7.43 0.14
