Pedestrian 0.00 0 -2.82 850.40 159.21 890.06 240.35 1.73 0.66 0.64 5.65 1.44 15.80 -2.48 0.37
Car 0.00 0 -3.78 0.00 240.87 162.08 374.00 1.49 1.55 3.69 -3.75 1.93 2.83 -4.71 0.26
Car 0.00 0 -7.94 775.39 171.35 893.82 268.55 1.49 1.65 4.05 3.88 1.46 13.18 -7.66 0.25
Pedestrian 0.00 0 -4.45 1180.70 137.89 1241.00 259.65 1.66 0.57 0.68 8.54 1.18 10.27 -3.76 0.19
Pedestrian 0.00 0 -8.43 765.67 153.71 806.71 234.67 1.86 0.61 0.79 4.10 1.42 17.01 -8.19 0.18
Pedestrian 0.00 0 -3.12 478.72 168.48 515.22 261.92 1.98 0.72 0.77 -2.51 1.89 15.73 -3.28 0.17
Pedestrian 0.00 0 -7.32 1047.18 143.37 1110.00 244.82 1.66 0.53 0.86 7.88 1.18 12.22 -6.75 0.16
Pedestrian 0.00 0 -7.40 1092.72 147.64 1156.21 251.04 1.65 0.55 0.83 8.45 1.25 11.93 -6.78 0.15
Pedestrian 0.00 0 -7.43 1175.15 147.07 1234.01 242.80 1.63 0.57 0.68 10.38 1.19 12.67 -6.75 0.13
Pedestrian 0.00 0 -4.18 970.80 147.08 1022.85 246.30 1.71 0.58 0.62 6.84 1.27 12.86 -3.69 0.11
Pedestrian 0.00 0 -3.89 758.46 148.65 839.76 297.11 1.84 0.59 0.85 2.40 1.54 9.38 -3.64 0.11
Pedestrian 0.00 0 -3.80 730.14 156.65 760.28 217.51 1.78 0.58 0.67 3.99 1.31 21.52 -3.62 0.10
