Car 0.00 0 -8.03 689.34 170.73 761.38 230.14 1.86 1.69 4.15 3.79 1.79 24.65 -7.88 0.97
Car 0.00 0 -8.07 717.53 181.59 812.71 246.38 1.45 1.62 3.69 3.82 1.70 18.54 -7.86 0.97
Car 0.00 0 -4.51 447.43 178.89 536.73 249.79 1.64 1.58 3.77 -3.03 1.82 18.97 -4.67 0.94
Car 0.00 0 -4.15 0.00 196.26 346.00 374.00 1.55 1.60 3.70 -3.56 1.79 5.58 -4.72 0.93
Car 0.00 0 -4.41 223.48 168.44 459.97 335.96 1.79 1.74 4.34 -3.37 1.74 9.89 -4.74 0.90
Car 0.00 0 -4.59 490.71 179.07 551.06 232.00 1.60 1.57 3.40 -2.93 1.82 23.90 -4.71 0.65
Car 0.00 0 -4.62 540.88 180.14 568.19 203.08 1.52 1.59 3.85 -3.92 2.06 51.10 -4.70 0.46
Pedestrian 0.00 0 -5.27 1241.70 159.13 1241.00 246.51 1.60 0.55 0.64 12.39 1.35 13.60 -4.53 0.24
Car 0.00 0 -4.59 509.78 183.08 554.58 218.99 1.41 1.50 3.68 -3.36 1.88 31.31 -4.70 0.23
Pedestrian 0.00 0 -4.73 442.72 173.07 462.33 224.39 1.80 0.67 0.89 -5.68 1.81 25.79 -4.94 0.19
Pedestrian 0.00 0 -5.34 0.00 171.82 75.44 348.89 1.68 0.56 0.58 -5.87 1.67 7.18 -6.02 0.18
Car 0.00 0 -7.64 486.87 168.95 513.21 186.79 1.65 1.63 4.18 -10.46 1.29 68.79 -7.79 0.17
Pedestrian 0.00 0 -7.38 929.94 171.85 962.04 237.91 1.53 0.49 0.56 7.91 1.51 17.09 -6.94 0.16
Car 0.00 0 -4.75 558.93 180.03 579.39 199.35 1.48 1.51 3.76 -3.37 2.09 58.74 -4.81 0.16
Pedestrian 0.00 0 -7.95 904.59 166.81 928.87 228.00 1.74 0.58 0.73 8.87 1.57 21.00 -7.55 0.15
Car 0.00 0 -4.09 21.68 196.05 305.01 311.33 1.38 1.63 4.37 -6.94 1.83 11.79 -4.62 0.13
Pedestrian 0.00 0 -4.20 225.56 168.19 270.81 253.60 1.93 0.62 0.82 -8.43 1.83 16.73 -4.67 0.11
Pedestrian 0.00 0 -7.58 490.06 175.76 499.97 204.65 1.86 0.53 0.47 -7.50 2.05 46.89 -7.74 0.11
