Pedestrian 0.00 0 -3.19 640.39 171.35 648.83 192.40 1.71 0.62 0.66 2.80 1.59 58.84 -3.14 0.39
Cyclist 0.00 0 -6.62 589.75 170.38 624.57 202.92 1.76 0.75 1.76 -0.19 1.62 39.61 -6.62 0.30
Cyclist 0.00 0 -8.02 714.52 171.36 722.07 190.84 1.57 0.37 1.50 8.81 1.45 58.88 -7.87 0.28
Car 0.00 0 -3.63 944.59 171.05 1005.46 193.71 1.72 1.69 3.84 28.08 1.58 55.63 -3.16 0.25
Car 0.00 0 -4.76 870.70 166.94 891.56 183.90 1.55 1.64 4.00 25.54 1.01 68.10 -4.40 0.15
Car 0.00 0 -4.69 801.86 170.10 820.45 186.81 1.54 1.62 3.95 19.14 1.29 68.62 -4.42 0.15
Car 0.00 0 -7.76 533.99 177.45 582.86 217.74 1.53 1.66 4.03 -2.11 1.73 29.82 -7.83 0.13
Pedestrian 0.00 0 -5.40 126.96 178.01 307.59 374.00 1.76 0.60 0.74 -2.35 1.80 4.25 -5.91 0.13
Car 0.00 0 -3.62 1239.00 172.35 1241.00 198.80 1.52 1.64 4.18 40.25 1.49 42.80 -2.86 0.13
Pedestrian 0.00 0 -2.90 671.75 166.75 689.39 206.44 1.89 0.58 0.73 3.36 1.60 34.77 -2.80 0.12
Pedestrian 0.00 0 -6.31 644.50 168.09 658.17 195.57 1.88 0.56 0.92 2.81 1.55 49.63 -6.25 0.12
Pedestrian 0.00 0 -3.46 146.73 180.60 195.65 289.74 1.55 0.54 0.47 -6.55 1.67 10.68 -4.01 0.10
