Car 0.00 0 -7.33 0.00 191.71 279.03 375.00 1.53 1.62 3.54 -4.82 1.61 7.10 -7.92 0.97
Car 0.00 0 -8.06 670.24 177.25 810.52 284.67 1.66 1.68 3.94 2.18 1.54 13.12 -7.90 0.97
Car 0.00 0 -7.87 538.21 181.04 581.08 221.30 1.55 1.66 3.52 -2.05 1.39 29.55 -7.94 0.96
Car 0.00 0 -7.68 388.14 186.64 461.76 235.90 1.39 1.58 3.96 -5.65 1.44 22.44 -7.93 0.96
Car 0.00 0 -7.62 297.95 189.30 414.15 263.89 1.43 1.59 3.73 -5.48 1.54 15.97 -7.95 0.93
Car 0.00 0 -7.98 576.53 180.65 603.11 201.65 1.57 1.62 3.50 -1.44 1.23 55.70 -8.01 0.82
Car 0.00 0 -7.70 528.59 184.00 566.96 211.41 1.41 1.57 3.39 -3.23 1.35 38.82 -7.79 0.69
Car 0.00 0 -7.70 417.28 180.52 476.20 220.38 1.56 1.77 4.64 -6.79 1.38 30.58 -7.92 0.69
Car 0.00 0 -7.67 462.00 181.06 500.24 206.84 1.46 1.56 3.79 -7.49 1.23 42.65 -7.84 0.51
Car 0.00 0 -7.58 361.18 171.35 411.83 202.22 1.60 1.56 4.28 -12.05 0.88 39.30 -7.88 0.50
Car 0.00 0 -4.68 476.84 178.06 501.31 201.64 1.63 1.63 3.89 -8.52 1.14 51.71 -4.85 0.41
Car 0.00 0 -4.64 413.60 178.64 439.99 200.64 1.55 1.59 4.02 -13.28 1.09 52.85 -4.89 0.33
Car 0.00 0 -7.57 327.36 184.01 391.69 223.24 1.48 1.55 3.45 -9.95 1.44 28.93 -7.91 0.28
Car 0.00 0 -7.47 169.45 172.08 311.18 246.91 1.82 1.79 4.84 -10.03 1.51 20.00 -7.93 0.25
Cyclist 0.00 0 -4.95 759.94 179.51 780.78 219.91 1.63 0.51 1.47 6.67 1.40 29.69 -4.73 0.17
Cyclist 0.00 0 -8.22 703.95 169.70 726.03 205.50 1.84 0.52 1.86 5.61 1.04 37.92 -8.07 0.16
Car 0.00 0 -7.18 0.00 182.62 141.08 302.66 1.54 1.64 4.13 -9.51 1.51 11.31 -7.88 0.12
Car 0.00 0 -7.66 397.53 191.48 496.80 258.53 1.37 1.55 3.85 -3.70 1.53 16.94 -7.87 0.10
Cyclist 0.00 0 -7.97 639.45 181.01 648.55 208.90 1.60 0.36 1.53 2.09 1.36 42.03 -7.92 0.10
Car 0.00 0 -4.60 436.90 175.82 459.49 193.96 1.58 1.58 3.89 -14.34 0.76 64.69 -4.82 0.10
