Car 0.00 0 -8.39 830.04 178.85 1241.00 374.00 1.53 1.63 3.84 2.99 1.59 5.26 -7.88 0.96
Car 0.00 0 -7.96 687.45 180.32 767.58 246.83 1.48 1.62 3.64 2.84 1.69 18.37 -7.80 0.94
Car 0.00 0 -7.30 0.00 188.90 354.42 374.00 1.62 1.66 4.26 -3.14 1.77 4.52 -7.91 0.90
Car 0.00 0 -7.85 631.97 175.15 663.43 208.45 1.91 1.82 4.52 2.26 2.06 44.08 -7.80 0.77
Car 0.00 0 -7.73 555.57 181.51 578.08 198.85 1.54 1.67 3.92 -4.07 2.38 68.17 -7.79 0.27
Cyclist 0.00 0 -8.57 1240.61 155.64 1241.00 374.00 1.62 0.49 1.59 5.91 1.50 5.80 -7.78 0.25
Car 0.00 0 -4.90 613.60 180.63 639.86 200.10 1.55 1.52 3.82 1.36 2.22 60.86 -4.88 0.23
Pedestrian 0.00 0 -4.28 187.07 169.99 226.59 253.88 1.98 0.60 0.68 -9.78 1.92 17.43 -4.79 0.23
Pedestrian 0.00 0 -3.73 869.89 155.27 927.98 250.37 1.85 0.66 0.86 5.72 1.51 14.44 -3.35 0.22
Car 0.00 0 -8.13 603.12 180.09 641.34 205.71 1.64 1.61 3.99 0.76 2.16 49.51 -8.11 0.13
Pedestrian 0.00 0 -6.41 1160.91 143.87 1238.66 263.52 1.79 0.62 0.87 9.13 1.35 11.26 -5.72 0.12
Pedestrian 0.00 0 -5.33 1077.05 139.49 1161.12 264.71 1.88 0.65 0.94 7.88 1.38 11.28 -4.72 0.11
Car 0.00 0 -4.68 353.93 181.74 401.37 229.76 1.63 1.57 3.98 -8.77 1.99 27.33 -4.99 0.11
Pedestrian 0.00 0 -4.18 68.58 167.59 123.06 253.46 2.00 0.65 1.00 -12.40 1.88 17.35 -4.80 0.10
