Car 0.00 0 -4.43 275.09 186.73 417.97 273.69 1.51 1.71 4.23 -5.45 1.85 15.37 -4.77 0.93
Car 0.00 0 -4.50 471.86 181.43 525.39 215.77 1.47 1.64 4.40 -5.24 1.90 34.22 -4.66 0.92
Car 0.00 0 -7.76 643.02 176.86 683.76 209.16 1.51 1.69 4.05 2.70 1.72 36.32 -7.69 0.91
Cyclist 0.00 0 -4.38 0.00 173.60 220.17 374.00 1.86 0.65 1.99 -2.98 1.86 4.27 -4.99 0.78
Cyclist 0.00 0 -4.62 452.78 175.20 483.08 251.21 1.78 0.57 1.77 -3.55 1.84 17.86 -4.81 0.74
Pedestrian 0.00 0 -8.26 723.00 165.63 751.36 224.87 1.85 0.61 0.83 4.01 1.63 23.06 -8.09 0.61
Car 0.00 0 -7.75 660.21 173.37 691.57 199.65 1.61 1.61 3.79 4.23 1.65 46.30 -7.66 0.43
Pedestrian 0.00 0 -3.34 1142.22 129.42 1241.00 347.46 1.79 0.52 1.05 5.35 1.43 6.39 -2.64 0.27
Cyclist 0.00 0 -4.23 0.00 185.24 114.33 374.00 1.81 0.59 2.00 -3.54 1.89 3.96 -4.96 0.26
Pedestrian 0.00 0 -3.44 296.21 173.73 328.73 237.64 1.86 0.57 0.76 -8.91 1.89 21.49 -3.83 0.15
Pedestrian 0.00 0 -4.82 1046.65 160.60 1075.81 229.12 1.80 0.59 0.68 12.04 1.47 19.34 -4.26 0.10
