Car 0.00 0 -7.97 632.02 179.90 678.96 214.90 1.45 1.64 4.24 1.98 1.80 33.02 -7.91 0.97
Car 0.00 0 -7.25 1208.80 179.51 1241.00 374.00 1.56 1.71 4.13 6.20 1.61 4.18 -6.27 0.97
Car 0.00 0 -2.73 97.25 178.22 360.86 269.03 1.55 1.64 4.00 -6.94 1.66 13.36 -3.21 0.96
Car 0.00 0 -6.84 901.47 185.42 1241.00 310.29 1.48 1.56 3.70 5.95 1.66 9.51 -6.28 0.94
Car 0.00 0 -2.45 0.00 181.74 260.95 321.81 1.53 1.61 3.99 -6.72 1.65 8.88 -3.10 0.94
Car 0.00 0 -6.80 863.65 185.73 1148.66 282.61 1.46 1.60 3.87 6.38 1.69 11.98 -6.31 0.93
Car 0.00 0 -6.66 746.20 186.64 933.84 248.34 1.38 1.54 4.04 5.43 1.73 17.42 -6.36 0.92
Car 0.00 0 -3.55 789.86 180.87 1040.78 261.30 1.51 1.61 4.40 5.99 1.68 14.59 -3.16 0.92
Car 0.00 0 -7.04 1027.63 182.73 1241.00 374.00 1.54 1.64 3.82 6.16 1.64 6.62 -6.29 0.90
Car 0.00 0 -2.37 0.00 190.07 165.30 374.00 1.46 1.60 4.10 -6.54 1.64 6.38 -3.17 0.89
Cyclist 0.00 0 -4.60 506.87 175.26 527.99 226.03 1.73 0.56 1.72 -3.31 1.82 25.58 -4.73 0.86
Car 0.00 0 -2.88 366.17 179.32 486.32 221.94 1.54 1.61 4.11 -6.90 1.79 27.18 -3.13 0.83
Car 0.00 0 -3.01 393.19 180.67 497.31 218.23 1.47 1.55 4.00 -6.75 1.81 29.66 -3.23 0.71
Car 0.00 0 -6.61 745.17 174.14 896.82 238.25 1.68 1.63 3.68 5.69 1.72 19.89 -6.33 0.69
Car 0.00 0 -8.12 609.98 176.93 647.25 200.23 1.47 1.56 3.64 1.17 1.75 48.07 -8.10 0.47
Pedestrian 0.00 0 -3.70 1168.09 160.64 1190.44 217.44 1.78 0.49 0.35 17.96 1.39 22.82 -3.03 0.39
Pedestrian 0.00 0 -5.07 1086.88 154.18 1124.81 215.99 1.78 0.70 0.77 14.56 1.25 21.27 -4.47 0.31
Pedestrian 0.00 0 -8.23 1075.43 162.21 1099.14 203.32 1.91 0.72 0.72 22.36 1.41 33.88 -7.64 0.30
Car 0.00 0 -6.83 736.40 173.84 830.83 210.85 1.63 1.65 3.94 7.94 1.68 33.20 -6.60 0.22
Car 0.00 0 -5.90 165.34 163.17 397.39 255.19 1.91 1.72 4.32 -7.14 1.71 15.90 -6.32 0.21
Pedestrian 0.00 0 -5.93 65.39 166.90 92.92 222.30 1.75 0.58 0.55 -17.09 1.56 23.17 -6.56 0.21
Pedestrian 0.00 0 -7.96 979.57 166.93 997.44 208.40 1.79 0.64 0.52 16.47 1.53 31.48 -7.48 0.21
Pedestrian 0.00 0 -7.72 1238.84 158.30 1241.00 202.59 1.96 0.73 0.54 28.65 1.31 32.31 -6.99 0.19
Pedestrian 0.00 0 -4.27 1027.60 156.06 1056.06 212.97 1.92 0.68 0.53 14.75 1.35 24.71 -3.74 0.18
Pedestrian 0.00 0 -7.56 707.81 176.84 721.99 206.06 1.66 0.65 0.65 5.99 1.89 41.45 -7.42 0.18
Pedestrian 0.00 0 -6.04 710.09 169.89 728.87 204.18 1.87 0.63 0.90 6.01 1.71 39.84 -5.89 0.16
Pedestrian 0.00 0 -7.03 135.42 157.27 165.74 212.63 1.89 0.65 0.60 -15.97 1.36 25.01 -7.59 0.15
Pedestrian 0.00 0 -4.82 938.46 158.07 954.10 197.20 1.92 0.64 0.61 16.62 1.19 35.74 -4.39 0.14
Pedestrian 0.00 0 -7.55 115.81 156.21 146.46 213.94 1.88 0.68 0.67 -15.88 1.34 23.87 -8.14 0.13
Car 0.00 0 -4.47 344.12 171.85 385.01 198.32 1.52 1.52 3.51 -14.67 1.46 43.17 -4.80 0.12
Car 0.00 0 -4.38 261.54 179.63 362.74 242.43 1.62 1.62 3.59 -8.52 1.83 20.84 -4.77 0.11
Car 0.00 0 -8.17 419.67 176.58 474.83 210.96 1.62 1.67 3.58 -8.27 1.81 36.29 -8.39 0.11
Cyclist 0.00 0 -8.12 666.01 177.56 676.26 199.24 1.54 0.36 1.48 4.41 1.89 52.47 -8.04 0.10
Pedestrian 0.00 0 -4.89 143.83 157.77 181.87 246.08 1.99 0.61 0.85 -10.47 1.65 16.81 -5.45 0.10
Pedestrian 0.00 0 -5.69 78.38 159.00 111.66 215.79 1.93 0.63 0.70 -17.76 1.46 24.82 -6.31 0.10
