Car 0.00 0 -7.14 0.00 198.96 247.19 375.00 1.51 1.65 4.26 -4.42 1.65 4.97 -7.87 0.95
Car 0.00 0 -7.86 621.66 176.61 695.02 245.19 1.59 1.71 3.71 1.24 1.39 18.60 -7.79 0.94
Car 0.00 0 -7.33 57.46 189.63 268.71 274.35 1.37 1.62 4.12 -8.38 1.47 13.95 -7.87 0.93
Car 0.00 0 -7.14 0.00 189.03 89.79 269.89 1.36 1.57 3.85 -12.42 1.44 14.17 -7.86 0.92
Car 0.00 0 -7.83 683.14 180.83 710.45 205.02 1.42 1.56 3.66 5.46 1.16 44.03 -7.70 0.81
Car 0.00 0 -4.56 456.69 178.21 507.67 214.92 1.45 1.58 3.76 -5.27 1.18 30.35 -4.73 0.64
Car 0.00 0 -4.07 0.00 187.45 72.87 217.13 1.46 1.81 4.18 -30.53 1.58 37.77 -4.75 0.64
Car 0.00 0 -7.64 480.10 177.35 525.49 207.72 1.48 1.56 3.70 -5.37 1.10 36.98 -7.78 0.51
Car 0.00 0 -4.56 112.41 181.38 156.90 209.23 1.50 1.56 3.72 -26.80 1.30 40.78 -5.14 0.29
Car 0.00 0 -7.36 126.13 156.58 275.82 223.71 1.81 1.88 4.77 -12.14 1.04 21.82 -7.86 0.28
Car 0.00 0 -4.54 747.61 184.97 774.39 201.23 1.44 1.77 3.88 14.06 1.42 65.85 -4.33 0.23
Pedestrian 0.00 0 -4.31 728.84 191.03 751.96 238.42 1.33 0.46 0.60 3.78 1.51 20.70 -4.13 0.13
Cyclist 0.00 0 -8.06 733.61 182.47 743.83 207.60 1.56 0.33 1.47 8.23 1.39 45.33 -7.88 0.13
