Car 0.00 0 -7.91 596.48 182.59 626.09 208.85 1.54 1.66 4.00 0.01 2.18 45.81 -7.91 0.78
Pedestrian 0.00 0 -7.66 1081.83 164.74 1184.62 332.56 1.63 0.74 0.72 5.39 1.55 7.51 -7.04 0.76
Pedestrian 0.00 0 -7.31 779.98 173.10 809.09 220.57 1.87 0.76 0.93 7.37 1.88 28.97 -7.06 0.67
Pedestrian 0.00 0 -3.45 964.33 170.97 1008.43 241.19 1.75 0.56 0.87 9.53 1.71 18.37 -2.97 0.26
Car 0.00 0 -4.58 464.88 180.61 507.00 214.47 1.66 1.67 4.18 -6.60 2.10 38.52 -4.75 0.25
Cyclist 0.00 0 -8.60 1010.06 143.86 1046.90 182.66 1.79 0.47 1.72 19.80 0.45 34.24 -8.07 0.17
Pedestrian 0.00 0 -5.07 947.93 169.76 978.40 232.54 1.79 0.59 0.69 10.21 1.70 20.96 -4.61 0.13
Car 0.00 0 -7.53 328.18 188.34 429.19 248.60 1.56 1.71 3.99 -6.87 2.07 21.72 -7.84 0.13
Car 0.00 0 -7.09 0.00 193.74 156.73 254.55 1.52 1.68 4.05 -15.89 2.20 21.58 -7.73 0.13
Car 0.00 0 -2.96 427.58 184.06 493.82 207.61 1.54 1.68 4.17 -10.11 2.31 48.93 -3.17 0.12
Pedestrian 0.00 0 -4.34 1105.94 155.80 1173.82 268.69 1.75 0.64 0.80 8.51 1.48 11.66 -3.71 0.11
Car 0.00 0 -7.62 412.50 187.23 472.73 230.00 1.53 1.58 3.48 -6.63 2.14 28.71 -7.85 0.10
