Car 0.00 0 -7.52 165.40 170.75 467.66 374.00 1.71 1.70 3.99 -2.82 1.69 7.83 -7.87 0.95
Car 0.00 0 -7.78 592.14 172.05 621.21 196.08 1.49 1.60 4.15 -0.21 1.44 46.80 -7.79 0.73
Car 0.00 0 -4.52 447.06 176.24 478.81 198.84 1.48 1.50 3.44 -10.05 1.71 49.33 -4.72 0.68
Pedestrian 0.00 0 -3.61 676.14 164.78 717.96 237.94 1.70 0.64 0.78 2.02 1.51 17.19 -3.49 0.52
Cyclist 0.00 0 -2.62 704.02 164.98 806.88 258.17 1.67 0.70 1.82 2.70 1.53 13.78 -2.43 0.48
Car 0.00 0 -4.45 311.85 182.48 380.96 223.59 1.38 1.51 3.81 -9.85 1.77 27.10 -4.80 0.46
Cyclist 0.00 0 -4.36 389.24 174.81 404.34 197.54 1.64 0.51 1.69 -15.66 1.78 52.92 -4.65 0.41
Cyclist 0.00 0 -2.20 0.00 183.34 27.80 254.37 1.71 0.61 1.81 -15.58 1.97 17.98 -2.91 0.35
Pedestrian 0.00 0 -3.24 676.62 165.58 691.63 194.94 1.93 0.58 0.93 4.86 1.45 47.65 -3.14 0.30
Pedestrian 0.00 0 -8.62 696.47 158.28 748.53 244.11 1.76 0.61 0.94 2.34 1.46 15.36 -8.47 0.27
Pedestrian 0.00 0 -6.38 721.76 157.30 762.99 238.41 1.80 0.66 0.86 2.94 1.45 16.35 -6.20 0.27
Pedestrian 0.00 0 -5.15 315.35 169.43 364.76 259.87 1.80 0.74 0.67 -5.62 1.74 14.89 -5.51 0.27
Cyclist 0.00 0 -7.46 211.17 180.35 238.77 221.72 1.61 0.41 1.58 -15.61 1.92 29.20 -7.95 0.23
Cyclist 0.00 0 -8.25 857.72 167.21 894.91 225.50 1.55 0.39 1.54 7.32 1.40 20.00 -7.90 0.22
Car 0.00 0 -2.59 312.18 181.27 460.07 229.43 1.43 1.64 4.31 -7.21 1.71 23.16 -2.90 0.20
Pedestrian 0.00 0 -7.02 1228.88 88.35 1241.00 374.00 1.88 0.63 0.96 3.71 1.51 3.50 -6.21 0.18
Cyclist 0.00 0 -3.60 248.62 175.26 287.10 212.43 1.68 0.59 1.51 -15.94 1.80 33.55 -4.05 0.17
Pedestrian 0.00 0 -5.68 1197.18 183.27 1241.00 273.41 1.22 0.33 0.49 8.54 1.37 10.08 -4.98 0.16
Car 0.00 0 -5.81 159.32 192.35 432.26 282.01 1.44 1.58 4.22 -5.55 1.81 12.90 -6.21 0.16
Cyclist 0.00 0 -4.76 726.84 169.86 734.08 194.87 1.63 0.40 1.63 7.96 1.44 47.86 -4.59 0.16
Pedestrian 0.00 0 -7.61 232.89 178.72 254.37 217.25 1.61 0.66 0.75 -15.68 1.87 30.81 -8.08 0.16
Pedestrian 0.00 0 -5.96 1030.38 170.70 1072.60 243.92 1.38 0.42 0.59 8.49 1.34 13.96 -5.42 0.15
Car 0.00 0 -7.95 985.67 167.28 1175.10 311.74 1.51 1.66 4.11 6.02 1.45 9.76 -7.40 0.14
Car 0.00 0 -4.68 384.91 181.29 462.50 253.09 1.47 1.61 4.08 -4.48 1.70 17.45 -4.93 0.13
Car 0.00 0 -7.68 435.33 175.20 481.59 207.61 1.54 1.61 4.01 -7.64 1.66 36.50 -7.88 0.13
Cyclist 0.00 0 -4.43 915.23 145.82 935.95 182.46 1.77 0.47 1.79 15.60 0.47 35.73 -4.02 0.12
Car 0.00 0 -4.45 415.15 177.28 485.72 219.78 1.45 1.54 4.17 -5.95 1.63 27.15 -4.66 0.12
Car 0.00 0 -3.17 1190.75 149.07 1241.00 175.99 1.59 1.71 3.95 38.45 0.19 44.66 -2.46 0.12
Car 0.00 0 -2.51 470.46 175.24 523.77 196.42 1.45 1.56 3.48 -8.03 1.62 51.14 -2.67 0.11
Pedestrian 0.00 0 -4.51 134.22 188.62 153.83 228.60 1.30 0.45 0.53 -15.58 1.83 24.06 -5.09 0.11
Car 0.00 0 -4.50 427.19 176.17 452.23 193.01 1.52 1.51 3.81 -15.96 1.84 67.66 -4.73 0.10
Car 0.00 0 -7.96 472.96 175.26 505.18 200.27 1.52 1.63 3.91 -7.83 1.68 46.32 -8.13 0.10
Cyclist 0.00 0 -4.38 487.43 174.84 503.52 202.43 1.60 0.49 1.46 -6.82 1.72 42.79 -4.53 0.10
Car 0.00 0 -7.71 813.31 145.21 849.30 170.95 1.57 1.66 3.97 14.26 -0.13 46.46 -7.41 0.10
