Car 0.00 0 -7.95 678.34 181.93 751.45 240.50 1.43 1.63 3.66 2.77 1.70 19.99 -7.81 0.96
Car 0.00 0 -8.28 786.72 182.21 1154.50 374.00 1.49 1.61 3.76 2.97 1.61 7.00 -7.88 0.96
Car 0.00 0 -7.41 0.00 184.93 405.49 374.00 1.57 1.66 4.23 -3.17 1.71 6.14 -7.88 0.92
Car 0.00 0 -8.77 1079.85 182.38 1241.00 374.00 1.56 1.48 3.47 3.24 1.61 2.28 -7.81 0.83
Car 0.00 0 -7.07 0.00 199.62 31.17 278.76 1.40 1.79 4.36 -15.89 2.09 16.42 -7.84 0.49
Pedestrian 0.00 0 -3.78 17.44 177.37 73.28 252.17 1.91 0.69 0.93 -14.96 2.04 19.07 -4.45 0.21
Pedestrian 0.00 0 -3.88 1156.76 155.87 1241.00 332.35 1.66 0.60 0.79 5.96 1.50 7.11 -3.18 0.19
Cyclist 0.00 0 -3.34 909.02 147.83 1030.40 255.18 1.84 0.72 1.84 6.36 1.41 12.95 -2.89 0.16
Pedestrian 0.00 0 -4.30 222.98 165.24 259.84 243.78 2.04 0.65 0.67 -9.79 1.84 19.08 -4.77 0.16
Car 0.00 0 -4.62 554.45 180.61 575.31 197.70 1.56 1.65 3.82 -4.34 2.33 69.58 -4.68 0.14
Car 0.00 0 -4.80 616.45 182.25 638.32 201.01 1.52 1.57 3.61 1.45 2.35 62.13 -4.78 0.13
Pedestrian 0.00 0 -4.79 1030.75 146.47 1075.27 249.41 1.77 0.61 0.88 7.88 1.32 12.94 -4.24 0.12
Car 0.00 0 -7.95 626.98 174.91 662.62 206.88 1.91 1.84 4.41 2.11 2.05 45.61 -7.90 0.11
Pedestrian 0.00 0 -3.55 840.30 147.79 894.42 236.35 1.92 0.65 0.95 5.66 1.38 16.04 -3.21 0.11
