Car 0.00 0 -4.40 386.42 182.84 508.84 254.97 1.52 1.72 4.42 -3.96 1.81 18.16 -4.62 0.96
Cyclist 0.00 0 -7.90 685.50 172.91 708.56 236.96 1.78 0.57 1.90 2.48 1.79 21.07 -7.78 0.95
Car 0.00 0 -4.52 555.13 181.43 601.35 214.28 1.43 1.53 3.73 -1.50 1.86 34.40 -4.57 0.91
Car 0.00 0 -4.25 139.17 171.24 402.43 319.22 1.73 1.68 4.34 -4.66 1.71 10.62 -4.67 0.90
Car 0.00 0 -7.48 472.61 182.25 532.78 215.45 1.42 1.57 3.63 -5.02 1.89 33.93 -7.62 0.36
Car 0.00 0 -4.43 646.16 177.38 680.21 200.17 1.73 1.66 4.04 4.27 2.10 57.68 -4.36 0.33
Pedestrian 0.00 0 -6.05 755.14 173.67 766.58 196.88 1.74 0.65 0.72 11.41 1.81 54.67 -5.85 0.33
Car 0.00 0 -4.63 758.42 174.87 779.49 191.78 1.53 1.62 3.97 14.98 1.73 67.96 -4.41 0.30
Cyclist 0.00 0 -7.49 686.55 177.71 718.41 230.52 1.70 0.53 1.59 3.07 1.87 24.20 -7.36 0.28
Car 0.00 0 -4.09 379.61 181.91 480.32 227.77 1.50 1.62 3.91 -6.56 1.86 26.55 -4.34 0.28
Pedestrian 0.00 0 -6.20 1045.95 146.24 1120.55 258.40 1.87 0.58 1.04 8.19 1.43 12.56 -5.62 0.13
Car 0.00 0 -5.81 620.97 178.37 688.40 204.21 1.54 1.61 3.92 2.76 1.90 45.31 -5.75 0.10
Pedestrian 0.00 0 -6.98 540.63 181.30 556.98 209.76 1.56 0.65 0.64 -3.44 2.03 40.15 -7.06 0.10
