Car 0.00 0 -7.80 858.71 176.16 958.43 266.91 1.57 1.66 3.55 6.07 1.65 14.60 -7.41 0.85
Car 0.00 0 -4.46 725.92 176.28 782.13 210.54 1.51 1.67 4.01 6.91 1.69 34.51 -4.26 0.75
Car 0.00 0 -4.49 775.81 174.77 814.25 199.57 1.65 1.68 4.34 13.00 1.79 50.63 -4.23 0.66
Car 0.00 0 -7.74 871.12 181.24 950.56 241.67 1.43 1.62 3.51 8.18 1.68 19.58 -7.35 0.43
Cyclist 0.00 0 -8.06 936.66 172.99 950.12 202.90 1.63 0.38 1.54 18.53 1.64 40.20 -7.62 0.24
Pedestrian 0.00 0 -4.24 293.03 196.40 321.92 259.91 1.14 0.37 0.35 -5.60 1.58 13.25 -4.64 0.20
Pedestrian 0.00 0 -3.90 374.34 194.19 403.88 262.86 1.18 0.35 0.36 -3.96 1.57 12.78 -4.20 0.15
Car 0.00 0 -4.92 958.73 178.24 1024.48 218.14 1.44 1.57 3.67 14.96 1.67 28.54 -4.44 0.15
Pedestrian 0.00 0 -7.86 669.57 167.01 683.12 205.08 1.93 0.68 0.78 3.35 1.63 36.92 -7.77 0.14
Cyclist 0.00 0 -7.92 951.55 173.25 961.16 207.85 1.59 0.31 1.51 16.23 1.61 33.90 -7.47 0.14
Car 0.00 0 -4.79 866.60 174.08 903.46 203.62 1.53 1.59 4.06 15.02 1.60 39.64 -4.42 0.13
Car 0.00 0 -4.92 918.00 169.13 955.92 194.14 1.71 1.64 4.22 23.34 1.46 51.69 -4.49 0.12
