Car 0.00 0 -8.00 745.26 176.84 878.76 287.83 1.49 1.55 3.33 3.03 1.57 11.57 -7.74 0.96
Car 0.00 0 -8.37 835.60 186.02 1241.00 374.00 1.49 1.60 3.90 3.03 1.62 5.35 -7.85 0.96
Car 0.00 0 -4.36 261.85 193.52 399.60 278.26 1.54 1.57 3.87 -6.05 2.05 15.98 -4.72 0.93
Car 0.00 0 -4.54 473.14 184.01 513.15 214.71 1.51 1.53 3.61 -6.26 2.14 38.72 -4.70 0.91
Car 0.00 0 -8.01 638.19 176.71 676.83 205.72 1.60 1.65 4.04 2.71 1.84 42.40 -7.95 0.88
Car 0.00 0 -4.53 488.34 183.83 525.88 210.92 1.52 1.56 3.99 -6.28 2.22 44.14 -4.67 0.75
Car 0.00 0 -4.55 253.87 188.69 293.84 216.71 1.58 1.67 3.87 -21.07 2.62 45.27 -4.99 0.50
Car 0.00 0 -4.72 408.96 190.22 447.72 224.90 1.34 1.57 3.95 -8.14 2.16 32.11 -4.97 0.28
Car 0.00 0 -8.04 791.08 166.31 817.33 183.03 1.52 1.66 3.88 18.11 0.92 67.47 -7.78 0.27
Car 0.00 0 -5.20 584.77 178.41 620.34 195.48 1.47 1.58 3.89 -0.73 1.99 65.55 -5.21 0.26
Car 0.00 0 -4.44 170.07 195.13 278.20 260.53 1.57 1.70 4.20 -11.12 2.28 21.02 -4.93 0.23
Car 0.00 0 -4.67 296.82 190.51 328.93 217.84 1.53 1.69 4.20 -18.74 2.70 45.54 -5.06 0.18
Car 0.00 0 -4.78 667.27 173.67 686.66 190.43 1.52 1.53 3.93 6.23 1.60 67.57 -4.69 0.18
Pedestrian 0.00 0 -3.68 833.54 158.42 866.59 217.83 1.94 0.62 0.84 7.91 1.47 23.92 -3.36 0.17
Car 0.00 0 -4.17 538.33 181.57 576.59 199.28 1.47 1.58 3.92 -4.64 2.27 63.99 -4.24 0.13
Pedestrian 0.00 0 -4.60 1042.25 138.93 1095.72 263.75 1.83 0.61 0.73 6.97 1.33 11.03 -4.03 0.11
Pedestrian 0.00 0 -3.05 655.05 168.74 674.01 206.24 1.95 0.60 0.94 2.84 1.74 37.97 -2.97 0.10
