Car 0.00 0 -7.66 389.24 190.39 530.00 289.38 1.43 1.67 4.51 -2.64 1.81 13.48 -7.85 0.96
Car 0.00 0 -8.01 660.19 180.59 723.14 225.23 1.49 1.66 4.30 2.93 1.81 27.06 -7.91 0.91
Car 0.00 0 -7.76 488.64 187.80 553.33 241.21 1.40 1.59 4.04 -2.68 1.90 22.12 -7.88 0.90
Car 0.00 0 -8.10 697.40 178.65 834.89 270.93 1.59 1.72 4.26 2.98 1.73 14.91 -7.90 0.85
Car 0.00 0 -7.83 646.27 179.45 675.40 207.81 1.62 1.68 4.03 3.13 2.05 44.35 -7.76 0.77
Pedestrian 0.00 0 -5.32 992.83 108.81 1176.34 374.00 1.95 0.68 1.06 3.50 1.51 5.51 -4.75 0.40
Pedestrian 0.00 0 -6.70 1181.85 140.17 1241.00 259.29 1.74 0.57 0.70 9.15 1.26 10.91 -6.00 0.23
Cyclist 0.00 0 -5.88 14.46 190.23 214.29 344.03 1.65 0.75 1.77 -5.76 1.87 8.41 -6.48 0.22
Cyclist 0.00 0 -6.77 1045.28 141.63 1241.00 303.17 1.70 0.60 1.77 5.87 1.37 8.01 -6.13 0.20
Pedestrian 0.00 0 -3.93 1200.09 158.57 1241.00 271.21 1.57 0.51 0.45 8.81 1.37 10.30 -3.22 0.19
Cyclist 0.00 0 -4.36 386.23 177.85 430.25 247.22 1.72 0.55 1.74 -5.32 1.86 18.93 -4.63 0.17
Cyclist 0.00 0 -3.54 810.81 172.92 871.05 233.62 1.71 0.64 1.51 6.56 1.71 20.67 -3.23 0.15
Pedestrian 0.00 0 -7.33 0.00 161.81 77.83 313.59 1.86 0.65 0.87 -7.55 1.73 9.34 -8.01 0.12
Pedestrian 0.00 0 -5.01 470.97 169.64 492.30 222.73 1.97 0.65 0.57 -4.87 1.85 27.11 -5.19 0.11
