Car 0.00 0 -3.84 0.00 215.00 289.34 374.00 1.54 1.62 3.99 -2.97 1.81 2.64 -4.69 0.21
Cyclist 0.00 0 -4.78 1019.76 188.92 1034.94 226.46 1.65 0.50 1.65 19.16 2.40 33.21 -4.25 0.19
Cyclist 0.00 0 -6.03 1203.03 183.48 1241.00 226.19 1.72 0.57 1.81 26.17 2.18 30.39 -5.32 0.19
Car 0.00 0 -4.89 725.82 183.17 755.47 205.53 1.71 1.66 4.37 10.68 2.59 59.38 -4.71 0.16
Pedestrian 0.00 0 -6.98 891.79 176.67 908.37 208.37 1.83 0.76 0.53 16.89 2.05 42.11 -6.60 0.15
Car 0.00 0 -2.93 898.42 182.13 992.96 218.41 1.48 1.54 3.55 14.78 1.91 31.91 -2.50 0.14
Pedestrian 0.00 0 -4.91 839.16 167.18 857.16 208.19 1.83 0.68 0.52 10.70 1.58 32.56 -4.59 0.14
Pedestrian 0.00 0 -7.94 1065.30 183.83 1082.80 224.44 1.72 0.59 0.55 20.04 2.21 31.23 -7.37 0.11
Car 0.00 0 -4.94 1219.55 183.93 1241.00 221.42 1.52 1.56 3.68 28.74 2.04 32.31 -4.21 0.11
Car 0.00 0 -4.96 785.24 182.10 829.94 209.21 1.51 1.63 4.07 11.82 2.09 43.51 -4.70 0.11
Cyclist 0.00 0 -2.98 864.53 184.25 905.46 221.71 1.72 0.67 1.73 13.00 2.27 34.21 -2.62 0.10
