Car 0.00 0 -4.02 0.00 197.56 155.49 345.69 1.47 1.65 3.90 -8.24 1.87 9.75 -4.72 0.96
Car 0.00 0 -4.34 219.76 191.73 343.23 259.18 1.47 1.58 3.95 -8.44 2.01 18.80 -4.76 0.94
Car 0.00 0 -7.89 568.59 181.88 608.84 220.78 1.57 1.61 4.31 -1.05 2.00 32.27 -7.93 0.93
Car 0.00 0 -4.49 362.92 183.86 428.80 227.29 1.60 1.73 4.24 -8.80 2.09 29.83 -4.78 0.87
Car 0.00 0 -4.59 430.61 184.32 468.46 212.92 1.49 1.63 4.02 -9.16 2.18 41.26 -4.81 0.45
Pedestrian 0.00 0 -5.48 984.32 155.54 1067.94 287.10 1.74 0.58 0.84 5.71 1.51 10.03 -4.97 0.23
Pedestrian 0.00 0 -8.23 798.74 171.25 818.99 209.66 1.92 0.75 0.80 10.01 1.84 36.46 -7.96 0.21
Car 0.00 0 -4.63 470.04 181.44 500.60 208.36 1.59 1.59 3.91 -7.91 2.16 45.81 -4.80 0.21
Car 0.00 0 -4.91 328.85 185.13 370.86 212.48 1.57 1.67 4.27 -16.55 2.39 45.71 -5.26 0.20
Car 0.00 0 -4.53 434.02 183.76 482.74 218.34 1.56 1.67 4.15 -7.52 2.13 35.94 -4.74 0.20
Pedestrian 0.00 0 -3.92 1110.08 151.83 1181.24 251.41 1.74 0.59 0.85 9.54 1.37 12.93 -3.28 0.15
Pedestrian 0.00 0 -2.92 921.96 165.61 936.85 192.75 1.90 0.54 0.86 22.52 1.39 50.94 -2.50 0.15
Cyclist 0.00 0 -5.94 341.92 181.44 377.47 217.89 1.79 0.61 1.55 -12.45 2.21 35.79 -6.27 0.14
Car 0.00 0 -4.49 361.20 186.83 439.52 236.83 1.49 1.68 4.29 -7.17 2.02 24.95 -4.77 0.13
Pedestrian 0.00 0 -8.29 842.06 172.33 860.10 210.84 1.85 0.66 0.54 11.65 1.83 34.98 -7.97 0.11
Car 0.00 0 -7.83 926.23 173.26 1025.28 258.83 1.46 1.56 3.76 7.27 1.47 14.39 -7.36 0.11
Car 0.00 0 -4.74 488.45 182.53 511.93 205.45 1.52 1.54 3.81 -7.91 2.24 51.57 -4.90 0.10
