Car 0.00 0 -8.12 642.17 178.01 768.78 267.64 1.49 1.56 3.31 1.66 1.60 13.95 -8.01 0.96
Car 0.00 0 -7.31 880.31 168.70 955.55 204.54 1.46 1.50 3.26 13.22 1.29 31.03 -6.91 0.88
Car 0.00 0 -7.28 805.72 165.67 903.07 209.96 1.62 1.58 4.24 9.62 1.36 28.38 -6.95 0.86
Car 0.00 0 -3.80 559.83 175.72 657.11 212.96 1.41 1.54 3.81 -0.07 1.53 29.36 -3.80 0.86
Car 0.00 0 -7.17 724.93 173.89 833.36 217.53 1.42 1.57 3.97 5.96 1.46 25.42 -6.94 0.80
Car 0.00 0 -3.91 679.06 172.37 760.88 205.56 1.45 1.50 3.73 5.06 1.43 33.27 -3.76 0.64
Car 0.00 0 -8.92 890.65 168.14 982.23 200.88 1.44 1.55 3.60 15.17 1.24 33.74 -8.50 0.63
Cyclist 0.00 0 -7.38 647.08 166.43 672.88 204.10 1.77 0.51 1.73 2.39 1.47 34.83 -7.31 0.42
Car 0.00 0 -7.50 1028.10 163.33 1089.56 193.64 1.61 1.63 3.99 24.95 1.10 40.13 -6.95 0.29
Cyclist 0.00 0 -6.49 1118.14 154.77 1183.75 207.16 1.78 0.70 1.72 18.77 1.16 25.14 -5.85 0.25
Pedestrian 0.00 0 -8.31 655.22 155.40 696.86 241.14 1.91 0.66 0.82 1.46 1.52 16.53 -8.22 0.25
Pedestrian 0.00 0 -4.64 553.76 164.63 570.70 207.03 1.81 0.67 0.89 -2.11 1.46 31.29 -4.70 0.25
Cyclist 0.00 0 -5.14 453.75 169.80 481.86 208.56 1.72 0.53 1.87 -6.54 1.58 32.92 -5.34 0.23
Pedestrian 0.00 0 -6.12 1111.37 166.07 1158.40 279.96 1.51 0.52 0.45 7.18 1.42 9.93 -5.50 0.21
Pedestrian 0.00 0 -7.18 405.43 168.14 428.85 212.32 1.76 0.62 0.69 -7.83 1.57 29.16 -7.44 0.19
Pedestrian 0.00 0 -4.96 314.93 171.75 331.59 206.51 1.66 0.61 0.64 -13.86 1.60 34.79 -5.34 0.18
Car 0.00 0 -6.75 439.24 170.60 527.14 204.10 1.58 1.65 3.98 -6.29 1.47 35.78 -6.93 0.17
Pedestrian 0.00 0 -4.52 364.71 168.90 386.62 216.05 1.75 0.64 0.81 -8.87 1.60 27.19 -4.83 0.14
Car 0.00 0 -3.12 197.55 182.07 307.34 217.97 1.43 1.61 4.16 -15.43 1.85 31.22 -3.58 0.14
Car 0.00 0 -4.67 973.73 164.91 1013.97 198.16 1.56 1.58 4.00 19.13 1.19 35.96 -4.18 0.11
Pedestrian 0.00 0 -4.60 97.66 184.81 122.07 232.99 1.51 0.59 0.56 -16.12 1.90 23.20 -5.21 0.11
Pedestrian 0.00 0 -7.94 701.55 159.53 716.04 198.04 1.94 0.68 0.60 4.98 1.27 36.63 -7.80 0.11
Pedestrian 0.00 0 -5.00 1080.48 142.46 1133.34 241.16 1.82 0.60 0.91 9.44 1.26 13.80 -4.40 0.11
Pedestrian 0.00 0 -4.68 521.31 165.89 537.22 208.37 1.76 0.64 0.82 -3.42 1.47 30.26 -4.79 0.10
