Car 0.00 0 -4.57 451.15 187.49 521.97 247.71 1.63 1.62 3.73 -3.77 2.12 22.30 -4.73 0.92
Car 0.00 0 -7.92 641.70 185.30 674.30 218.19 1.74 1.63 3.82 2.69 2.49 41.57 -7.85 0.41
Car 0.00 0 -4.83 651.77 167.72 678.71 190.61 1.74 1.65 3.89 4.29 1.35 56.81 -4.76 0.37
Car 0.00 0 -2.64 218.10 197.94 427.96 268.30 1.48 1.72 4.33 -6.77 2.11 17.09 -3.01 0.35
Car 0.00 0 -4.89 1128.03 185.40 1171.46 215.93 1.79 1.59 3.65 34.22 2.62 45.86 -4.25 0.34
Cyclist 0.00 0 -8.05 925.39 173.06 1037.50 374.00 1.83 0.60 1.76 3.42 1.83 6.90 -7.59 0.29
Car 0.00 0 -7.94 1027.11 173.45 1112.45 232.94 1.45 1.64 3.81 12.38 1.47 19.70 -7.37 0.26
Car 0.00 0 -4.84 1107.33 192.96 1144.17 217.27 1.53 1.63 3.98 36.51 3.02 51.20 -4.22 0.23
Pedestrian 0.00 0 -4.96 686.57 171.64 708.95 221.58 1.97 0.66 1.00 3.48 1.92 29.00 -4.85 0.22
Cyclist 0.00 0 -8.17 514.79 189.50 532.07 223.33 1.71 0.45 1.54 -4.60 2.60 37.94 -8.29 0.22
Pedestrian 0.00 0 -5.58 527.47 178.35 545.36 212.02 1.95 0.76 0.73 -4.37 2.28 42.50 -5.68 0.21
Car 0.00 0 -4.78 630.44 188.99 650.40 207.01 1.52 1.57 4.17 2.76 3.06 66.67 -4.74 0.17
Pedestrian 0.00 0 -6.48 1193.47 178.55 1204.00 224.53 1.77 0.51 0.22 22.95 2.00 28.18 -5.79 0.17
Pedestrian 0.00 0 -2.67 802.98 169.41 875.94 294.79 1.81 0.63 0.86 3.41 1.76 10.91 -2.37 0.17
Pedestrian 0.00 0 -7.96 1218.58 185.68 1241.00 333.63 1.57 0.71 0.58 7.35 1.73 8.20 -7.23 0.14
Pedestrian 0.00 0 -6.11 678.08 176.87 690.75 216.88 1.86 0.54 0.51 3.45 2.05 33.84 -6.01 0.14
Pedestrian 0.00 0 -4.32 1165.28 165.98 1196.96 220.70 1.88 0.68 0.62 19.89 1.64 25.18 -3.65 0.14
Cyclist 0.00 0 -6.97 1145.48 190.28 1192.02 229.39 1.75 0.64 1.64 25.41 2.55 32.87 -6.32 0.12
Pedestrian 0.00 0 -7.70 1231.00 165.93 1241.00 218.65 1.97 0.55 0.38 23.85 1.71 27.30 -6.99 0.12
Pedestrian 0.00 0 -8.02 161.22 172.50 220.05 300.98 1.85 0.65 0.77 -6.40 1.85 10.91 -8.55 0.12
Pedestrian 0.00 0 -4.82 954.70 157.71 1003.12 265.77 2.02 0.72 1.21 7.19 1.74 14.21 -4.35 0.11
Pedestrian 0.00 0 -2.91 739.45 179.92 775.52 256.37 1.73 0.63 0.70 3.39 1.89 16.79 -2.71 0.11
