Car 0.00 0 -4.37 283.55 192.58 372.99 240.52 1.40 1.62 3.93 -9.58 2.13 24.73 -4.74 0.89
Car 0.00 0 -7.92 599.74 181.40 629.81 207.33 1.54 1.67 4.20 0.23 2.12 46.52 -7.91 0.72
Pedestrian 0.00 0 -4.44 917.10 176.41 1060.67 374.00 1.61 0.66 0.59 2.29 1.63 4.47 -3.96 0.69
Pedestrian 0.00 0 -5.68 1123.11 78.91 1241.00 374.00 1.85 0.74 0.85 2.44 1.58 2.54 -4.92 0.51
Pedestrian 0.00 0 -3.13 712.52 174.43 729.32 211.21 1.82 0.62 0.82 5.52 1.90 36.14 -2.98 0.51
Car 0.00 0 -4.31 0.00 187.30 269.13 374.00 1.70 1.63 4.06 -2.53 1.80 2.82 -5.05 0.37
Pedestrian 0.00 0 -7.30 365.14 192.13 499.84 374.00 1.67 0.59 0.59 -1.14 1.80 4.46 -7.55 0.26
Car 0.00 0 -4.37 501.75 185.85 581.05 231.42 1.46 1.65 4.01 -2.47 1.98 26.49 -4.46 0.25
Pedestrian 0.00 0 -6.68 904.71 170.70 919.65 194.88 1.67 0.76 0.72 20.96 1.52 50.13 -6.28 0.24
Car 0.00 0 -4.29 324.71 188.45 394.70 221.87 1.42 1.64 4.11 -12.00 2.22 34.75 -4.62 0.24
Pedestrian 0.00 0 -7.28 1004.97 165.86 1025.87 217.70 1.74 0.52 0.34 13.73 1.51 24.52 -6.77 0.22
Pedestrian 0.00 0 -8.22 791.70 170.50 810.49 212.56 1.88 0.67 0.53 8.59 1.78 32.58 -7.96 0.21
Car 0.00 0 -7.57 320.31 189.68 419.18 251.16 1.53 1.65 4.12 -6.94 2.07 21.13 -7.89 0.21
Pedestrian 0.00 0 -4.51 1088.74 140.44 1241.00 374.00 1.73 0.66 0.81 3.00 1.58 3.83 -3.84 0.20
Pedestrian 0.00 0 -7.98 1015.39 167.30 1032.39 213.18 1.79 0.54 0.35 16.24 1.57 28.39 -7.46 0.20
Car 0.00 0 -4.92 571.01 182.44 602.77 203.24 1.39 1.56 3.74 -1.73 2.11 52.11 -4.95 0.17
Car 0.00 0 -4.25 525.69 184.17 560.57 202.94 1.48 1.49 3.58 -5.64 2.46 60.99 -4.34 0.14
Car 0.00 0 -8.11 1139.74 186.45 1241.00 348.67 1.35 1.63 4.09 7.64 1.55 8.56 -7.38 0.14
Cyclist 0.00 0 -5.65 28.31 187.77 195.96 313.78 1.67 0.65 1.90 -6.90 1.88 9.98 -6.25 0.14
Pedestrian 0.00 0 -5.62 0.00 193.50 40.37 261.30 1.68 0.65 0.64 -15.14 2.21 18.38 -6.30 0.13
Car 0.00 0 -5.87 0.00 193.91 216.22 267.38 1.47 1.66 4.06 -11.46 1.99 16.36 -6.48 0.12
Cyclist 0.00 0 -7.45 488.98 180.64 508.27 214.14 1.72 0.42 1.61 -5.94 2.14 38.28 -7.61 0.12
