Car 0.00 0 -4.00 0.00 190.20 148.95 351.78 1.55 1.67 4.13 -8.23 1.83 9.42 -4.71 0.95
Car 0.00 0 -4.36 257.43 185.67 364.40 250.76 1.62 1.61 3.78 -8.48 2.03 20.68 -4.75 0.95
Car 0.00 0 -7.84 574.07 186.06 611.22 220.92 1.47 1.65 4.44 -0.84 2.14 34.30 -7.87 0.91
Car 0.00 0 -4.46 397.10 189.10 454.26 224.07 1.45 1.68 3.78 -8.55 2.25 33.60 -4.71 0.79
Pedestrian 0.00 0 -4.73 877.75 184.73 893.50 225.68 1.54 0.55 0.61 10.53 2.00 27.69 -4.37 0.41
Pedestrian 0.00 0 -8.71 1096.95 164.69 1120.26 212.82 1.92 0.60 0.51 20.11 1.60 29.17 -8.11 0.17
Car 0.00 0 -4.57 453.63 184.70 494.88 215.83 1.57 1.65 4.31 -7.54 2.27 40.24 -4.75 0.15
Cyclist 0.00 0 -5.07 715.92 180.90 739.20 217.42 1.71 0.59 1.60 5.64 2.11 34.92 -4.91 0.15
Car 0.00 0 -4.54 368.04 188.05 438.80 238.54 1.51 1.67 4.19 -7.10 2.08 25.02 -4.82 0.14
Car 0.00 0 -4.66 508.84 185.75 530.96 206.63 1.68 1.68 4.38 -7.85 2.84 62.98 -4.78 0.14
Car 0.00 0 -7.52 233.18 189.17 375.74 268.71 1.49 1.67 4.32 -6.86 1.91 16.58 -7.91 0.13
Car 0.00 0 -4.59 418.45 187.11 468.97 226.84 1.48 1.61 3.90 -6.95 2.11 30.28 -4.82 0.12
Cyclist 0.00 0 -8.53 753.68 181.13 782.60 219.32 1.70 0.44 1.52 7.22 2.09 33.15 -8.32 0.12
Cyclist 0.00 0 -7.85 800.15 176.90 809.48 207.62 1.71 0.50 1.58 11.06 1.94 41.10 -7.59 0.10
