Car 0.00 0 -7.94 657.66 162.74 723.10 217.88 1.57 1.66 4.34 2.39 1.29 22.77 -7.84 0.94
Car 0.00 0 -7.71 430.13 173.73 521.18 239.63 1.41 1.60 4.18 -3.19 1.43 17.60 -7.89 0.93
Car 0.00 0 -7.55 216.69 185.88 473.08 345.87 1.39 1.59 4.40 -2.92 1.59 8.86 -7.87 0.93
Car 0.00 0 -8.13 712.15 162.14 906.06 299.76 1.60 1.59 3.81 2.54 1.47 10.32 -7.89 0.74
Car 0.00 0 -7.84 631.51 166.80 660.99 196.44 1.56 1.55 3.77 1.98 1.24 39.80 -7.79 0.56
Pedestrian 0.00 0 -4.66 299.11 155.72 337.95 247.18 1.77 0.68 0.78 -5.87 1.44 14.42 -5.05 0.19
Pedestrian 0.00 0 -3.71 347.25 149.96 400.78 230.35 1.84 0.63 1.03 -5.64 1.32 17.10 -4.03 0.14
Pedestrian 0.00 0 -5.62 0.00 143.87 123.06 340.02 1.85 0.62 0.96 -5.55 1.58 7.12 -6.28 0.14
Pedestrian 0.00 0 -6.21 552.95 166.77 560.15 189.39 1.76 0.64 0.52 -4.22 1.29 56.61 -6.29 0.13
Car 0.00 0 -8.13 682.59 176.69 729.28 204.12 1.52 1.67 4.11 5.59 1.76 42.78 -8.00 0.13
Pedestrian 0.00 0 -3.45 750.32 153.85 851.86 331.47 1.68 0.53 0.85 1.82 1.50 7.13 -3.20 0.13
Pedestrian 0.00 0 -8.21 512.02 160.27 527.57 195.58 1.90 0.64 0.69 -4.96 1.23 39.38 -8.34 0.11
Pedestrian 0.00 0 -4.41 716.38 156.21 734.00 199.47 1.85 0.62 0.55 4.93 1.14 31.15 -4.26 0.10
