Car 0.00 0 -7.81 598.64 178.05 626.92 203.24 1.48 1.62 3.81 0.18 1.82 45.06 -7.81 0.89
Car 0.00 0 -4.41 359.95 188.22 427.60 226.83 1.38 1.61 3.60 -8.66 2.04 29.04 -4.70 0.45
Car 0.00 0 -8.14 640.84 178.13 680.41 201.33 1.49 1.64 3.98 3.40 1.87 49.51 -8.07 0.36
Car 0.00 0 -4.48 405.76 183.30 473.11 224.62 1.48 1.70 4.29 -6.81 1.93 29.04 -4.71 0.33
Pedestrian 0.00 0 -6.60 830.69 166.24 855.51 210.77 1.75 0.69 0.76 9.24 1.49 28.76 -6.29 0.20
Pedestrian 0.00 0 -3.70 926.34 157.39 939.49 190.10 1.88 0.57 0.46 18.69 0.99 41.83 -3.28 0.17
Pedestrian 0.00 0 -3.18 1077.28 151.26 1133.32 245.11 1.71 0.56 0.85 9.26 1.32 13.59 -2.58 0.14
Car 0.00 0 -2.62 307.02 182.30 446.50 229.02 1.55 1.72 4.46 -8.31 1.90 25.70 -2.94 0.11
Car 0.00 0 -5.27 685.36 179.40 760.37 213.28 1.42 1.57 3.88 5.06 1.74 33.06 -5.12 0.11
Pedestrian 0.00 0 -6.38 793.28 153.47 845.87 247.59 1.93 0.60 1.01 4.35 1.54 15.21 -6.10 0.10
