Car 0.00 0 -8.16 723.98 184.75 900.61 300.75 1.46 1.61 3.53 2.89 1.68 11.26 -7.91 0.97
Car 0.00 0 -2.33 0.00 179.10 144.01 374.00 1.50 1.62 3.92 -6.54 1.56 6.19 -3.14 0.95
Car 0.00 0 -2.86 197.14 173.74 406.84 251.85 1.60 1.68 3.92 -6.66 1.62 15.84 -3.26 0.95
Car 0.00 0 -5.64 0.00 180.15 307.08 317.52 1.48 1.53 4.02 -6.03 1.57 8.68 -6.24 0.93
Car 0.00 0 -3.39 760.53 182.70 945.08 240.76 1.39 1.64 4.23 6.09 1.66 18.60 -3.08 0.90
Car 0.00 0 -5.83 54.32 172.03 357.08 285.10 1.58 1.54 3.70 -6.00 1.57 10.93 -6.33 0.84
Car 0.00 0 -3.37 700.52 174.33 823.63 216.98 1.65 1.74 4.56 5.99 1.71 28.95 -3.16 0.82
Car 0.00 0 -3.17 448.41 168.97 533.15 203.02 1.81 1.82 4.49 -6.59 1.60 39.65 -3.33 0.79
Car 0.00 0 -6.53 755.45 178.54 899.08 231.61 1.48 1.53 3.77 6.24 1.66 21.15 -6.25 0.78
Car 0.00 0 -2.98 419.53 172.22 509.88 206.83 1.62 1.67 4.03 -6.95 1.59 34.62 -3.18 0.78
Pedestrian 0.00 0 -5.46 1229.10 136.80 1241.00 374.00 1.94 0.78 0.98 5.99 1.66 6.11 -4.68 0.63
Car 0.00 0 -5.98 343.47 168.01 471.15 219.31 1.72 1.63 3.96 -7.01 1.56 25.03 -6.25 0.60
Pedestrian 0.00 0 -3.53 1029.38 171.62 1043.00 216.05 1.75 0.48 0.31 16.89 1.70 28.67 -2.99 0.44
Car 0.00 0 -2.94 353.16 175.85 470.85 216.73 1.49 1.60 4.08 -7.50 1.61 27.45 -3.21 0.34
Car 0.00 0 -8.05 676.59 170.62 714.28 198.80 1.87 1.79 4.41 5.86 1.72 50.20 -7.93 0.23
Car 0.00 0 -3.15 666.36 165.44 711.93 183.56 1.64 1.71 4.12 7.25 0.97 66.43 -3.04 0.20
Pedestrian 0.00 0 -8.16 395.94 182.64 429.24 247.20 1.53 0.61 0.67 -4.90 1.78 17.73 -8.43 0.19
Pedestrian 0.00 0 -7.01 1071.13 166.67 1103.87 219.95 1.83 0.66 0.69 16.58 1.62 25.13 -6.43 0.15
Car 0.00 0 -5.11 510.86 173.86 546.74 192.85 1.48 1.56 3.75 -6.65 1.57 58.56 -5.22 0.14
Pedestrian 0.00 0 -4.13 1090.45 153.75 1162.17 262.96 1.97 0.63 1.03 9.59 1.62 13.48 -3.52 0.11
Car 0.00 0 -7.88 634.40 173.46 666.91 205.38 1.65 1.65 4.52 2.14 1.68 39.59 -7.83 0.11
Pedestrian 0.00 0 -8.10 962.08 163.53 989.79 219.84 1.88 0.66 0.80 12.41 1.57 24.58 -7.63 0.11
