Car 0.00 0 -2.41 0.00 177.30 37.71 374.00 1.57 1.63 3.68 -7.69 1.61 6.40 -3.29 0.92
Car 0.00 0 -8.64 1150.62 182.25 1241.00 215.87 1.55 1.70 3.84 29.60 2.05 36.33 -7.96 0.91
Car 0.00 0 -7.12 1011.61 188.27 1241.00 374.00 1.45 1.61 3.61 4.71 1.56 4.52 -6.31 0.91
Car 0.00 0 -2.49 0.00 160.40 180.56 314.20 1.72 1.69 3.97 -7.94 1.58 9.04 -3.21 0.89
Car 0.00 0 -2.70 0.00 184.12 264.05 285.09 1.41 1.44 4.09 -7.89 1.60 11.34 -3.30 0.65
Pedestrian 0.00 0 -4.52 1075.40 147.12 1146.40 277.93 1.97 0.73 1.13 7.94 1.58 11.51 -3.92 0.45
Cyclist 0.00 0 -4.24 99.81 172.75 151.16 242.20 1.70 0.53 1.36 -12.36 1.70 18.36 -4.84 0.27
Cyclist 0.00 0 -7.86 932.00 182.37 948.44 236.53 1.63 0.46 1.68 10.41 1.94 22.87 -7.43 0.20
Cyclist 0.00 0 -7.85 1130.52 185.25 1148.44 231.31 1.67 0.54 1.71 20.08 2.15 27.41 -7.21 0.19
Cyclist 0.00 0 -7.95 500.96 176.47 510.87 205.59 1.60 0.40 1.51 -5.91 1.81 40.69 -8.10 0.17
Cyclist 0.00 0 -3.42 413.50 179.42 436.61 203.87 1.80 0.59 1.58 -13.90 2.30 54.14 -3.67 0.16
Car 0.00 0 -8.30 1240.75 181.51 1241.00 214.46 1.53 1.62 3.46 33.67 1.99 36.35 -7.56 0.16
Pedestrian 0.00 0 -4.52 127.78 181.52 249.50 374.00 1.69 0.54 0.71 -2.68 1.75 4.55 -5.05 0.14
Pedestrian 0.00 0 -7.84 1063.02 181.54 1084.80 236.28 1.76 0.59 0.66 15.23 2.05 23.76 -7.27 0.13
Pedestrian 0.00 0 -5.76 276.05 163.60 321.17 239.14 1.79 0.57 0.83 -7.57 1.57 17.44 -6.17 0.13
Cyclist 0.00 0 -4.08 311.53 172.80 353.84 226.30 1.71 0.51 1.52 -9.18 1.71 23.83 -4.45 0.12
Pedestrian 0.00 0 -2.93 870.37 149.49 1018.87 374.00 1.83 0.47 1.07 2.78 1.65 6.14 -2.50 0.11
Cyclist 0.00 0 -7.85 1183.10 179.20 1209.38 258.91 1.67 0.44 1.64 12.97 1.82 16.03 -7.17 0.10
Pedestrian 0.00 0 -3.72 1035.95 147.52 1161.23 324.67 1.84 0.60 0.95 5.21 1.58 7.81 -3.13 0.10
