Car 0.00 0 -7.03 0.00 197.06 40.93 375.00 1.43 1.49 3.58 -7.71 1.58 7.00 -7.87 0.97
Car 0.00 0 -7.58 312.85 183.97 485.44 292.33 1.52 1.71 4.15 -3.32 1.50 12.13 -7.85 0.97
Car 0.00 0 -7.43 209.90 182.40 350.39 253.25 1.51 1.57 3.96 -7.76 1.45 17.34 -7.85 0.94
Car 0.00 0 -7.86 559.01 178.21 621.54 234.41 1.49 1.65 3.22 -0.55 1.30 20.62 -7.88 0.93
Car 0.00 0 -7.34 0.00 200.74 393.35 375.00 1.47 1.71 4.32 -3.18 1.63 5.51 -7.86 0.91
Car 0.00 0 -7.69 435.52 178.40 523.07 241.64 1.52 1.64 4.29 -3.39 1.36 19.46 -7.86 0.85
Car 0.00 0 -4.48 322.71 174.73 374.15 205.66 1.46 1.61 3.69 -12.86 0.96 35.76 -4.83 0.68
Car 0.00 0 -7.77 503.65 179.79 548.38 215.07 1.40 1.56 4.00 -3.45 1.19 30.54 -7.88 0.59
Car 0.00 0 -7.61 373.75 180.00 437.22 218.33 1.46 1.61 3.79 -8.18 1.26 29.25 -7.88 0.53
Car 0.00 0 -7.60 416.08 175.31 451.65 195.84 1.51 1.66 4.12 -13.24 0.78 54.88 -7.84 0.45
Car 0.00 0 -7.83 440.24 174.93 469.63 202.04 1.53 1.62 4.01 -9.07 0.95 42.73 -8.04 0.39
Car 0.00 0 -7.56 241.60 180.24 319.45 224.06 1.54 1.67 3.74 -12.36 1.37 27.29 -7.98 0.27
Pedestrian 0.00 0 -2.68 791.66 164.37 840.53 255.94 1.74 0.54 0.76 4.05 1.35 14.14 -2.40 0.26
Pedestrian 0.00 0 -2.99 798.81 224.48 861.84 375.00 1.28 0.45 0.41 1.67 1.61 5.56 -2.70 0.18
Pedestrian 0.00 0 -4.51 58.78 175.35 90.71 233.99 1.71 0.62 0.79 -15.90 1.42 21.39 -5.15 0.15
Car 0.00 0 -4.31 88.68 173.03 138.53 198.76 1.99 1.77 4.30 -39.68 1.05 57.82 -4.91 0.12
Car 0.00 0 -7.95 630.04 180.11 674.85 215.13 1.44 1.58 3.77 1.87 1.23 31.52 -7.89 0.11
