Car 0.00 0 -3.72 0.00 189.30 26.28 374.00 1.52 1.66 4.34 -7.63 1.71 6.01 -4.63 0.93
Car 0.00 0 -4.34 327.47 182.31 448.22 242.75 1.50 1.74 4.75 -6.35 1.81 21.08 -4.63 0.93
Car 0.00 0 -7.88 642.79 177.37 691.66 226.95 1.65 1.64 4.51 1.99 1.83 26.64 -7.81 0.92
Car 0.00 0 -4.48 454.22 181.14 514.66 220.67 1.52 1.66 4.00 -5.30 1.90 30.68 -4.65 0.91
Car 0.00 0 -4.55 525.40 181.20 568.17 211.55 1.47 1.63 4.04 -3.33 1.94 38.25 -4.64 0.70
Car 0.00 0 -4.13 532.32 178.85 587.62 203.34 1.54 1.65 4.32 -3.37 1.97 48.92 -4.20 0.46
Car 0.00 0 -4.80 553.53 179.70 578.23 200.47 1.49 1.54 3.87 -3.44 2.04 55.28 -4.86 0.30
Car 0.00 0 -7.00 1073.34 149.38 1153.91 175.40 1.60 1.62 4.08 31.54 0.16 45.28 -6.39 0.22
Cyclist 0.00 0 -5.24 900.66 175.59 955.02 244.17 1.62 0.47 1.66 7.83 1.69 17.95 -4.83 0.18
Car 0.00 0 -6.12 1039.29 155.19 1103.36 177.59 1.70 1.74 4.03 36.32 0.36 56.89 -5.55 0.15
Pedestrian 0.00 0 -3.75 1060.06 159.84 1130.07 282.75 1.76 0.61 0.62 7.07 1.57 10.62 -3.16 0.14
Pedestrian 0.00 0 -3.54 1117.32 153.27 1141.28 201.76 1.79 0.60 0.54 19.40 1.07 27.02 -2.91 0.13
Car 0.00 0 -8.23 735.89 176.30 776.56 200.25 1.63 1.66 3.53 10.40 1.89 51.66 -8.03 0.12
Pedestrian 0.00 0 -7.61 744.84 169.74 766.05 215.98 2.00 0.77 0.69 6.34 1.86 31.62 -7.42 0.10
Car 0.00 0 -2.69 460.31 182.79 552.79 213.69 1.42 1.66 4.19 -5.11 1.93 35.46 -2.83 0.10
