Car 0.00 0 -8.31 851.48 184.08 1225.05 374.00 1.52 1.62 3.78 3.80 1.67 7.33 -7.83 0.99
Car 0.00 0 -8.13 758.83 181.39 912.50 281.73 1.48 1.59 3.73 3.77 1.66 12.86 -7.85 0.98
Car 0.00 0 -4.34 222.79 190.97 417.33 302.21 1.47 1.66 3.99 -4.69 1.83 12.21 -4.70 0.98
Car 0.00 0 -4.42 365.53 186.42 477.37 256.00 1.46 1.59 3.92 -4.57 1.83 17.86 -4.67 0.96
Car 0.00 0 -8.06 715.21 180.45 817.34 248.21 1.46 1.65 4.21 3.73 1.67 18.12 -7.85 0.95
Car 0.00 0 -8.91 1187.60 202.33 1241.00 374.00 1.53 1.57 3.52 3.82 1.69 2.11 -7.84 0.94
Car 0.00 0 -4.48 427.43 183.86 508.97 235.47 1.44 1.63 4.29 -4.49 1.83 23.21 -4.67 0.85
Car 0.00 0 -4.56 519.32 179.15 557.27 209.74 1.56 1.58 3.25 -3.88 1.92 39.12 -4.66 0.79
Car 0.00 0 -7.98 692.34 178.71 743.43 218.59 1.45 1.57 3.48 4.16 1.70 28.55 -7.83 0.69
Car 0.00 0 -7.98 700.39 179.21 764.27 229.64 1.45 1.56 3.57 3.79 1.67 23.07 -7.82 0.60
Car 0.00 0 -4.86 683.16 175.26 732.22 212.52 1.65 1.71 4.19 4.53 1.77 34.26 -4.72 0.44
Car 0.00 0 -8.61 1036.98 162.83 1173.85 218.11 1.58 1.51 3.51 15.25 1.30 22.49 -8.01 0.41
Car 0.00 0 -3.27 686.59 174.67 755.33 205.64 1.63 1.60 3.49 5.92 1.73 38.98 -3.12 0.26
Car 0.00 0 -4.56 535.73 175.43 572.09 205.93 1.75 1.60 4.03 -3.39 1.92 43.85 -4.63 0.25
Car 0.00 0 -7.29 1192.82 164.45 1241.00 216.07 1.48 1.57 3.52 19.81 1.24 21.93 -6.55 0.25
Car 0.00 0 -7.33 266.57 182.85 345.77 222.78 1.49 1.55 3.26 -12.36 1.92 29.45 -7.73 0.22
Car 0.00 0 -8.35 976.05 171.73 1102.79 225.65 1.44 1.61 3.68 12.36 1.41 21.12 -7.82 0.22
Car 0.00 0 -5.13 1014.94 159.12 1114.81 201.58 1.55 1.70 4.38 17.87 1.05 28.66 -4.57 0.21
Car 0.00 0 -8.31 906.67 170.67 968.38 199.77 1.52 1.64 3.67 17.85 1.41 39.57 -7.88 0.21
Pedestrian 0.00 0 -1.89 90.13 168.42 147.43 268.59 1.87 0.69 0.83 -9.56 1.78 13.96 -2.49 0.14
Pedestrian 0.00 0 -6.70 670.19 171.86 680.72 191.16 1.78 0.54 0.82 6.04 1.69 66.84 -6.61 0.12
Car 0.00 0 -7.95 720.86 167.55 745.12 188.67 1.71 1.64 3.75 10.23 1.28 60.35 -7.78 0.11
Car 0.00 0 -6.62 920.28 163.95 1030.79 198.03 1.51 1.68 4.21 16.68 1.12 33.17 -6.16 0.11
Car 0.00 0 -4.33 589.23 176.10 634.18 202.09 1.63 1.65 3.89 0.13 1.85 47.77 -4.33 0.10
