Car 0.00 0 -4.32 157.49 210.20 408.48 366.45 1.35 1.49 3.58 -3.77 1.90 8.88 -4.72 0.97
Car 0.00 0 -4.44 356.80 186.22 485.49 276.96 1.59 1.59 3.96 -3.86 1.91 15.20 -4.69 0.93
Car 0.00 0 -7.81 615.23 179.71 655.51 217.59 1.50 1.58 4.22 1.12 1.82 31.46 -7.78 0.86
Pedestrian 0.00 0 -7.92 599.73 176.16 616.76 217.02 1.73 0.67 0.89 -0.12 1.88 31.14 -7.93 0.60
Car 0.00 0 -7.66 505.58 179.68 553.22 214.46 1.65 1.71 3.98 -4.12 2.02 37.08 -7.77 0.39
Car 0.00 0 -4.84 613.05 179.61 642.35 202.47 1.45 1.52 3.71 1.13 1.92 48.73 -4.81 0.28
Cyclist 0.00 0 -7.95 1035.48 139.42 1098.67 283.20 1.80 0.56 1.76 6.20 1.38 9.94 -7.39 0.28
Car 0.00 0 -7.94 607.32 169.42 630.39 190.57 1.87 1.74 4.35 0.76 1.57 65.96 -7.93 0.24
Pedestrian 0.00 0 -6.81 797.82 153.10 864.14 286.35 1.82 0.70 0.63 3.08 1.55 10.28 -6.52 0.22
Pedestrian 0.00 0 -4.64 1187.10 133.35 1241.00 352.29 1.71 0.63 0.89 5.34 1.40 6.17 -3.92 0.18
Pedestrian 0.00 0 -5.97 651.52 176.96 662.94 203.79 1.70 0.66 0.56 3.00 1.97 46.24 -5.91 0.14
Pedestrian 0.00 0 -8.12 1135.97 125.20 1181.31 212.67 1.83 0.65 0.55 11.69 0.83 15.45 -7.47 0.13
Pedestrian 0.00 0 -6.00 447.17 173.90 461.89 221.62 1.96 0.63 0.44 -6.49 2.00 29.96 -6.22 0.13
Pedestrian 0.00 0 -4.29 934.85 131.15 1069.32 374.00 1.82 0.63 0.93 3.12 1.51 5.83 -3.80 0.13
Car 0.00 0 -8.20 633.22 163.58 668.73 187.15 2.12 1.76 4.83 3.76 1.28 67.37 -8.15 0.12
Car 0.00 0 -7.92 659.98 178.97 692.64 208.27 1.56 1.60 3.65 3.69 1.92 41.01 -7.83 0.12
Pedestrian 0.00 0 -5.04 1113.18 145.73 1184.96 273.62 1.66 0.59 0.67 7.23 1.31 9.78 -4.40 0.11
