Car 0.00 0 -2.56 0.00 191.89 296.59 328.05 1.47 1.61 3.81 -6.18 1.73 8.91 -3.17 0.96
Car 0.00 0 -7.94 664.73 179.69 705.60 212.05 1.41 1.55 4.21 3.49 1.76 34.42 -7.84 0.92
Car 0.00 0 -6.01 415.68 178.55 535.83 217.95 1.50 1.66 4.43 -5.35 1.74 28.79 -6.20 0.90
Car 0.00 0 -2.57 36.63 187.53 328.85 293.10 1.50 1.54 3.72 -6.64 1.75 11.35 -3.09 0.90
Car 0.00 0 -5.91 313.92 183.06 486.44 241.47 1.44 1.53 4.09 -5.51 1.72 19.01 -6.19 0.86
Car 0.00 0 -5.98 269.39 181.39 456.45 252.82 1.53 1.63 3.74 -5.60 1.74 16.54 -6.31 0.81
Car 0.00 0 -5.91 347.27 182.62 499.67 233.24 1.40 1.53 4.09 -5.51 1.70 21.34 -6.16 0.78
Car 0.00 0 -5.96 379.48 182.78 505.70 226.60 1.39 1.46 3.87 -5.62 1.74 24.23 -6.19 0.51
Pedestrian 0.00 0 -7.27 748.28 175.41 768.33 210.94 1.72 0.64 0.79 7.25 1.85 35.45 -7.07 0.38
Pedestrian 0.00 0 -3.69 707.90 173.00 722.69 198.93 1.75 0.57 0.82 7.14 1.76 49.16 -3.55 0.30
Car 0.00 0 -5.16 624.99 177.56 672.70 199.60 1.49 1.70 4.39 2.71 1.84 51.98 -5.10 0.26
Pedestrian 0.00 0 -6.63 935.73 160.14 997.98 262.87 1.87 0.69 0.86 6.62 1.64 13.52 -6.18 0.26
Car 0.00 0 -6.14 428.00 165.74 537.43 212.32 1.96 1.76 4.45 -5.48 1.66 31.22 -6.31 0.26
Car 0.00 0 -2.91 480.80 170.45 559.47 202.34 1.85 1.74 4.36 -5.34 1.71 42.91 -3.03 0.25
Pedestrian 0.00 0 -7.63 410.97 168.94 425.32 202.37 1.87 0.65 0.67 -10.83 1.65 40.62 -7.89 0.20
Car 0.00 0 -7.85 520.33 170.83 546.76 199.27 1.86 1.73 4.22 -5.26 1.73 49.46 -7.95 0.19
Pedestrian 0.00 0 -8.02 1071.49 148.58 1113.72 241.97 1.95 0.59 1.07 10.41 1.44 15.67 -7.44 0.19
Car 0.00 0 -5.40 1223.23 157.69 1241.00 203.43 1.47 1.47 3.51 23.37 0.98 25.02 -4.65 0.18
Cyclist 0.00 0 -8.58 1080.84 162.50 1153.36 236.97 1.71 0.46 1.63 12.13 1.47 17.38 -7.97 0.17
Pedestrian 0.00 0 -7.98 724.50 178.88 737.40 207.43 1.56 0.60 0.85 6.65 1.89 39.91 -7.82 0.16
Pedestrian 0.00 0 -7.75 1136.09 154.65 1188.25 257.28 1.80 0.67 0.90 10.05 1.48 13.20 -7.10 0.15
Car 0.00 0 -5.82 481.76 177.79 552.76 205.01 1.45 1.49 3.65 -5.21 1.74 40.30 -5.94 0.13
Pedestrian 0.00 0 -6.59 882.79 158.34 929.40 247.02 1.94 0.69 0.79 6.57 1.62 16.15 -6.20 0.13
Car 0.00 0 -8.13 709.02 175.68 770.91 217.40 1.64 1.62 3.71 5.38 1.77 30.52 -7.95 0.12
Pedestrian 0.00 0 -3.23 863.11 162.04 911.27 243.68 1.92 0.60 1.03 6.61 1.66 17.38 -2.87 0.11
