Car 0.00 0 -4.23 185.42 192.45 289.05 237.04 1.43 1.70 4.24 -13.93 2.23 27.17 -4.71 0.94
Pedestrian 0.00 0 -3.24 1015.20 160.67 1069.86 249.24 1.77 0.56 0.91 8.82 1.52 14.83 -2.70 0.28
Pedestrian 0.00 0 -5.82 786.72 175.31 804.68 208.44 1.80 0.69 0.73 10.23 1.94 39.86 -5.56 0.23
Car 0.00 0 -4.71 701.50 182.28 744.54 221.05 1.43 1.63 3.62 4.57 1.84 29.43 -4.55 0.21
Car 0.00 0 -5.97 370.93 187.06 471.08 220.74 1.45 1.61 4.12 -8.60 2.12 32.85 -6.22 0.16
Car 0.00 0 -6.36 632.57 180.02 704.42 205.50 1.53 1.71 4.32 3.55 1.99 44.76 -6.28 0.15
Pedestrian 0.00 0 -4.41 923.73 169.69 954.95 232.36 1.72 0.62 0.70 9.21 1.63 20.28 -3.98 0.14
Cyclist 0.00 0 -4.53 549.94 175.30 577.09 232.78 1.75 0.58 1.57 -1.51 1.83 22.88 -4.59 0.13
Pedestrian 0.00 0 -4.05 797.98 166.83 818.75 207.52 1.95 0.67 0.72 9.60 1.66 35.07 -3.78 0.12
Car 0.00 0 -8.11 439.88 183.23 482.36 210.53 1.49 1.59 3.69 -8.92 2.13 42.87 -8.31 0.10
Pedestrian 0.00 0 -4.41 1099.40 157.30 1159.34 265.73 1.72 0.62 0.71 8.51 1.47 11.89 -3.79 0.10
