Car 0.00 0 -4.07 0.00 197.57 185.54 317.53 1.44 1.56 3.87 -8.68 1.90 11.42 -4.72 0.93
Car 0.00 0 -7.85 597.86 176.63 625.83 203.98 1.60 1.65 3.75 0.08 1.84 44.47 -7.85 0.90
Pedestrian 0.00 0 -8.08 919.25 175.54 940.28 217.87 1.54 0.59 0.59 11.76 1.64 26.65 -7.66 0.18
Pedestrian 0.00 0 -3.65 203.90 199.55 363.76 374.00 1.68 0.52 0.75 -2.07 1.86 4.50 -4.08 0.18
Cyclist 0.00 0 -4.62 665.26 172.08 679.71 205.37 1.72 0.61 1.65 3.27 1.68 38.06 -4.53 0.14
Pedestrian 0.00 0 -4.34 1014.08 148.53 1032.50 190.13 1.85 0.60 0.44 18.57 0.77 32.49 -3.82 0.12
Car 0.00 0 -2.49 444.95 180.48 520.52 208.96 1.56 1.70 4.17 -7.48 2.02 42.15 -2.66 0.11
Pedestrian 0.00 0 -7.75 812.96 159.64 829.23 201.26 1.98 0.68 0.75 10.15 1.35 34.83 -7.47 0.11
Car 0.00 0 -4.71 1141.20 157.77 1171.80 181.26 1.54 1.62 4.01 37.46 0.55 49.50 -4.06 0.11
Pedestrian 0.00 0 -7.12 930.72 164.54 974.00 230.27 1.74 0.67 0.84 9.24 1.52 19.59 -6.68 0.11
Car 0.00 0 -6.67 744.26 174.60 814.69 199.75 1.50 1.61 3.90 10.37 1.61 44.38 -6.44 0.10
