Car 0.00 0 -7.69 443.71 183.66 534.85 252.67 1.44 1.58 3.81 -2.87 1.74 17.59 -7.85 0.93
Car 0.00 0 -4.39 243.06 172.34 479.78 332.35 1.69 1.68 4.29 -3.07 1.69 9.78 -4.70 0.90
Car 0.00 0 -8.66 932.26 203.70 1241.00 374.00 1.56 1.55 3.76 2.41 1.73 2.08 -7.80 0.89
Car 0.00 0 -4.77 638.94 176.64 677.90 210.97 1.53 1.64 3.74 2.22 1.72 34.35 -4.70 0.83
Car 0.00 0 -4.55 554.66 167.34 587.19 195.64 2.00 1.72 4.25 -2.86 1.61 53.16 -4.60 0.59
Car 0.00 0 -4.49 522.62 176.14 555.76 198.50 1.47 1.53 3.65 -4.90 1.71 50.04 -4.59 0.48
Pedestrian 0.00 0 -7.51 285.59 168.11 340.62 270.20 1.78 0.72 0.70 -5.37 1.70 12.94 -7.91 0.42
Pedestrian 0.00 0 -6.48 269.42 171.63 298.32 236.49 1.82 0.57 0.66 -9.40 1.79 20.70 -6.91 0.33
Pedestrian 0.00 0 -5.65 676.66 172.35 693.28 200.86 1.77 0.61 0.84 4.66 1.73 45.17 -5.55 0.33
Pedestrian 0.00 0 -8.12 441.51 175.16 467.77 228.59 1.75 0.70 0.67 -5.24 1.83 24.12 -8.34 0.30
Car 0.00 0 -7.87 636.17 170.88 660.08 195.31 1.71 1.68 4.32 2.73 1.58 52.81 -7.81 0.29
Car 0.00 0 -4.63 574.53 172.32 597.19 192.32 1.64 1.61 3.98 -2.04 1.60 61.34 -4.66 0.25
Pedestrian 0.00 0 -7.65 1011.01 163.31 1052.34 246.58 1.78 0.67 0.64 9.22 1.57 15.87 -7.12 0.18
Pedestrian 0.00 0 -3.76 763.84 169.78 799.96 238.64 1.82 0.65 0.70 4.60 1.74 19.53 -3.53 0.17
Cyclist 0.00 0 -8.02 508.24 175.00 518.01 204.19 1.64 0.31 1.48 -5.61 1.77 41.51 -8.16 0.17
Pedestrian 0.00 0 -4.51 0.00 161.41 5.45 374.00 1.73 0.65 0.86 -5.36 1.65 5.73 -5.26 0.13
Car 0.00 0 -6.14 475.12 174.91 538.16 200.45 1.55 1.61 3.69 -6.42 1.68 44.84 -6.28 0.13
Pedestrian 0.00 0 -4.77 742.84 175.57 757.40 215.47 1.68 0.58 0.54 5.91 1.79 30.65 -4.58 0.12
Pedestrian 0.00 0 -7.51 283.45 185.42 311.94 240.52 1.86 0.74 0.62 -10.77 2.29 24.79 -7.92 0.11
Cyclist 0.00 0 -8.34 962.85 157.53 1089.82 329.93 1.78 0.50 1.73 4.66 1.62 8.31 -7.83 0.11
Pedestrian 0.00 0 -4.67 1.92 167.18 49.73 279.32 1.69 0.55 0.77 -9.23 1.60 11.35 -5.35 0.10
Pedestrian 0.00 0 -3.94 740.45 169.11 753.18 207.07 1.85 0.51 0.36 6.69 1.67 35.51 -3.75 0.10
