Car 0.00 0 -3.99 0.00 205.15 100.82 330.61 1.38 1.59 3.66 -9.71 1.95 10.74 -4.72 0.94
Car 0.00 0 -4.41 371.00 187.73 429.76 221.46 1.38 1.57 3.71 -9.58 2.10 33.08 -4.70 0.85
Car 0.00 0 -7.98 596.20 176.61 628.93 203.08 1.61 1.63 3.71 0.09 1.86 46.39 -7.98 0.68
Pedestrian 0.00 0 -6.13 0.00 162.86 95.55 374.00 1.86 0.65 1.03 -5.52 1.77 6.73 -6.82 0.63
Pedestrian 0.00 0 -5.08 817.86 133.47 933.10 353.07 1.93 0.72 0.95 2.42 1.58 6.82 -4.73 0.61
Pedestrian 0.00 0 -7.44 764.14 164.17 842.13 313.47 1.70 0.65 0.80 2.29 1.60 8.73 -7.18 0.60
Cyclist 0.00 0 -9.08 870.92 130.00 1169.81 374.00 1.86 0.56 1.80 2.82 1.60 5.23 -8.59 0.41
Pedestrian 0.00 0 -6.85 699.55 171.02 717.80 204.18 1.82 0.63 0.78 5.43 1.72 39.96 -6.72 0.32
Pedestrian 0.00 0 -6.34 934.10 158.83 951.14 187.98 1.92 0.56 1.00 22.06 1.00 47.92 -5.91 0.30
Pedestrian 0.00 0 -7.39 1123.58 154.35 1147.22 189.61 1.82 0.68 0.88 27.44 0.87 37.74 -6.76 0.28
Cyclist 0.00 0 -2.89 819.29 161.89 1005.26 338.23 1.71 0.62 1.75 3.16 1.60 7.75 -2.50 0.27
Pedestrian 0.00 0 -3.27 949.60 162.91 957.90 209.06 1.83 0.45 0.24 13.73 1.44 28.90 -2.83 0.25
Car 0.00 0 -8.01 1086.08 151.21 1138.46 184.26 1.59 1.63 3.81 25.55 0.55 36.86 -7.40 0.24
Car 0.00 0 -4.41 443.25 183.50 495.11 215.76 1.45 1.55 3.46 -6.89 2.00 35.41 -4.61 0.21
Car 0.00 0 -4.49 469.18 183.09 510.40 210.88 1.44 1.54 3.58 -6.77 2.05 40.70 -4.65 0.21
Car 0.00 0 -6.21 1074.27 154.94 1162.27 185.47 1.76 1.68 4.23 30.62 0.73 43.58 -5.59 0.18
Pedestrian 0.00 0 -7.86 771.09 171.25 785.67 203.67 1.72 0.76 0.89 9.03 1.64 38.88 -7.63 0.16
Cyclist 0.00 0 -8.11 1079.35 171.89 1149.73 275.10 1.56 0.51 1.76 8.18 1.55 11.84 -7.50 0.15
Car 0.00 0 -4.66 641.88 179.65 680.01 214.18 1.45 1.56 3.63 2.34 1.78 33.01 -4.59 0.14
Car 0.00 0 -7.64 397.02 184.37 463.16 228.08 1.50 1.65 4.15 -6.91 1.98 27.94 -7.89 0.14
Car 0.00 0 -5.01 833.42 168.14 868.63 188.31 1.56 1.61 3.86 19.19 1.19 57.67 -4.69 0.12
Pedestrian 0.00 0 -7.99 769.93 166.18 785.48 203.79 1.90 0.69 0.64 8.50 1.56 36.76 -7.76 0.11
Cyclist 0.00 0 -7.31 357.08 178.46 377.45 204.98 1.59 0.46 1.53 -14.97 1.94 44.43 -7.63 0.11
