Cyclist 0.00 0 -8.53 1136.19 134.28 1241.00 374.00 1.83 0.60 1.76 5.51 1.54 6.37 -7.82 0.84
Car 0.00 0 -4.66 569.36 176.19 612.41 214.50 1.62 1.75 4.38 -0.85 1.78 33.02 -4.69 0.67
Car 0.00 0 -7.86 665.38 173.64 690.52 197.78 1.63 1.69 4.28 4.76 1.68 50.98 -7.76 0.62
Car 0.00 0 -7.79 492.92 177.40 521.10 201.57 1.59 1.67 4.32 -7.21 1.93 50.61 -7.93 0.38
Pedestrian 0.00 0 -8.07 1080.55 163.02 1102.03 205.26 1.88 0.68 0.69 21.72 1.45 32.63 -7.48 0.28
Car 0.00 0 -5.87 1024.07 171.96 1123.28 203.71 1.45 1.57 3.72 22.31 1.41 34.90 -5.30 0.19
Car 0.00 0 -7.86 689.93 175.60 714.17 199.18 1.54 1.59 3.57 6.25 1.73 49.32 -7.73 0.18
Car 0.00 0 -5.06 1139.56 170.60 1193.53 196.11 1.66 1.61 4.09 37.81 1.51 49.16 -4.41 0.18
Pedestrian 0.00 0 -3.84 1149.83 158.76 1175.26 194.45 1.87 0.60 0.89 29.09 1.13 38.04 -3.19 0.17
Pedestrian 0.00 0 -4.63 247.20 194.75 352.19 374.00 1.68 0.55 0.77 -1.97 1.83 4.52 -5.04 0.17
Pedestrian 0.00 0 -4.32 1208.67 146.53 1241.00 282.37 1.75 0.59 0.87 8.64 1.41 9.77 -3.60 0.15
Car 0.00 0 -4.33 511.63 177.78 557.83 202.05 1.53 1.64 4.25 -5.07 1.88 48.83 -4.43 0.15
Car 0.00 0 -8.41 1049.88 171.78 1241.00 273.63 1.45 1.64 4.43 9.61 1.44 12.56 -7.76 0.13
Car 0.00 0 -7.00 731.11 174.75 786.81 198.42 1.65 1.67 3.79 10.79 1.80 52.34 -6.80 0.13
Pedestrian 0.00 0 -7.48 517.57 177.26 530.45 204.52 1.72 0.62 0.65 -5.52 2.00 46.06 -7.60 0.12
Pedestrian 0.00 0 -7.66 501.66 178.17 512.92 205.64 1.73 0.58 0.75 -6.58 2.07 46.04 -7.80 0.11
Pedestrian 0.00 0 -4.18 1173.49 164.69 1192.17 207.50 1.80 0.52 0.35 24.24 1.45 30.59 -3.51 0.11
Car 0.00 0 -6.78 1009.86 168.61 1098.45 197.71 1.51 1.62 3.67 23.46 1.29 38.26 -6.23 0.10
Car 0.00 0 -5.59 838.43 188.08 914.78 215.79 1.49 1.68 4.19 15.92 2.45 43.38 -5.24 0.10
