Car 0.00 0 -7.98 660.27 183.08 715.21 226.19 1.49 1.59 4.04 2.89 1.91 27.89 -7.88 0.93
Car 0.00 0 -4.59 488.35 187.51 555.34 241.68 1.47 1.62 3.95 -2.72 1.97 22.62 -4.71 0.89
Car 0.00 0 -7.99 544.51 184.74 579.20 213.31 1.47 1.50 3.40 -2.78 2.17 40.53 -8.05 0.76
Car 0.00 0 -7.69 503.93 187.32 560.09 229.61 1.45 1.57 3.80 -3.00 2.05 28.05 -7.80 0.27
Car 0.00 0 -4.63 634.51 179.54 657.12 199.44 1.60 1.60 3.82 3.05 2.19 61.36 -4.58 0.23
Car 0.00 0 -7.93 645.06 179.03 678.45 209.29 1.69 1.67 3.91 3.01 2.08 43.06 -7.87 0.22
Car 0.00 0 -7.97 656.74 183.80 701.87 219.17 1.48 1.63 3.81 3.10 2.01 33.25 -7.88 0.19
Car 0.00 0 -8.15 610.23 183.07 661.53 214.84 1.53 1.63 3.85 1.27 2.10 38.10 -8.12 0.17
Cyclist 0.00 0 -5.53 0.00 190.47 19.91 374.00 1.75 0.59 1.78 -6.95 1.93 7.03 -6.31 0.17
Car 0.00 0 -4.41 501.06 183.96 542.46 208.28 1.52 1.68 3.98 -5.98 2.30 49.04 -4.53 0.10
Car 0.00 0 -5.62 0.00 191.33 147.61 305.51 1.65 1.66 3.81 -9.96 1.97 11.62 -6.33 0.10
Pedestrian 0.00 0 -6.74 481.51 185.41 497.05 218.57 1.67 0.68 0.54 -6.24 2.32 37.04 -6.90 0.10
