Car 0.00 0 -8.05 668.33 174.94 761.83 246.61 1.58 1.61 3.56 2.44 1.64 17.88 -7.91 0.97
Car 0.00 0 -7.29 0.00 174.54 327.57 374.00 1.75 1.69 4.09 -4.59 1.77 7.35 -7.85 0.97
Car 0.00 0 -4.49 391.17 184.42 475.30 242.53 1.50 1.60 3.79 -5.14 1.87 21.26 -4.73 0.94
Car 0.00 0 -4.57 480.92 181.48 524.42 213.42 1.50 1.65 4.13 -5.49 1.97 37.10 -4.72 0.81
Cyclist 0.00 0 -4.42 535.90 174.09 556.40 209.35 1.85 0.58 1.87 -3.46 1.91 38.80 -4.51 0.36
Car 0.00 0 -2.73 522.34 176.88 573.97 199.12 1.63 1.67 3.52 -4.70 1.94 54.61 -2.82 0.28
Car 0.00 0 -7.85 630.19 174.61 651.38 195.74 1.64 1.65 3.91 2.47 1.78 58.14 -7.80 0.26
Pedestrian 0.00 0 -5.30 395.43 179.16 418.83 220.88 1.72 0.61 0.79 -8.58 1.99 30.35 -5.58 0.20
Cyclist 0.00 0 -4.89 780.58 173.64 811.43 235.66 1.60 0.51 1.71 4.98 1.63 19.56 -4.64 0.19
Pedestrian 0.00 0 -4.70 963.68 108.45 1067.92 374.00 1.94 0.60 0.99 2.86 1.53 5.19 -4.19 0.19
Pedestrian 0.00 0 -4.67 942.59 173.05 975.06 259.20 1.52 0.51 0.63 6.31 1.53 13.16 -4.22 0.18
Cyclist 0.00 0 -4.71 464.68 178.27 472.46 207.17 1.67 0.44 1.57 -8.42 2.00 42.77 -4.91 0.13
Cyclist 0.00 0 -7.92 675.94 173.25 684.06 197.89 1.65 0.44 1.51 4.72 1.67 49.01 -7.83 0.11
