Car 0.00 0 -4.41 287.08 196.50 456.78 307.41 1.40 1.55 3.80 -3.74 1.86 11.85 -4.72 0.97
Car 0.00 0 -8.27 792.51 183.74 1224.54 374.00 1.54 1.67 4.46 3.06 1.68 6.85 -7.85 0.96
Car 0.00 0 -8.07 728.57 180.38 873.36 288.50 1.54 1.58 3.71 3.04 1.69 12.40 -7.83 0.96
Car 0.00 0 -4.29 15.16 198.66 352.27 374.00 1.52 1.56 3.32 -3.85 1.83 7.10 -4.79 0.93
Car 0.00 0 -8.12 640.17 181.75 695.95 217.13 1.52 1.64 3.85 2.63 1.96 33.97 -8.05 0.91
Car 0.00 0 -3.15 755.42 179.22 865.05 223.22 1.49 1.62 3.70 7.14 1.73 26.06 -2.89 0.81
Car 0.00 0 -4.82 594.03 180.79 624.26 205.40 1.55 1.64 3.68 -0.12 2.11 48.61 -4.82 0.77
Car 0.00 0 -3.61 888.76 171.44 1020.46 216.73 1.53 1.58 3.86 11.94 1.48 25.23 -3.17 0.48
Car 0.00 0 -3.84 548.90 180.70 593.95 199.66 1.58 1.58 3.85 -3.40 2.29 63.59 -3.89 0.35
Car 0.00 0 -4.08 621.86 179.05 664.79 197.28 1.44 1.57 3.90 2.79 1.97 60.28 -4.03 0.31
Pedestrian 0.00 0 -8.47 488.24 178.41 501.80 206.45 1.93 0.57 0.81 -8.07 2.33 50.46 -8.63 0.25
Cyclist 0.00 0 -7.38 69.54 188.63 168.56 323.41 1.71 0.43 1.74 -6.98 1.96 10.26 -7.98 0.19
Pedestrian 0.00 0 -4.02 1097.37 135.36 1241.00 359.74 1.89 0.64 0.85 4.95 1.57 6.47 -3.37 0.17
Car 0.00 0 -3.60 990.88 146.53 1195.20 218.73 1.85 1.72 4.29 12.89 1.17 19.55 -3.02 0.16
Car 0.00 0 -4.92 674.98 176.73 712.82 203.95 1.65 1.62 4.01 5.33 1.92 46.52 -4.81 0.15
Cyclist 0.00 0 -5.37 959.70 161.74 1074.37 296.62 1.75 0.52 1.63 5.65 1.61 10.21 -4.86 0.15
Car 0.00 0 -5.11 664.31 176.72 698.10 193.92 1.47 1.59 3.97 6.34 1.83 64.88 -5.02 0.14
Car 0.00 0 -4.91 692.53 174.70 717.97 191.82 1.53 1.58 3.96 8.81 1.71 67.17 -4.78 0.14
Car 0.00 0 -7.58 0.00 185.39 61.66 230.38 1.47 1.57 3.87 -21.94 1.97 26.79 -8.26 0.13
Pedestrian 0.00 0 -8.63 1137.69 132.23 1169.86 183.35 1.80 0.73 0.56 19.38 0.37 25.78 -7.99 0.10
