Car 0.00 0 -7.60 362.16 188.62 468.03 255.78 1.38 1.55 3.48 -4.40 1.47 16.73 -7.86 0.98
Car 0.00 0 -7.34 93.33 196.10 274.31 279.51 1.41 1.55 3.58 -8.34 1.66 14.43 -7.86 0.96
Car 0.00 0 -7.68 443.66 183.20 504.90 224.07 1.40 1.58 3.93 -4.91 1.34 26.68 -7.86 0.95
Car 0.00 0 -7.25 0.00 198.92 310.07 375.00 1.47 1.57 4.11 -4.07 1.62 5.77 -7.86 0.94
Car 0.00 0 -7.85 577.03 178.05 610.31 208.61 1.55 1.69 3.67 -0.78 1.19 38.34 -7.87 0.93
Car 0.00 0 -7.57 314.97 179.79 396.24 228.05 1.55 1.59 4.08 -8.74 1.38 25.14 -7.90 0.88
Car 0.00 0 -7.03 0.00 201.42 10.25 316.18 1.50 1.63 4.25 -12.74 1.82 12.12 -7.84 0.86
Car 0.00 0 -7.74 489.63 181.53 528.14 211.28 1.42 1.50 3.60 -4.95 1.24 36.10 -7.87 0.80
Car 0.00 0 -7.73 431.38 179.81 464.69 205.82 1.53 1.56 3.76 -9.81 1.21 44.25 -7.95 0.35
Car 0.00 0 -7.67 388.11 181.17 437.51 214.73 1.48 1.58 3.71 -9.07 1.30 33.58 -7.94 0.34
Car 0.00 0 -7.87 315.36 181.66 351.46 213.22 1.44 1.56 3.55 -13.34 1.28 34.81 -8.23 0.24
Car 0.00 0 -7.81 476.04 174.30 499.81 196.95 1.69 1.63 3.81 -9.23 0.87 55.47 -7.97 0.24
Car 0.00 0 -4.67 654.18 178.59 692.71 214.28 1.51 1.58 3.99 2.98 1.23 32.48 -4.58 0.24
Cyclist 0.00 0 -5.10 20.20 204.44 96.17 295.02 1.59 0.54 1.65 -10.39 1.97 13.50 -5.76 0.16
Pedestrian 0.00 0 -3.88 1064.81 165.33 1139.94 301.81 1.66 0.54 0.56 6.16 1.42 9.04 -3.28 0.16
Car 0.00 0 -7.39 136.34 170.97 270.70 236.79 1.83 1.74 4.60 -12.35 1.43 22.27 -7.90 0.15
Pedestrian 0.00 0 -8.32 765.76 173.28 790.91 226.11 1.75 0.63 0.57 5.70 1.36 24.19 -8.09 0.12
Pedestrian 0.00 0 -4.47 808.51 197.49 875.01 343.97 1.42 0.50 0.76 2.39 1.55 7.48 -4.16 0.12
