Cyclist 0.00 0 -8.12 681.47 172.61 699.53 205.27 1.84 0.56 1.87 4.60 1.83 41.67 -8.01 0.66
Pedestrian 0.00 0 -8.85 989.09 162.90 1066.61 297.07 1.79 0.67 0.68 5.77 1.65 10.06 -8.33 0.62
Pedestrian 0.00 0 -5.30 861.37 170.89 894.83 226.62 1.73 0.65 0.82 8.46 1.67 22.92 -4.95 0.32
Pedestrian 0.00 0 -6.13 673.19 175.32 686.14 199.95 1.92 0.54 0.94 5.44 2.11 56.57 -6.04 0.25
Pedestrian 0.00 0 -4.37 736.67 171.32 756.79 214.77 1.80 0.63 0.73 5.72 1.74 30.38 -4.18 0.25
Car 0.00 0 -4.90 1029.39 174.74 1084.43 209.79 1.60 1.59 3.80 21.69 1.70 35.21 -4.35 0.24
Pedestrian 0.00 0 -3.85 1117.66 160.01 1197.04 277.06 1.83 0.63 0.80 8.73 1.63 11.60 -3.21 0.20
Cyclist 0.00 0 -4.67 614.06 175.01 633.08 224.36 1.78 0.65 1.62 0.47 1.86 26.85 -4.65 0.19
Car 0.00 0 -7.87 486.38 181.19 541.50 235.53 1.52 1.59 3.96 -3.14 1.81 22.94 -8.01 0.19
Car 0.00 0 -5.46 1189.37 187.10 1241.00 214.40 1.50 1.52 3.95 37.43 2.40 43.67 -4.75 0.17
Cyclist 0.00 0 -4.39 480.30 179.98 492.44 202.81 1.70 0.47 1.49 -9.43 2.25 54.89 -4.56 0.13
Pedestrian 0.00 0 -5.60 1155.97 180.06 1241.00 374.00 1.74 0.56 0.68 3.71 1.79 4.24 -4.88 0.13
Pedestrian 0.00 0 -4.18 1050.22 164.77 1073.95 208.49 1.93 0.67 0.63 20.17 1.57 32.26 -3.62 0.12
Pedestrian 0.00 0 -3.33 727.51 174.90 740.13 197.41 1.82 0.47 0.94 10.01 1.98 58.45 -3.16 0.12
Car 0.00 0 -6.94 1196.10 190.26 1241.00 228.11 1.49 1.56 3.62 27.01 2.25 30.24 -6.21 0.11
