Pedestrian 0.00 0 -4.01 100.95 152.78 228.62 339.27 1.82 0.71 0.94 -4.58 1.54 7.52 -4.56 0.83
Car 0.00 0 -8.48 877.22 91.53 1237.00 373.00 1.85 1.67 4.06 3.25 1.55 4.43 -7.84 0.62
Pedestrian 0.00 0 -4.71 509.22 169.67 535.47 228.17 1.71 0.77 0.93 -2.40 1.37 21.54 -4.82 0.55
Pedestrian 0.00 0 -7.67 359.96 192.00 432.80 352.86 1.52 0.57 0.85 -2.11 1.63 7.29 -7.96 0.27
Cyclist 0.00 0 -8.12 676.85 168.04 692.89 200.40 1.60 0.38 1.65 4.21 0.94 36.39 -8.00 0.27
Pedestrian 0.00 0 -7.68 299.34 188.17 376.23 344.41 1.51 0.63 0.74 -2.75 1.59 7.41 -8.04 0.26
Cyclist 0.00 0 -8.19 643.78 167.92 666.07 208.28 1.70 0.45 1.64 2.29 1.13 31.09 -8.11 0.22
Car 0.00 0 -3.30 464.14 174.12 537.21 199.94 1.54 1.63 4.24 -6.20 1.10 44.18 -3.44 0.21
Cyclist 0.00 0 -7.06 685.60 166.66 720.99 202.38 1.73 0.67 1.78 5.06 1.01 35.66 -6.92 0.21
Pedestrian 0.00 0 -4.11 395.19 184.19 454.60 289.50 1.48 0.53 0.74 -2.63 1.53 10.58 -4.35 0.19
Pedestrian 0.00 0 -8.46 747.97 176.91 790.46 249.20 1.49 0.64 0.61 3.50 1.39 15.16 -8.24 0.17
Cyclist 0.00 0 -4.72 664.89 170.44 678.08 216.14 1.63 0.47 1.38 2.54 1.24 26.31 -4.62 0.16
Pedestrian 0.00 0 -8.17 678.19 173.79 705.66 228.04 1.58 0.61 0.72 2.65 1.35 21.29 -8.05 0.16
Pedestrian 0.00 0 -4.00 1118.42 118.92 1237.00 289.94 1.98 0.68 0.97 6.97 1.26 8.75 -3.33 0.15
Pedestrian 0.00 0 -4.88 727.75 175.05 755.31 239.13 1.57 0.57 0.66 3.46 1.41 17.94 -4.69 0.14
Pedestrian 0.00 0 -4.88 339.11 180.91 371.34 252.88 1.58 0.57 0.73 -5.60 1.57 16.22 -5.21 0.12
Car 0.00 0 -7.46 343.65 179.36 486.08 258.35 1.51 1.63 3.92 -3.95 1.47 15.75 -7.71 0.11
Car 0.00 0 -6.54 460.01 169.08 524.24 197.05 1.76 1.71 3.82 -7.10 0.98 46.69 -6.69 0.11
Pedestrian 0.00 0 -8.15 667.96 174.33 694.06 224.84 1.56 0.60 0.81 2.47 1.34 22.59 -8.04 0.11
Pedestrian 0.00 0 -3.04 100.07 161.44 182.60 309.90 1.79 0.55 0.83 -5.85 1.55 9.10 -3.61 0.10
