Car 0.00 0 -8.05 687.13 174.22 812.30 272.76 1.67 1.69 3.58 2.52 1.70 14.06 -7.87 0.98
Car 0.00 0 -4.50 394.89 184.02 519.29 278.73 1.52 1.62 3.39 -2.81 1.76 13.72 -4.70 0.93
Car 0.00 0 -7.97 652.19 174.00 717.86 230.36 1.70 1.68 4.15 2.35 1.74 23.92 -7.87 0.90
Car 0.00 0 -4.63 531.67 179.38 566.93 211.43 1.56 1.54 4.05 -3.19 1.93 38.04 -4.72 0.85
Car 0.00 0 -7.99 669.76 181.53 749.53 245.98 1.47 1.56 3.60 2.44 1.72 18.74 -7.86 0.83
Cyclist 0.00 0 -8.27 812.17 177.07 880.44 272.16 1.64 0.56 1.71 4.29 1.72 13.39 -7.95 0.61
Car 0.00 0 -7.96 641.46 173.34 682.83 209.24 1.79 1.70 4.53 2.67 1.82 38.32 -7.89 0.60
Car 0.00 0 -4.84 631.35 176.14 664.88 203.90 1.67 1.61 4.02 2.35 1.89 45.88 -4.79 0.39
Pedestrian 0.00 0 -7.96 413.13 178.85 432.85 226.62 1.66 0.62 0.58 -6.66 1.87 25.50 -8.21 0.27
Pedestrian 0.00 0 -7.71 497.00 180.41 509.84 210.23 1.61 0.59 0.81 -5.87 2.02 39.49 -7.86 0.24
Pedestrian 0.00 0 -4.75 931.87 162.92 982.17 282.80 1.75 0.66 0.84 5.25 1.61 11.07 -4.31 0.13
Pedestrian 0.00 0 -7.75 514.23 176.84 525.37 203.88 1.75 0.65 0.73 -5.93 2.01 47.19 -7.87 0.11
Pedestrian 0.00 0 -4.71 852.85 156.40 885.85 258.93 1.95 0.59 0.79 5.05 1.64 14.19 -4.37 0.11
Car 0.00 0 -5.42 1034.25 94.26 1195.77 157.23 1.54 1.66 3.88 14.23 -0.49 20.69 -4.81 0.10
