Car 0.00 0 -7.92 680.82 179.69 737.70 229.57 1.53 1.65 3.54 3.24 1.78 24.41 -7.79 0.96
Car 0.00 0 -5.31 858.38 208.74 1241.00 374.00 1.44 1.70 4.14 3.05 1.77 4.48 -4.71 0.96
Car 0.00 0 -4.29 56.10 199.88 430.67 374.00 1.31 1.59 3.87 -3.05 1.64 6.87 -4.71 0.92
Car 0.00 0 -7.96 664.02 179.98 713.68 219.84 1.50 1.63 3.80 3.15 1.82 29.80 -7.86 0.91
Car 0.00 0 -4.58 544.89 179.09 580.63 206.95 1.51 1.59 3.81 -2.74 1.89 41.95 -4.65 0.66
Car 0.00 0 -4.76 648.00 176.76 674.20 201.12 1.54 1.57 3.87 3.35 1.81 48.24 -4.69 0.23
Pedestrian 0.00 0 -5.55 0.00 154.81 18.03 274.90 1.72 0.58 0.63 -9.35 1.47 10.66 -6.27 0.19
Pedestrian 0.00 0 -8.19 892.04 151.31 908.65 188.10 1.92 0.68 0.53 15.25 0.80 38.00 -7.81 0.15
Car 0.00 0 -4.53 635.86 175.16 661.18 192.83 1.49 1.54 3.76 3.38 1.69 63.21 -4.47 0.13
Pedestrian 0.00 0 -5.52 0.00 150.73 49.22 267.48 1.78 0.55 0.68 -9.38 1.44 11.28 -6.21 0.12
Pedestrian 0.00 0 -4.87 833.71 172.90 864.55 241.78 1.79 0.67 0.72 6.28 1.79 19.11 -4.55 0.12
Pedestrian 0.00 0 -3.91 798.48 162.41 809.46 192.85 1.91 0.53 0.42 12.26 1.26 45.71 -3.64 0.12
Pedestrian 0.00 0 -3.63 1048.63 169.32 1096.20 269.36 1.80 0.60 0.52 8.45 1.73 13.28 -3.06 0.11
Pedestrian 0.00 0 -2.96 783.06 167.27 792.56 202.66 1.94 0.58 0.41 9.81 1.64 39.92 -2.72 0.11
Pedestrian 0.00 0 -4.71 42.62 166.38 97.34 281.46 1.58 0.61 0.67 -7.78 1.49 10.33 -5.35 0.11
