Car 0.00 0 -3.24 1000.15 177.19 1239.19 250.49 1.47 1.68 4.28 11.29 1.58 16.46 -2.64 0.93
Car 0.00 0 -7.04 695.20 194.56 772.06 232.58 1.54 1.51 3.28 5.55 2.56 32.51 -6.88 0.77
Car 0.00 0 -2.71 740.18 168.94 888.78 231.44 1.85 1.76 4.30 6.53 1.74 23.45 -2.44 0.47
Pedestrian 0.00 0 -7.73 754.76 189.05 771.37 226.57 1.81 0.74 0.53 7.49 2.61 35.48 -7.52 0.42
Car 0.00 0 -8.00 602.11 178.96 653.20 222.80 2.14 2.02 4.82 0.83 2.49 38.48 -7.98 0.26
Pedestrian 0.00 0 -4.00 1030.99 174.65 1066.87 236.57 1.67 0.56 0.65 12.04 1.72 19.87 -3.46 0.23
Pedestrian 0.00 0 -5.06 804.89 178.16 827.11 225.28 1.93 0.64 0.84 8.53 2.15 30.04 -4.78 0.19
Cyclist 0.00 0 -7.76 1029.23 175.95 1052.01 226.20 1.64 0.51 1.67 14.59 1.75 24.51 -7.22 0.19
Car 0.00 0 -6.36 514.05 188.55 567.50 208.54 1.48 1.63 4.05 -5.45 2.73 56.37 -6.45 0.13
Pedestrian 0.00 0 -7.36 462.11 179.44 480.06 220.79 2.12 0.67 0.70 -7.28 2.47 37.65 -7.55 0.10
