Pedestrian 0.00 0 -3.59 619.78 162.39 716.69 315.94 1.78 0.60 1.02 0.76 1.56 8.77 -3.50 0.91
Cyclist 0.00 0 -4.55 346.15 169.65 457.33 373.00 1.75 0.60 2.02 -1.70 1.67 6.24 -4.82 0.86
Pedestrian 0.00 0 -4.55 210.57 169.08 326.14 373.00 1.77 0.68 0.83 -2.56 1.69 5.48 -4.99 0.77
Pedestrian 0.00 0 -7.80 551.18 175.01 575.64 234.25 1.69 0.67 0.81 -1.13 1.51 20.91 -7.86 0.76
Pedestrian 0.00 0 -7.95 508.89 173.89 530.64 229.35 1.71 0.60 0.83 -2.60 1.47 22.57 -8.07 0.76
Pedestrian 0.00 0 -5.67 574.91 175.78 603.54 230.81 1.65 0.56 0.67 -0.40 1.48 21.91 -5.69 0.65
Pedestrian 0.00 0 -4.87 601.01 174.94 620.74 229.67 1.68 0.49 0.83 0.26 1.48 22.51 -4.86 0.65
Pedestrian 0.00 0 -3.51 482.20 171.02 510.68 229.04 1.75 0.67 0.67 -3.27 1.44 22.17 -3.66 0.60
Pedestrian 0.00 0 -4.65 591.45 176.13 610.12 233.22 1.63 0.51 0.58 -0.04 1.48 20.83 -4.66 0.54
Pedestrian 0.00 0 -4.90 1021.41 112.29 1201.75 373.00 1.85 0.69 0.88 2.85 1.50 4.18 -4.31 0.53
Pedestrian 0.00 0 -7.97 573.79 170.07 591.64 216.98 1.84 0.61 0.98 -0.77 1.39 28.73 -7.99 0.51
Pedestrian 0.00 0 -3.92 890.47 143.47 965.36 269.61 1.90 0.67 0.84 5.08 1.33 11.29 -3.50 0.49
Pedestrian 0.00 0 -7.90 666.76 167.91 684.42 221.04 1.81 0.57 0.80 2.54 1.35 24.91 -7.79 0.48
Pedestrian 0.00 0 -8.26 623.03 171.26 645.71 215.13 1.80 0.72 0.71 1.35 1.38 29.87 -8.21 0.48
Pedestrian 0.00 0 -3.10 922.54 154.77 967.14 263.12 1.72 0.61 0.64 5.63 1.30 11.85 -2.65 0.45
Cyclist 0.00 0 -2.88 605.57 173.05 637.27 206.12 1.85 0.62 1.69 1.13 1.37 40.62 -2.85 0.42
Pedestrian 0.00 0 -7.91 650.03 169.43 668.53 216.74 1.82 0.68 0.69 2.23 1.36 28.00 -7.83 0.39
Pedestrian 0.00 0 -7.78 882.18 156.75 923.12 261.48 1.76 0.61 0.78 5.24 1.35 12.58 -7.38 0.37
Pedestrian 0.00 0 -7.85 453.06 174.56 466.13 210.52 1.89 0.67 0.51 -7.51 1.52 38.00 -8.05 0.35
Pedestrian 0.00 0 -3.09 703.55 165.23 726.84 220.29 1.89 0.65 0.77 3.95 1.33 25.08 -2.94 0.34
Pedestrian 0.00 0 -6.42 504.11 176.27 517.31 203.56 1.81 0.55 0.80 -6.05 1.46 47.99 -6.55 0.32
Pedestrian 0.00 0 -8.12 478.72 171.84 495.48 210.85 1.82 0.63 0.69 -5.43 1.37 34.04 -8.28 0.31
Pedestrian 0.00 0 -6.55 589.32 170.76 608.77 225.96 1.78 0.58 0.50 -0.11 1.44 23.57 -6.56 0.29
Cyclist 0.00 0 -7.75 441.55 182.38 466.36 247.93 1.63 0.46 1.63 -3.86 1.65 18.70 -7.95 0.29
Car 0.00 0 -7.09 955.46 165.36 1237.00 300.87 1.49 1.57 3.91 6.68 1.32 9.02 -6.46 0.28
Pedestrian 0.00 0 -4.69 319.99 191.29 359.91 289.87 1.50 0.58 0.60 -4.17 1.66 11.34 -5.04 0.28
Pedestrian 0.00 0 -6.10 923.06 156.35 971.36 259.73 1.75 0.59 0.67 6.02 1.32 12.58 -5.65 0.28
Pedestrian 0.00 0 -4.75 0.00 169.84 18.58 372.01 1.71 0.65 0.83 -5.86 1.61 6.59 -5.48 0.28
Pedestrian 0.00 0 -5.05 156.30 171.08 245.20 336.45 1.74 0.63 0.81 -4.55 1.63 8.07 -5.57 0.26
Pedestrian 0.00 0 -4.44 637.99 171.69 662.27 223.28 1.74 0.64 0.82 1.66 1.41 24.77 -4.37 0.25
Cyclist 0.00 0 -8.73 862.31 159.49 1237.00 373.00 1.67 0.61 1.78 2.05 1.60 3.45 -8.19 0.24
Car 0.00 0 -4.83 514.67 179.31 541.10 200.46 1.57 1.58 3.85 -5.68 1.41 55.40 -4.93 0.21
Pedestrian 0.00 0 -4.56 215.93 168.47 260.84 269.28 1.91 0.65 0.95 -7.17 1.66 14.13 -5.03 0.21
Pedestrian 0.00 0 -5.07 1216.72 87.00 1237.00 373.00 1.89 0.64 0.91 4.40 1.37 4.52 -4.30 0.20
Pedestrian 0.00 0 -5.18 636.14 163.37 690.78 264.08 1.88 0.68 1.00 1.15 1.54 13.97 -5.10 0.20
Cyclist 0.00 0 -8.05 689.26 170.65 710.20 216.55 1.71 0.48 1.67 3.74 1.30 27.54 -7.91 0.20
Pedestrian 0.00 0 -4.53 416.57 177.15 452.13 255.63 1.65 0.64 0.67 -3.63 1.56 15.46 -4.76 0.19
Pedestrian 0.00 0 -4.52 330.16 200.53 388.78 323.26 1.37 0.54 0.70 -2.90 1.61 8.52 -4.85 0.19
Pedestrian 0.00 0 -5.08 733.93 165.87 769.23 235.19 1.83 0.65 0.91 4.02 1.41 19.42 -4.87 0.19
Pedestrian 0.00 0 -7.54 461.25 174.40 489.69 230.77 1.72 0.62 0.92 -3.94 1.50 22.36 -7.71 0.16
Cyclist 0.00 0 -7.75 571.61 174.85 581.41 207.66 1.62 0.35 1.52 -1.26 1.30 36.32 -7.79 0.15
Car 0.00 0 -3.16 629.75 177.98 763.58 230.09 1.60 1.63 4.12 3.00 1.50 23.13 -3.03 0.14
Cyclist 0.00 0 -7.25 753.12 169.32 804.17 228.75 1.77 0.73 1.64 5.45 1.41 22.17 -7.01 0.14
Cyclist 0.00 0 -7.99 495.67 175.59 508.84 209.19 1.77 0.50 1.58 -5.36 1.46 38.75 -8.12 0.13
Cyclist 0.00 0 -7.74 500.62 177.96 510.72 205.33 1.62 0.44 1.41 -5.74 1.41 43.13 -7.87 0.13
Pedestrian 0.00 0 -3.52 1066.60 176.51 1197.34 373.00 1.46 0.44 0.64 3.78 1.43 5.22 -2.89 0.12
Cyclist 0.00 0 -7.98 688.48 171.31 702.23 212.72 1.67 0.36 1.61 3.88 1.26 29.85 -7.85 0.11
Pedestrian 0.00 0 -4.61 284.89 169.66 322.50 261.47 1.84 0.64 0.85 -6.21 1.61 14.92 -5.00 0.11
