Car 0.00 0 -4.06 0.00 203.10 162.25 356.03 1.49 1.68 4.10 -8.25 1.99 9.91 -4.75 0.97
Car 0.00 0 -4.42 317.37 182.48 405.77 234.49 1.60 1.74 4.42 -8.63 1.97 25.33 -4.75 0.92
Cyclist 0.00 0 -8.17 886.21 151.28 974.52 303.37 1.89 0.58 1.73 4.28 1.63 9.87 -7.76 0.54
Car 0.00 0 -4.62 469.00 182.17 495.73 203.65 1.54 1.69 3.85 -9.81 2.29 55.52 -4.80 0.54
Car 0.00 0 -3.97 427.14 185.63 495.28 212.36 1.42 1.66 4.04 -8.77 2.22 42.66 -4.18 0.51
Cyclist 0.00 0 -4.34 28.52 184.08 95.90 279.06 1.78 0.54 1.62 -11.05 2.02 14.54 -4.99 0.34
Car 0.00 0 -7.95 602.88 179.15 623.34 194.77 1.40 1.58 3.72 0.25 2.01 68.14 -7.95 0.27
Cyclist 0.00 0 -8.26 873.04 173.65 911.74 227.59 1.63 0.46 1.82 8.83 1.66 22.73 -7.88 0.27
Car 0.00 0 -4.91 517.81 178.18 544.40 197.26 1.56 1.56 3.82 -6.84 2.03 62.07 -5.02 0.18
Pedestrian 0.00 0 -5.53 276.94 182.66 294.37 213.26 1.98 0.72 0.76 -21.31 2.63 47.35 -5.96 0.16
Pedestrian 0.00 0 -3.30 1126.32 149.24 1241.00 374.00 1.83 0.56 0.93 4.33 1.67 5.29 -2.61 0.14
Car 0.00 0 -4.30 199.65 190.39 279.15 227.10 1.45 1.62 4.30 -16.79 2.30 32.84 -4.77 0.12
