Car 0.00 0 -4.49 396.01 179.29 538.61 275.90 1.56 1.78 4.57 -2.66 1.71 14.30 -4.68 0.95
Car 0.00 0 -8.03 674.84 177.07 753.78 234.08 1.53 1.65 4.08 2.99 1.67 21.74 -7.89 0.94
Car 0.00 0 -7.98 659.00 178.26 715.46 220.52 1.46 1.62 4.22 2.84 1.69 27.67 -7.88 0.90
Car 0.00 0 -4.80 666.66 171.49 691.48 191.90 1.74 1.79 4.25 6.03 1.62 63.56 -4.71 0.52
Car 0.00 0 -8.10 709.04 159.69 864.29 272.61 1.86 1.82 4.76 3.20 1.65 14.30 -7.88 0.52
Car 0.00 0 -4.50 580.61 174.41 607.66 192.08 1.52 1.60 4.14 -1.41 1.67 64.67 -4.52 0.47
Car 0.00 0 -3.01 506.22 175.18 566.50 197.55 1.63 1.65 4.29 -5.48 1.81 53.76 -3.12 0.35
Pedestrian 0.00 0 -4.78 403.55 185.14 425.48 243.88 1.52 0.52 0.70 -5.27 1.86 19.27 -5.05 0.21
Cyclist 0.00 0 -7.70 318.70 170.72 354.59 269.38 1.78 0.39 1.71 -5.28 1.74 13.87 -8.06 0.18
Pedestrian 0.00 0 -4.17 0.00 225.39 19.09 374.00 1.26 0.46 0.66 -5.25 1.70 5.78 -4.91 0.16
Pedestrian 0.00 0 -5.46 1128.92 161.15 1214.39 303.48 1.77 0.56 0.68 7.19 1.62 9.33 -4.81 0.15
Pedestrian 0.00 0 -4.84 352.83 168.55 383.45 242.16 1.83 0.64 0.78 -6.23 1.72 18.42 -5.17 0.12
Car 0.00 0 -4.79 630.52 174.56 652.31 193.00 1.58 1.65 3.71 2.74 1.73 63.96 -4.74 0.10
