Car 0.00 0 -7.90 393.66 165.23 438.94 207.16 1.64 1.65 3.92 -8.24 1.34 30.36 -8.17 0.91
Car 0.00 0 -7.03 873.04 155.38 1234.78 296.73 1.54 1.62 3.78 5.41 1.35 9.04 -6.49 0.31
Pedestrian 0.00 0 -5.17 0.00 170.58 64.39 288.76 1.94 0.69 1.10 -10.11 1.90 12.36 -5.85 0.27
Car 0.00 0 -6.83 588.48 165.49 695.44 208.34 1.52 1.62 3.72 1.17 1.26 27.13 -6.79 0.25
Cyclist 0.00 0 -2.54 0.00 136.85 18.08 181.02 1.77 0.68 1.70 -25.24 0.33 29.30 -3.25 0.23
Car 0.00 0 -7.95 401.17 164.21 440.67 194.33 1.55 1.67 4.07 -10.36 1.10 39.22 -8.21 0.21
Pedestrian 0.00 0 -4.44 59.74 186.64 93.00 258.16 1.89 0.57 0.68 -14.60 2.28 19.68 -5.08 0.18
Car 0.00 0 -2.46 485.77 159.43 539.57 180.17 1.61 1.56 4.21 -7.82 0.57 57.66 -2.60 0.17
Pedestrian 0.00 0 -5.83 702.59 155.66 719.98 198.81 1.71 0.56 0.50 4.03 1.03 28.98 -5.69 0.11
Car 0.00 0 -7.53 470.57 159.80 505.51 180.35 1.75 1.77 4.29 -10.71 0.64 63.55 -7.70 0.11
