Car 0.00 0 -4.36 260.66 190.15 398.55 274.81 1.48 1.52 3.72 -5.80 1.89 15.25 -4.73 0.97
Car 0.00 0 -4.36 396.53 185.67 489.57 237.00 1.50 1.70 4.21 -5.55 1.97 24.34 -4.58 0.96
Car 0.00 0 -8.22 769.10 177.78 1035.46 341.05 1.57 1.64 4.10 3.27 1.65 9.14 -7.87 0.96
Car 0.00 0 -4.12 0.00 195.89 313.65 360.25 1.49 1.67 4.45 -5.77 1.87 9.45 -4.67 0.95
Car 0.00 0 -4.94 699.31 181.75 790.27 247.06 1.49 1.50 3.68 3.36 1.75 18.86 -4.77 0.95
Car 0.00 0 -8.59 933.19 200.24 1241.00 374.00 1.47 1.63 4.27 3.35 1.69 3.68 -7.85 0.94
Car 0.00 0 -8.01 655.21 179.74 702.47 215.93 1.54 1.60 3.72 3.08 1.87 33.28 -7.92 0.89
Car 0.00 0 -8.07 674.62 183.39 748.81 230.84 1.43 1.67 4.02 3.33 1.82 24.66 -7.94 0.77
Car 0.00 0 -5.30 0.00 185.68 29.43 264.22 1.55 1.54 4.15 -15.21 1.85 15.81 -6.06 0.59
Car 0.00 0 -4.53 486.68 182.71 525.41 212.16 1.48 1.44 3.69 -5.65 2.04 39.28 -4.67 0.54
Car 0.00 0 -4.41 280.08 176.33 334.56 205.84 1.41 1.46 4.00 -15.51 1.60 37.06 -4.81 0.52
Car 0.00 0 -7.57 297.99 173.70 348.40 201.34 1.53 1.71 3.93 -16.67 1.58 42.02 -7.95 0.34
Car 0.00 0 -4.31 61.28 154.18 136.86 192.37 1.86 1.75 4.03 -26.35 0.95 37.32 -4.92 0.32
Car 0.00 0 -4.74 228.70 179.22 275.08 219.32 1.47 1.55 4.20 -14.63 1.74 29.29 -5.21 0.26
Car 0.00 0 -4.51 501.97 181.95 537.54 208.04 1.50 1.53 3.39 -5.56 2.08 44.48 -4.63 0.22
Car 0.00 0 -4.93 650.56 178.67 698.01 211.20 1.59 1.65 4.10 3.31 1.92 38.24 -4.84 0.17
Pedestrian 0.00 0 -7.41 699.54 170.48 714.60 201.48 1.89 0.69 0.70 5.94 1.74 44.39 -7.28 0.17
Car 0.00 0 -2.62 526.53 175.98 579.23 194.76 1.60 1.60 4.42 -5.07 1.88 63.65 -2.70 0.16
Cyclist 0.00 0 -1.93 74.20 183.12 131.04 256.62 1.74 0.58 1.74 -12.74 2.01 18.03 -2.55 0.15
Car 0.00 0 -4.74 257.64 187.00 309.42 234.15 1.43 1.51 3.48 -11.35 1.95 24.89 -5.17 0.13
Car 0.00 0 -7.13 1106.81 134.12 1241.00 260.62 1.69 1.72 4.18 9.92 1.17 10.68 -6.38 0.12
Car 0.00 0 -4.57 802.47 183.87 851.44 220.86 1.50 1.58 3.85 9.78 2.03 32.51 -4.28 0.11
Car 0.00 0 -7.88 908.50 180.47 970.59 236.97 1.45 1.52 3.52 9.47 1.69 20.97 -7.45 0.11
Pedestrian 0.00 0 -4.80 58.36 179.70 104.73 274.66 1.78 0.66 0.84 -10.43 1.92 14.16 -5.44 0.11
Car 0.00 0 -4.79 319.60 183.09 367.43 222.85 1.48 1.56 3.71 -11.11 1.93 29.86 -5.15 0.11
