Car 0.00 0 -7.62 543.31 171.05 588.71 202.29 1.55 1.63 3.40 -1.80 1.03 37.42 -7.67 0.92
Car 0.00 0 -6.50 254.49 181.49 403.08 230.84 1.40 1.57 4.05 -8.40 1.40 22.17 -6.86 0.92
Car 0.00 0 -5.90 0.00 186.94 69.78 252.41 1.47 1.64 4.36 -16.18 1.62 17.90 -6.63 0.87
Car 0.00 0 -7.57 580.27 171.99 609.40 189.25 1.52 1.63 3.87 -0.53 0.68 65.41 -7.58 0.32
Car 0.00 0 -7.71 605.37 168.08 631.03 188.65 1.72 1.66 4.14 1.52 0.60 62.13 -7.69 0.32
Pedestrian 0.00 0 -7.90 378.82 174.13 397.52 215.77 1.67 0.70 0.52 -8.66 1.37 29.11 -8.19 0.30
Car 0.00 0 -4.37 420.43 175.93 459.87 195.27 1.46 1.67 4.32 -12.64 1.04 56.66 -4.59 0.19
Car 0.00 0 -5.12 963.91 121.41 1046.92 162.47 1.52 1.67 3.79 16.98 -0.86 30.43 -4.62 0.16
Pedestrian 0.00 0 -3.43 1015.49 144.53 1088.39 265.48 1.72 0.61 0.77 6.61 1.20 10.63 -2.87 0.15
Car 0.00 0 -6.78 1074.97 128.41 1188.16 164.02 1.52 1.59 3.85 24.03 -0.82 32.68 -6.14 0.13
Pedestrian 0.00 0 -3.11 823.60 144.18 915.21 326.88 1.78 0.50 0.86 2.71 1.42 7.41 -2.76 0.12
Pedestrian 0.00 0 -4.24 0.00 219.43 33.28 280.56 1.01 0.33 0.37 -10.11 1.68 12.36 -4.92 0.10
Pedestrian 0.00 0 -8.51 669.10 170.06 689.23 211.11 1.69 0.66 0.52 3.23 1.22 30.04 -8.40 0.10
