Car 0.00 0 -7.60 379.33 186.72 477.50 249.86 1.42 1.56 3.48 -4.43 1.47 18.05 -7.84 0.97
Car 0.00 0 -7.33 0.00 197.22 353.00 375.00 1.45 1.56 4.13 -4.08 1.61 7.07 -7.85 0.96
Car 0.00 0 -7.69 450.53 182.24 508.11 222.32 1.45 1.58 4.13 -4.97 1.34 28.08 -7.87 0.96
Car 0.00 0 -7.00 0.00 186.54 12.00 375.00 1.58 1.66 3.91 -8.32 1.60 7.05 -7.87 0.91
Car 0.00 0 -7.59 331.41 178.53 408.16 225.52 1.60 1.65 4.23 -8.73 1.37 26.59 -7.91 0.91
Car 0.00 0 -7.76 495.39 181.14 530.71 209.38 1.40 1.51 3.48 -4.92 1.20 37.42 -7.89 0.81
Car 0.00 0 -7.32 148.17 194.46 306.14 267.42 1.42 1.63 3.38 -8.40 1.65 16.11 -7.80 0.79
Car 0.00 0 -7.83 579.84 178.06 609.74 206.90 1.48 1.53 2.57 -0.69 1.11 38.16 -7.85 0.78
Car 0.00 0 -7.08 0.00 193.61 54.18 288.41 1.48 1.57 3.98 -12.82 1.66 13.54 -7.84 0.61
Car 0.00 0 -7.42 164.26 169.82 286.21 233.08 1.87 1.71 4.62 -12.38 1.41 23.56 -7.90 0.45
Car 0.00 0 -7.89 326.83 183.30 363.28 213.13 1.41 1.57 3.73 -13.23 1.32 36.01 -8.24 0.26
Pedestrian 0.00 0 -3.49 743.57 177.17 826.11 312.25 1.64 0.61 0.86 2.17 1.55 9.09 -3.26 0.23
Car 0.00 0 -2.83 407.63 180.10 471.91 204.84 1.51 1.55 3.60 -10.46 1.20 44.76 -3.06 0.21
Car 0.00 0 -4.33 387.39 183.42 450.92 215.29 1.41 1.55 3.88 -8.84 1.33 33.87 -4.58 0.21
Pedestrian 0.00 0 -8.02 757.78 175.07 778.65 224.60 1.76 0.66 0.48 5.71 1.40 25.77 -7.80 0.20
Car 0.00 0 -4.50 242.60 183.95 299.62 215.77 1.49 1.70 4.32 -16.82 1.44 36.04 -4.93 0.20
Pedestrian 0.00 0 -4.98 737.72 178.78 759.54 228.57 1.63 0.57 0.60 4.63 1.42 23.88 -4.79 0.15
Car 0.00 0 -4.86 616.86 177.23 646.31 198.77 1.58 1.63 4.34 1.77 1.00 55.11 -4.83 0.15
Car 0.00 0 -4.73 504.30 180.90 531.21 206.13 1.47 1.55 4.22 -5.58 1.22 44.04 -4.86 0.12
Car 0.00 0 -7.79 475.53 173.17 501.35 196.84 1.81 1.74 4.30 -9.46 0.89 57.14 -7.95 0.11
Car 0.00 0 -4.80 650.93 179.37 693.06 213.01 1.50 1.64 4.03 2.95 1.24 34.04 -4.71 0.10
