Car 0.00 0 -7.32 91.37 179.06 296.19 273.27 1.56 1.66 3.90 -7.78 1.46 13.89 -7.83 0.95
Car 0.00 0 -7.55 329.38 181.22 408.24 225.58 1.44 1.57 3.74 -8.31 1.31 25.18 -7.87 0.95
Car 0.00 0 -7.88 557.31 177.36 606.66 220.94 1.48 1.68 3.45 -1.03 1.22 26.23 -7.92 0.94
Car 0.00 0 -7.69 399.27 174.84 508.31 255.64 1.61 1.76 4.28 -3.42 1.40 16.50 -7.90 0.93
Car 0.00 0 -7.77 484.01 179.88 527.54 214.82 1.36 1.49 3.58 -4.22 1.16 29.90 -7.91 0.78
Car 0.00 0 -7.56 293.57 177.63 355.38 211.73 1.47 1.63 3.70 -12.91 1.14 32.87 -7.94 0.77
Car 0.00 0 -7.73 418.13 176.99 457.85 206.34 1.46 1.58 3.72 -8.90 1.06 37.79 -7.96 0.45
Car 0.00 0 -7.91 516.93 178.78 545.83 204.15 1.42 1.49 3.42 -4.52 1.06 41.96 -8.01 0.41
Car 0.00 0 -7.68 93.01 187.49 187.25 244.16 1.42 1.60 3.70 -13.05 1.49 20.18 -8.26 0.31
Car 0.00 0 -7.40 203.10 181.49 298.79 224.40 1.45 1.58 3.88 -12.97 1.33 26.30 -7.85 0.30
Car 0.00 0 -3.01 313.07 180.83 415.16 215.44 1.40 1.54 3.90 -10.21 1.23 30.26 -3.33 0.29
Pedestrian 0.00 0 -7.75 742.26 166.08 789.76 270.07 1.75 0.72 1.10 2.77 1.43 12.74 -7.54 0.15
Car 0.00 0 -4.87 548.73 177.78 587.71 205.45 1.52 1.60 4.21 -2.37 1.11 41.73 -4.93 0.12
Pedestrian 0.00 0 -4.90 873.12 165.45 916.39 263.09 1.67 0.59 0.67 4.99 1.33 12.66 -4.53 0.12
Cyclist 0.00 0 -5.91 36.03 174.46 114.12 231.24 1.70 0.71 1.80 -16.43 1.38 22.15 -6.55 0.10
Car 0.00 0 -4.79 609.72 172.87 636.62 197.12 1.74 1.68 4.10 1.10 0.86 53.68 -4.77 0.10
