Car 0.00 0 -3.03 27.11 192.72 286.74 289.51 1.47 1.71 3.81 -8.05 1.87 13.16 -3.57 0.95
Car 0.00 0 -4.57 405.72 187.49 484.61 245.98 1.44 1.65 4.35 -4.74 1.91 21.07 -4.80 0.95
Car 0.00 0 -7.98 442.01 178.08 473.71 202.78 1.62 1.69 3.91 -10.71 2.01 50.47 -8.19 0.74
Pedestrian 0.00 0 -6.22 306.71 169.95 316.82 207.06 2.00 0.52 0.48 -16.27 1.85 39.27 -6.61 0.33
Pedestrian 0.00 0 -3.05 758.35 172.61 785.65 239.54 1.70 0.45 0.65 4.14 1.69 18.62 -2.83 0.28
Cyclist 0.00 0 -2.98 302.01 172.98 338.05 205.71 1.87 0.60 1.87 -16.84 1.88 41.84 -3.36 0.23
Pedestrian 0.00 0 -5.18 730.93 164.19 769.58 240.44 1.85 0.62 0.87 3.44 1.64 17.98 -4.99 0.21
Pedestrian 0.00 0 -3.76 851.42 161.30 875.88 230.65 1.86 0.51 0.41 6.85 1.55 19.62 -3.43 0.17
Pedestrian 0.00 0 -7.84 249.74 180.95 276.20 243.11 1.88 0.73 0.77 -10.82 2.13 22.41 -8.29 0.16
Pedestrian 0.00 0 -3.23 324.48 175.87 334.59 224.86 1.95 0.47 0.34 -11.33 2.07 29.04 -3.60 0.15
Pedestrian 0.00 0 -7.94 197.53 182.11 233.79 261.98 1.77 0.68 0.58 -9.10 1.99 16.55 -8.44 0.13
Car 0.00 0 -7.89 439.58 175.77 460.88 195.45 1.54 1.55 3.58 -13.08 1.78 58.87 -8.11 0.12
Pedestrian 0.00 0 -7.51 72.63 180.99 118.95 267.75 1.81 0.66 0.58 -11.09 1.99 15.51 -8.13 0.12
Cyclist 0.00 0 -7.61 402.77 181.69 425.75 231.69 1.68 0.40 1.65 -6.91 2.00 25.37 -7.88 0.12
Pedestrian 0.00 0 -5.74 111.95 166.43 128.42 217.22 1.79 0.49 0.27 -17.52 1.57 25.75 -6.33 0.11
