Car 0.00 0 -7.47 54.13 190.28 445.83 374.00 1.44 1.64 3.89 -2.75 1.65 6.46 -7.88 0.98
Car 0.00 0 -7.96 652.17 172.83 705.28 213.39 1.41 1.56 3.80 2.46 1.41 27.05 -7.87 0.97
Car 0.00 0 -8.47 826.34 190.67 1241.00 374.00 1.51 1.63 3.85 2.63 1.66 4.09 -7.90 0.96
Car 0.00 0 -8.22 737.43 150.61 1011.48 345.53 1.78 1.67 3.80 2.73 1.58 8.54 -7.91 0.95
Car 0.00 0 -4.55 441.08 174.73 540.42 245.91 1.49 1.66 4.42 -2.78 1.54 17.45 -4.71 0.95
Car 0.00 0 -4.67 548.94 167.05 578.59 194.99 1.63 1.66 3.94 -2.81 1.29 44.01 -4.74 0.64
Car 0.00 0 -4.79 633.60 170.00 668.26 197.64 1.46 1.59 4.12 2.19 1.31 40.16 -4.74 0.52
Pedestrian 0.00 0 -7.83 440.35 174.37 455.52 214.56 1.58 0.58 0.61 -6.49 1.64 28.73 -8.05 0.31
Pedestrian 0.00 0 -5.86 0.00 135.55 39.61 363.67 1.87 0.63 1.08 -5.89 1.57 6.39 -6.61 0.19
Car 0.00 0 -8.11 620.34 170.32 651.11 191.28 1.68 1.62 3.94 2.08 1.48 60.04 -8.07 0.19
Car 0.00 0 -7.65 566.56 171.39 593.94 191.37 1.60 1.57 3.53 -2.45 1.48 59.54 -7.69 0.17
Car 0.00 0 -8.20 833.98 164.54 988.60 254.24 1.58 1.61 3.97 5.87 1.43 14.68 -7.82 0.15
Pedestrian 0.00 0 -5.85 69.06 147.42 178.38 316.24 1.88 0.67 0.86 -5.71 1.60 8.44 -6.44 0.11
Car 0.00 0 -7.51 356.30 167.95 436.98 214.04 1.65 1.72 4.04 -8.19 1.48 27.91 -7.79 0.11
