Car 0.00 0 -4.42 475.41 184.17 563.81 242.99 1.42 1.48 3.52 -2.46 1.77 20.01 -4.54 0.97
Car 0.00 0 -3.88 0.00 217.39 228.02 374.00 1.45 1.74 4.62 -4.32 1.84 4.06 -4.70 0.91
Cyclist 0.00 0 -7.88 731.31 164.84 764.60 260.02 1.81 0.60 1.84 2.74 1.66 14.69 -7.70 0.90
Car 0.00 0 -4.44 627.82 176.34 670.45 204.53 1.59 1.60 3.75 2.36 1.81 43.36 -4.38 0.82
Car 0.00 0 -4.63 768.95 173.58 795.71 195.18 1.55 1.61 4.03 12.94 1.61 54.15 -4.39 0.48
Car 0.00 0 -7.67 648.39 175.52 682.80 201.96 1.66 1.59 3.78 3.68 1.84 47.67 -7.59 0.39
Pedestrian 0.00 0 -3.19 727.48 175.68 744.43 241.77 1.62 0.51 0.39 3.10 1.70 18.04 -3.02 0.32
Car 0.00 0 -4.51 679.06 176.10 708.56 195.43 1.43 1.53 3.93 6.53 1.69 56.14 -4.40 0.31
Car 0.00 0 -2.91 469.01 174.30 553.54 202.13 1.48 1.66 4.33 -5.41 1.56 39.58 -3.05 0.26
Car 0.00 0 -7.89 774.94 171.58 796.72 190.82 1.54 1.60 4.03 14.58 1.44 60.07 -7.66 0.16
Pedestrian 0.00 0 -4.72 987.24 149.01 1031.90 256.81 1.81 0.66 0.86 6.92 1.41 12.62 -4.22 0.16
Pedestrian 0.00 0 -4.64 262.73 194.45 294.31 276.36 1.46 0.49 0.64 -6.22 1.87 13.45 -5.07 0.12
