Car 0.00 0 -3.73 0.00 225.08 190.23 373.00 1.60 1.64 3.70 -3.05 1.84 1.99 -4.72 0.95
Cyclist 0.00 0 -4.75 451.76 163.22 476.65 229.94 1.80 0.62 1.73 -3.91 1.31 20.25 -4.94 0.86
Pedestrian 0.00 0 -8.55 742.13 159.61 823.45 297.44 1.78 0.65 0.91 2.42 1.50 9.84 -8.30 0.82
Cyclist 0.00 0 -4.53 397.56 163.74 434.90 241.74 1.81 0.58 1.75 -4.55 1.40 17.60 -4.78 0.65
Pedestrian 0.00 0 -7.42 0.00 174.37 5.74 373.00 1.77 0.74 0.78 -5.18 1.72 5.42 -8.18 0.61
Pedestrian 0.00 0 -4.21 368.21 164.24 393.20 210.52 1.79 0.63 0.81 -8.70 1.12 28.26 -4.51 0.57
Cyclist 0.00 0 -3.26 675.12 156.08 712.87 195.00 1.76 0.65 1.65 4.22 0.61 32.87 -3.13 0.54
Pedestrian 0.00 0 -5.16 0.00 156.79 7.76 334.57 1.90 0.78 0.70 -7.48 1.64 8.18 -5.90 0.53
Pedestrian 0.00 0 -6.44 1098.47 159.63 1205.53 373.00 1.75 0.71 0.62 4.64 1.58 6.17 -5.80 0.53
Pedestrian 0.00 0 -4.93 643.45 161.09 677.26 229.74 1.78 0.71 0.91 1.53 1.25 19.12 -4.85 0.45
Car 0.00 0 -5.20 919.75 173.13 1105.35 249.49 1.43 1.70 4.19 8.62 1.28 15.60 -4.69 0.45
Cyclist 0.00 0 -7.79 601.15 158.91 663.12 284.27 1.80 0.86 1.83 0.48 1.48 11.26 -7.75 0.41
Car 0.00 0 -5.23 1075.09 173.14 1237.00 289.39 1.48 1.54 3.44 8.89 1.38 10.99 -4.55 0.35
Pedestrian 0.00 0 -8.00 716.46 168.07 746.05 229.18 1.61 0.68 0.75 3.45 1.26 19.33 -7.82 0.30
Pedestrian 0.00 0 -8.16 563.66 168.62 593.18 228.80 1.63 0.61 0.80 -0.68 1.29 19.98 -8.19 0.30
Car 0.00 0 -6.37 744.77 172.40 933.30 241.45 1.48 1.61 3.97 5.34 1.29 16.66 -6.06 0.24
Pedestrian 0.00 0 -4.10 437.78 158.96 456.21 193.71 1.87 0.61 0.84 -8.43 0.66 39.23 -4.31 0.22
Pedestrian 0.00 0 -3.75 601.89 159.69 611.29 189.72 1.79 0.50 0.33 0.31 0.49 43.13 -3.75 0.22
Pedestrian 0.00 0 -8.06 592.93 156.10 608.14 193.66 1.88 0.64 0.71 -0.06 0.61 36.45 -8.07 0.20
Pedestrian 0.00 0 -7.52 419.11 164.33 432.90 193.22 1.73 0.63 0.66 -10.58 0.70 43.35 -7.76 0.18
Car 0.00 0 -4.52 501.47 162.38 531.52 183.41 1.60 1.63 3.97 -6.64 0.15 56.72 -4.64 0.18
Car 0.00 0 -6.39 720.90 171.51 849.24 223.27 1.43 1.57 3.46 5.22 1.16 20.89 -6.14 0.16
Pedestrian 0.00 0 -4.53 381.81 156.21 410.48 221.98 1.90 0.65 1.03 -6.10 1.17 21.28 -4.81 0.16
Pedestrian 0.00 0 -3.76 1059.72 139.34 1082.19 200.01 1.88 0.53 0.34 14.67 0.57 22.49 -3.18 0.16
Cyclist 0.00 0 -7.80 31.35 190.20 86.04 304.51 1.55 0.56 1.67 -8.13 1.70 10.74 -8.45 0.16
Pedestrian 0.00 0 -7.93 479.64 165.08 488.62 189.60 1.78 0.60 0.66 -8.57 0.59 52.56 -8.09 0.14
Car 0.00 0 -4.64 530.99 166.74 570.97 198.72 1.51 1.68 4.46 -2.48 0.81 36.08 -4.71 0.14
Car 0.00 0 -7.98 913.43 149.74 998.59 214.96 1.76 1.75 4.27 10.53 0.90 21.67 -7.53 0.13
Pedestrian 0.00 0 -7.87 582.59 162.00 610.74 246.48 1.80 0.60 1.01 -0.15 1.38 15.80 -7.88 0.13
Car 0.00 0 -5.24 1119.37 159.93 1237.00 241.59 1.55 1.63 4.17 13.41 1.14 15.84 -4.54 0.12
Car 0.00 0 -6.29 910.78 189.65 1237.00 358.44 1.42 1.60 4.05 5.74 1.53 8.01 -5.67 0.12
Car 0.00 0 -6.38 539.64 159.40 634.05 196.69 1.66 1.69 4.21 -0.72 0.68 33.13 -6.40 0.12
Car 0.00 0 -4.46 435.19 166.13 472.70 188.74 1.52 1.59 4.14 -10.27 0.49 50.35 -4.66 0.12
Pedestrian 0.00 0 -5.63 285.16 170.50 315.39 216.93 1.54 0.59 0.74 -10.20 1.18 24.28 -6.02 0.11
Pedestrian 0.00 0 -7.97 290.89 165.43 306.63 212.17 1.73 0.50 0.40 -11.33 1.13 26.84 -8.37 0.11
Pedestrian 0.00 0 -4.14 296.95 162.58 328.52 217.68 1.74 0.61 0.80 -9.34 1.15 23.18 -4.52 0.11
Pedestrian 0.00 0 -5.99 79.86 178.83 141.28 316.52 1.62 0.53 0.49 -6.03 1.59 8.77 -6.59 0.11
Pedestrian 0.00 0 -4.98 489.60 158.28 501.72 187.77 1.94 0.61 0.79 -7.02 0.41 47.73 -5.12 0.11
Cyclist 0.00 0 -7.46 317.23 171.28 345.24 216.13 1.56 0.37 1.56 -9.71 1.21 25.80 -7.82 0.10
Car 0.00 0 -8.05 420.38 170.80 471.29 205.14 1.46 1.55 3.78 -7.11 1.00 32.54 -8.26 0.10
Pedestrian 0.00 0 -5.28 218.90 166.67 261.28 239.92 1.74 0.54 0.88 -8.84 1.39 17.50 -5.74 0.10
