Car 0.00 0 -8.07 713.52 187.30 878.27 306.27 1.50 1.63 4.08 2.71 1.77 11.63 -7.85 0.97
Car 0.00 0 -4.35 15.29 198.14 416.88 374.00 1.51 1.67 3.61 -2.91 1.80 6.17 -4.79 0.93
Car 0.00 0 -7.59 306.60 188.54 486.52 310.65 1.49 1.65 4.15 -3.17 1.78 11.40 -7.86 0.92
Car 0.00 0 -7.79 495.13 187.89 549.76 235.49 1.40 1.58 3.85 -2.93 1.95 24.37 -7.91 0.91
Car 0.00 0 -7.96 632.96 181.49 663.00 206.87 1.48 1.50 3.66 2.30 2.04 45.10 -7.91 0.88
Car 0.00 0 -8.05 687.55 191.22 788.29 263.63 1.40 1.59 3.74 2.80 1.88 16.81 -7.88 0.88
Car 0.00 0 -8.07 658.50 185.41 737.64 240.83 1.47 1.60 3.89 2.54 1.89 22.05 -7.95 0.85
Car 0.00 0 -8.00 655.29 177.86 714.77 229.67 1.75 1.64 3.68 2.65 1.94 26.57 -7.90 0.78
Car 0.00 0 -4.63 531.14 182.05 569.58 217.75 1.60 1.55 3.96 -2.90 2.07 35.24 -4.71 0.77
Car 0.00 0 -4.59 562.71 181.72 587.06 200.36 1.50 1.62 3.95 -3.01 2.29 62.01 -4.64 0.36
Car 0.00 0 -4.64 627.40 179.24 651.14 199.87 1.57 1.62 3.97 2.36 2.10 58.11 -4.60 0.31
Pedestrian 0.00 0 -4.82 321.97 180.77 348.92 244.56 1.78 0.64 0.78 -7.93 2.01 20.70 -5.18 0.19
Cyclist 0.00 0 -3.72 0.00 161.17 12.12 374.00 1.78 0.78 1.87 -5.94 1.70 5.58 -4.53 0.17
Pedestrian 0.00 0 -5.92 283.66 168.53 347.98 270.79 1.87 0.64 0.95 -5.54 1.79 13.50 -6.31 0.17
Car 0.00 0 -4.58 595.31 183.10 621.91 202.32 1.46 1.66 4.05 -0.10 2.34 59.34 -4.58 0.13
Pedestrian 0.00 0 -7.67 718.00 170.35 736.49 215.95 1.94 0.66 0.76 5.02 1.83 31.12 -7.51 0.10
Cyclist 0.00 0 -3.30 508.91 175.96 535.30 202.54 1.86 0.63 1.78 -6.27 2.08 51.22 -3.42 0.10
