Car 0.00 0 -7.91 592.13 177.30 626.76 205.85 1.51 1.73 4.18 -0.12 1.77 40.91 -7.91 0.79
Pedestrian 0.00 0 -5.27 421.20 182.50 558.72 374.00 1.67 0.60 0.62 -0.80 1.74 4.47 -5.45 0.36
Cyclist 0.00 0 -5.46 996.14 149.74 1104.24 262.73 1.68 0.51 1.62 6.96 1.34 11.59 -4.92 0.26
Car 0.00 0 -5.63 1094.99 181.49 1241.00 241.52 1.47 1.63 3.96 16.13 1.74 20.45 -4.96 0.26
Cyclist 0.00 0 -7.36 266.47 180.04 302.98 228.38 1.66 0.46 1.67 -11.68 1.92 25.85 -7.79 0.19
Pedestrian 0.00 0 -8.63 771.99 164.11 813.19 233.04 1.76 0.63 0.86 4.73 1.53 18.92 -8.38 0.19
Pedestrian 0.00 0 -3.26 1189.45 130.62 1241.00 374.00 1.72 0.56 0.68 4.61 1.44 5.24 -2.53 0.16
Pedestrian 0.00 0 -8.57 839.52 155.90 856.42 191.49 1.84 0.70 0.48 12.41 0.97 37.73 -8.25 0.13
Car 0.00 0 -4.86 1038.85 151.92 1076.48 177.41 1.73 1.68 3.98 31.65 0.31 51.14 -4.31 0.13
Pedestrian 0.00 0 -4.22 1136.79 129.70 1241.00 350.00 1.74 0.56 0.89 5.01 1.40 6.14 -3.54 0.12
Pedestrian 0.00 0 -2.20 260.48 175.41 331.33 306.89 1.69 0.62 0.63 -4.27 1.72 9.70 -2.61 0.11
Pedestrian 0.00 0 -5.70 972.18 154.88 987.18 181.59 1.78 0.64 0.66 24.85 0.58 48.56 -5.22 0.10
Car 0.00 0 -8.17 691.72 172.52 722.51 191.70 1.76 1.71 4.04 9.13 1.73 68.25 -8.04 0.10
