Car 0.00 0 -7.59 269.89 192.49 374.39 255.68 1.46 1.61 4.00 -7.52 1.68 19.20 -7.97 0.98
Car 0.00 0 -7.40 0.00 192.84 256.81 338.24 1.63 1.64 3.93 -6.67 1.76 10.30 -7.97 0.97
Car 0.00 0 -7.80 676.10 182.63 737.25 235.87 1.54 1.71 3.55 3.16 1.47 22.77 -7.66 0.96
Car 0.00 0 -7.45 150.17 196.74 272.07 254.78 1.49 1.68 4.14 -11.68 1.87 21.41 -7.95 0.84
Car 0.00 0 -7.37 0.00 207.03 69.42 273.08 1.42 1.53 3.59 -15.81 2.05 18.66 -8.07 0.72
Car 0.00 0 -7.71 341.29 188.78 379.09 214.97 1.40 1.53 3.70 -14.06 1.61 40.88 -8.04 0.70
Car 0.00 0 -7.66 262.60 195.29 321.93 233.47 1.39 1.56 3.43 -12.70 1.83 29.03 -8.07 0.69
Car 0.00 0 -7.63 242.09 190.39 293.65 219.47 1.40 1.58 3.96 -17.71 1.69 37.55 -8.07 0.57
Cyclist 0.00 0 -6.88 834.74 173.00 873.81 209.58 1.79 0.62 1.80 12.23 1.19 35.76 -6.56 0.49
Car 0.00 0 -4.62 763.17 179.71 792.57 201.86 1.50 1.68 3.90 12.02 1.13 50.75 -4.39 0.49
Car 0.00 0 -4.75 572.50 175.53 597.10 198.66 1.66 1.68 3.67 -1.75 0.96 53.35 -4.78 0.36
Cyclist 0.00 0 -7.39 765.90 178.33 799.97 227.48 1.71 0.54 1.58 6.25 1.47 25.78 -7.16 0.24
Pedestrian 0.00 0 -7.66 950.55 168.92 997.03 271.72 1.86 0.64 0.80 6.84 1.57 13.53 -7.19 0.19
Cyclist 0.00 0 -7.60 641.06 178.38 651.42 202.15 1.66 0.36 1.54 2.71 1.18 50.88 -7.55 0.19
Car 0.00 0 -7.87 461.21 181.60 480.56 200.49 1.56 1.57 3.59 -11.70 1.26 61.28 -8.06 0.14
Cyclist 0.00 0 -6.79 73.13 190.61 129.67 231.90 1.67 0.69 1.85 -21.37 1.91 30.33 -7.41 0.13
Pedestrian 0.00 0 -8.44 674.09 179.36 687.52 205.34 1.67 0.61 0.65 4.71 1.29 46.56 -8.34 0.12
Car 0.00 0 -4.99 533.83 176.64 569.28 199.73 1.69 1.68 3.87 -4.33 1.06 54.68 -5.07 0.12
Car 0.00 0 -4.61 718.94 177.70 749.45 201.16 1.58 1.71 4.21 8.92 1.07 50.59 -4.44 0.12
Pedestrian 0.00 0 -3.60 531.85 182.79 547.98 214.23 1.56 0.55 0.63 -3.44 1.44 36.09 -3.70 0.12
Pedestrian 0.00 0 -7.99 552.94 179.20 569.86 214.28 1.76 0.79 0.53 -2.38 1.46 36.33 -8.05 0.11
