Car 0.00 0 -8.07 739.41 174.99 857.36 251.82 1.42 1.58 4.11 3.84 1.47 15.53 -7.82 0.96
Car 0.00 0 -8.37 890.91 176.27 1241.00 374.00 1.50 1.60 3.69 3.21 1.53 4.79 -7.78 0.92
Car 0.00 0 -7.75 567.11 179.97 616.38 216.46 1.39 1.66 4.37 -0.74 1.72 30.62 -7.78 0.90
Car 0.00 0 -7.85 599.25 176.47 628.81 205.42 1.48 1.53 3.39 0.18 1.69 39.11 -7.85 0.66
Car 0.00 0 -7.81 471.47 180.38 519.70 222.75 1.46 1.65 3.95 -4.36 1.77 27.63 -7.97 0.31
Cyclist 0.00 0 -4.83 826.20 165.19 848.08 217.94 1.72 0.51 1.69 7.64 1.47 24.44 -4.53 0.29
Car 0.00 0 -7.44 697.24 171.46 751.03 199.00 1.57 1.66 4.12 6.86 1.49 43.26 -7.28 0.25
Car 0.00 0 -5.11 693.43 177.08 767.20 218.78 1.44 1.55 3.39 4.42 1.61 27.19 -4.94 0.24
Pedestrian 0.00 0 -3.74 747.38 158.27 781.28 220.18 1.86 0.65 0.79 4.68 1.42 22.11 -3.53 0.21
Pedestrian 0.00 0 -3.81 935.80 146.26 997.96 255.14 1.81 0.56 0.77 6.04 1.37 12.33 -3.35 0.16
Pedestrian 0.00 0 -7.71 840.91 169.36 854.16 204.13 1.79 0.60 0.43 12.27 1.61 37.37 -7.40 0.14
Pedestrian 0.00 0 -4.94 549.30 168.54 566.15 206.83 1.90 0.65 0.95 -2.68 1.69 36.43 -5.01 0.13
